# field phot_id z_best_s use_phot use_zgrism z_best z_best_l95 z_best_l68 z_best_u68 z_best_u95 sfr sfr_IR sfr_UV L_IR L_UV flag z_sfr z_type f24tot ef24tot L_1600 L_2800 beta Ha_FLUX Ha_FLUX_ERR Ha_EQW Ha_EQW_ERR number grism_id z_max_grism
# Author: I. Momcheva (Sat Oct  3 21:18:14 2015)
aegis 28377 2 1 1 0.8617 0.8545 0.8581 0.8638 0.8677 0.027871 -99.0 0.027871 -99.0 116220000.0 2.0 0.6793 2.0 -7.992 14.18 4522100.0 77483000.0 3.23 1.75 0.81 174.71 87.09 28377 aegis-14-G141_28377 0.86172
aegis 5968 3 1 0 0.7765 0.681 0.711 0.836 1.024 0.0083482 -99.0 0.0083482 -99.0 34813000.0 2.0 0.7765 3.0 -7.447 14.25 35846000.0 23209000.0 -2.13 -99.0 -99.0 -99.0 -99.0 5968 00000 -1.0
aegis 39716 1 1 0 0.7803 -1.0 -1.0 -1.0 -1.0 0.024984 0.01377 0.011214 126330000.0 46766000.0 0.0 0.0873 1.0 79.27 13.8 52709000.0 31177000.0 -1.85 -99.0 -99.0 -99.0 -99.0 39716 aegis-27-G141_39716 -1.0
aegis 11781 3 1 0 0.6482 0.605 0.619 0.678 0.717 0.16926 -99.0 0.16926 -99.0 705850000.0 2.0 0.6482 3.0 -4.134 18.11 256520000.0 470560000.0 -0.08 -99.0 -99.0 -99.0 -99.0 11781 00000 -1.0
aegis 2642 3 1 0 0.6357 0.575 0.595 0.678 0.717 0.1645 -99.0 0.1645 -99.0 685970000.0 2.0 0.6357 3.0 -45.6 12.98 191720000.0 457310000.0 0.28 -99.0 -99.0 -99.0 -99.0 2642 00000 -1.0
aegis 21773 2 1 1 0.7692 0.7598 0.7642 0.7723 0.7759 0.10595 -99.0 0.10595 -99.0 441820000.0 2.0 0.6698 2.0 -8.723 16.35 113410000.0 294550000.0 0.53 -1.14 0.88 -9.63 7.43 21773 aegis-14-G141_21773 0.76915
aegis 34890 3 1 0 0.7815 0.679 0.743 0.823 0.855 0.1367 -99.0 0.1367 -99.0 570080000.0 2.0 0.7815 3.0 -27.53 16.29 25772000.0 380050000.0 3.77 -99.0 -99.0 -99.0 -99.0 34890 00000 -1.0
aegis 18324 1 1 1 0.8446 -1.0 -1.0 -1.0 -1.0 0.060421 0.049111 0.01131 450560000.0 47164000.0 0.0 0.0673 1.0 506.6 10.64 45168000.0 31443000.0 -1.61 64.69 1.16 123.6 2.37 18324 aegis-25-G141_18324 0.84412
aegis 38073 1 1 0 0.8082 -1.0 -1.0 -1.0 -1.0 0.5102 -99.0 0.5102 -99.0 2127600000.0 2.0 0.7895 1.0 -11.16 15.06 329290000.0 1418400000.0 1.4 2.88 1.53 7.63 4.07 38073 aegis-23-G141_38073 0.78247
aegis 39920 1 1 1 0.7372 -1.0 -1.0 -1.0 -1.0 0.52184 -99.0 0.52184 -99.0 2176100000.0 2.0 0.7106 1.0 -9.516 11.67 344290000.0 1450800000.0 1.01 3.22 1.58 6.4 3.13 39920 aegis-11-G141_39920 0.73585
aegis 39989 3 1 0 0.7056 0.63 0.652 0.765 0.798 0.85583 -99.0 0.85583 -99.0 3568900000.0 2.0 0.7056 3.0 -5.004 14.65 886130000.0 2379300000.0 0.33 -99.0 -99.0 -99.0 -99.0 39989 00000 -1.0
aegis 232 3 1 0 0.6693 0.619 0.634 0.707 0.754 0.25651 -99.0 0.25651 -99.0 1069700000.0 2.0 0.6693 3.0 -10.12 20.88 325240000.0 713130000.0 0.13 -99.0 -99.0 -99.0 -99.0 232 00000 -1.0
aegis 2634 1 1 1 0.8171 -1.0 -1.0 -1.0 -1.0 0.43805 -99.0 0.43805 -99.0 1826700000.0 2.0 0.7665 1.0 -20.33 18.93 115840000.0 1217800000.0 3.03 -0.19 1.28 -0.59 4.06 2634 aegis-18-G141_02634 0.81757
aegis 36173 3 1 0 0.7077 0.656 0.673 0.744 0.774 0.26852 -99.0 0.26852 -99.0 1119700000.0 2.0 0.7077 3.0 -17.35 13.86 133390000.0 746500000.0 2.1 -99.0 -99.0 -99.0 -99.0 36173 00000 -1.0
aegis 1774 3 1 0 0.5603 0.5 0.522 0.598 0.627 0.46443 -99.0 0.46443 -99.0 1936700000.0 2.0 0.5603 3.0 -3.835 19.59 476720000.0 1291200000.0 0.44 -99.0 -99.0 -99.0 -99.0 1774 00000 -1.0
aegis 9849 3 1 0 0.7366 0.689 0.706 0.768 0.789 2.7385 0.77938 1.9591 7150300000.0 8169700000.0 0.0 0.7366 3.0 24.25 13.54 1933700000.0 5446400000.0 0.38 -99.0 -99.0 -99.0 -99.0 9849 00000 -1.0
aegis 38161 3 1 0 0.7868 0.727 0.749 0.823 0.847 1.1707 0.18851 0.98221 1729500000.0 4096000000.0 1.0 0.7868 3.0 5.117 12.9 806040000.0 2730600000.0 0.47 -99.0 -99.0 -99.0 -99.0 38161 00000 -1.0
aegis 18616 3 1 0 0.5359 0.447 0.49 0.581 0.619 0.071299 -99.0 0.071299 -99.0 297330000.0 2.0 0.5359 3.0 -25.54 12.82 138460000.0 198220000.0 -0.41 -99.0 -99.0 -99.0 -99.0 18616 aegis-14-G141_18616 0.4127
aegis 38047 2 1 1 0.6871 0.6648 0.6763 0.7776 0.8219 0.14024 -99.0 0.14024 -99.0 584820000.0 2.0 0.7701 2.0 -15.87 8.933 76546000.0 389880000.0 2.22 2.06 1.68 72.99 60.81 38047 aegis-11-G141_38047 0.68708
aegis 21559 3 1 0 0.9101 0.757 0.811 1.001 1.051 0.045422 -99.0 0.045422 -99.0 189420000.0 2.0 0.9101 3.0 -7.128 12.38 6579600.0 126280000.0 4.01 2.13 0.65 153.16 51.12 21559 aegis-01-G141_21559 0.99971
aegis 11864 2 1 1 0.6537 0.5097 0.5285 0.6531 0.6726 0.057538 -99.0 0.057538 -99.0 239940000.0 2.0 0.5827 2.0 -10.4 13.89 61555000.0 159960000.0 0.54 7.25 3.2 171.8 78.93 11864 aegis-28-G141_11864 0.65367
aegis 16223 3 1 0 0.5727 0.527 0.546 0.6 0.62 0.14247 0.072799 0.069668 667880000.0 290530000.0 1.0 0.5727 3.0 3.78 12.15 53175000.0 193680000.0 1.03 -99.0 -99.0 -99.0 -99.0 16223 aegis-30-G141_16223 0.43979
aegis 7936 3 1 0 0.7255 0.643 0.681 0.771 0.815 0.044972 -99.0 0.044972 -99.0 187540000.0 2.0 0.7255 3.0 -36.96 12.75 8611100.0 125030000.0 3.23 -99.0 -99.0 -99.0 -99.0 7936 00000 -1.0
aegis 27055 3 1 0 0.9893 0.804 0.947 1.039 1.129 0.27946 -99.0 0.27946 -99.0 1165400000.0 2.0 0.9893 3.0 -21.39 13.92 301030000.0 776920000.0 0.88 -99.0 -99.0 -99.0 -99.0 27055 00000 -1.0
aegis 9250 3 1 0 0.6984 0.554 0.646 0.753 0.798 0.53154 0.34885 0.18269 3200500000.0 761830000.0 1.0 0.6984 3.0 12.21 14.09 416050000.0 507890000.0 -0.57 -99.0 -99.0 -99.0 -99.0 9250 00000 -1.0
aegis 10728 3 1 0 0.6018 0.521 0.558 0.647 0.685 0.37826 0.2764 0.10185 2535800000.0 424750000.0 1.0 0.6018 3.0 12.84 14.17 134660000.0 283160000.0 0.12 -99.0 -99.0 -99.0 -99.0 10728 00000 -1.0
aegis 24965 2 1 1 0.7402 0.6932 0.7213 0.7484 0.757 0.10713 -99.0 0.10713 -99.0 446750000.0 2.0 0.6856 2.0 -41.34 11.14 163360000.0 297830000.0 -0.06 -0.13 1.08 -1.7 14.17 24965 aegis-08-G141_24965 0.7402
aegis 12378 3 1 0 0.9737 0.903 0.936 1.013 1.047 1.5718 1.2204 0.35142 11196000000.0 1465500000.0 0.0 0.9737 3.0 21.1 14.48 339340000.0 976980000.0 0.3 -99.0 -99.0 -99.0 -99.0 12378 00000 -1.0
aegis 16317 3 1 0 0.6545 0.608 0.625 0.685 0.711 2.9391 2.3788 0.56027 21824000000.0 2336400000.0 0.0 0.6545 3.0 94.68 12.84 693790000.0 1557600000.0 0.07 -99.0 -99.0 -99.0 -99.0 16317 00000 -1.0
aegis 2801 1 1 1 0.5762 -1.0 -1.0 -1.0 -1.0 1.2775 0.95588 0.3216 8769600000.0 1341100000.0 0.0 0.5582 1.0 52.94 16.93 461010000.0 894080000.0 -0.08 -99.0 -99.0 -99.0 -99.0 2801 aegis-07-G141_02801 0.58328
aegis 17442 2 1 1 0.7385 0.7269 0.7326 0.7415 0.7458 0.99077 0.55557 0.4352 5097000000.0 1814900000.0 1.0 0.6633 2.0 21.57 30.42 487240000.0 1209900000.0 0.24 -1.08 1.46 -2.96 3.98 17442 aegis-14-G141_17442 0.73846
aegis 17534 3 1 0 0.7022 0.634 0.657 0.749 0.783 2.2282 1.9458 0.28239 17851000000.0 1177600000.0 0.0 0.7022 3.0 67.28 15.57 186640000.0 785080000.0 1.07 -99.0 -99.0 -99.0 -99.0 17534 00000 -1.0
aegis 23752 1 1 1 0.7454 -1.0 -1.0 -1.0 -1.0 3.8611 3.4901 0.37102 32019000000.0 1547200000.0 0.0 0.7079 1.0 118.5 9.98 181290000.0 1031500000.0 2.06 1.64 1.66 3.85 3.91 23752 aegis-08-G141_23752 0.73933
aegis 7125 3 1 0 0.7322 0.675 0.704 0.762 0.782 4.5923 3.359 1.2333 30817000000.0 5143000000.0 0.0 0.7322 3.0 105.9 18.27 1419600000.0 3428600000.0 0.17 -99.0 -99.0 -99.0 -99.0 7125 00000 -1.0
aegis 1061 2 1 1 0.9828 0.9838 0.9838 0.9843 0.9855 1.7971 0.91498 0.88208 8394400000.0 3678400000.0 1.0 1.0419 2.0 12.26 18.32 783120000.0 2452300000.0 0.64 0.86 0.83 3.0 2.92 1061 aegis-26-G141_01061 0.98278
aegis 36600 1 1 1 0.9754 -1.0 -1.0 -1.0 -1.0 2.6223 1.1387 1.4836 10447000000.0 6186900000.0 0.0 0.9304 1.0 22.91 11.88 337240000.0 4124600000.0 3.41 3.77 1.41 6.34 2.38 36600 aegis-22-G141_36600 0.97092
aegis 38285 3 1 0 0.6939 0.621 0.656 0.733 0.755 1.9127 0.8339 1.0788 7650500000.0 4498600000.0 0.0 0.6939 3.0 29.61 11.25 1108900000.0 2999000000.0 0.32 -99.0 -99.0 -99.0 -99.0 38285 00000 -1.0
aegis 38278 2 1 1 0.7315 0.7283 0.7299 0.733 0.7346 3.2768 2.1029 1.1739 19292000000.0 4895400000.0 0.0 0.6976 2.0 73.79 10.52 1432700000.0 3263600000.0 0.07 -0.5 1.7 -0.49 1.64 38278 aegis-11-G141_38278 0.73152
aegis 5465 3 1 0 0.5483 0.497 0.514 0.583 0.618 1.2757 0.25953 1.0162 2381000000.0 4237500000.0 1.0 0.5483 3.0 15.04 20.05 1220400000.0 2825000000.0 0.17 -99.0 -99.0 -99.0 -99.0 5465 00000 -1.0
aegis 36527 3 1 0 0.9258 0.824 0.863 0.987 1.019 0.78382 0.23385 0.54997 2145400000.0 2293500000.0 1.0 0.9258 3.0 4.776 14.29 2424400000.0 1529000000.0 -1.76 6.55 0.57 584.91 68.01 36527 aegis-23-G141_36527 0.97684
aegis 39965 1 1 1 0.9628 -1.0 -1.0 -1.0 -1.0 2.1292 0.46891 1.6603 4301900000.0 6923500000.0 1.0 0.9441 1.0 9.013 12.33 8006200000.0 4615700000.0 -1.93 9.02 2.06 297.55 74.19 39965 aegis-22-G141_39965 0.94546
aegis 13148 3 1 0 0.6028 0.522 0.566 0.642 0.667 0.94675 0.3689 0.57785 3384400000.0 2409700000.0 1.0 0.6028 3.0 17.08 34.25 2342800000.0 1606500000.0 -1.62 -99.0 -99.0 -99.0 -99.0 13148 00000 -1.0
aegis 17500 3 1 0 0.9514 0.846 0.89 1.006 1.036 1.1753 0.42519 0.75009 3900900000.0 3128000000.0 1.0 0.9514 3.0 7.963 11.25 2821100000.0 2085300000.0 -1.48 -99.0 -99.0 -99.0 -99.0 17500 00000 -1.0
aegis 30642 3 1 0 0.99 0.889 0.94 1.04 1.076 0.88924 -99.0 0.88924 -99.0 3708300000.0 2.0 0.99 3.0 -39.73 15.36 3790100000.0 2472200000.0 -1.73 -99.0 -99.0 -99.0 -99.0 30642 00000 -1.0
aegis 13273 2 1 1 0.6812 0.6754 0.6796 0.701 0.7104 7.2082 5.4157 1.7926 49685000000.0 7475200000.0 0.0 0.7137 2.0 180.5 21.01 5948900000.0 4983500000.0 -1.31 -99.0 -99.0 -99.0 -99.0 13273 aegis-26-G141_13273 0.68119
aegis 31698 3 1 0 0.9887 0.906 0.959 1.025 1.043 3.1212 0.98732 2.1338 9058000000.0 8898400000.0 1.0 0.9887 3.0 16.15 147.2 6402600000.0 5932300000.0 -1.13 -99.0 -99.0 -99.0 -99.0 31698 00000 -1.0
aegis 1407 3 1 0 0.6364 0.59 0.608 0.665 0.685 1.5526 0.50087 1.0518 4595100000.0 4386000000.0 1.0 0.6364 3.0 20.97 49.46 2983700000.0 2924000000.0 -1.23 -99.0 -99.0 -99.0 -99.0 1407 00000 -1.0
aegis 40757 3 1 0 0.8347 0.808 0.813 0.857 0.862 28.951 27.978 0.97244 256680000000.0 4055200000.0 0.0 0.8347 3.0 700.6 21.36 514730000.0 2703500000.0 1.95 -99.0 -99.0 -99.0 -99.0 40757 00000 -1.0
aegis 4217 2 1 1 0.9739 0.9709 0.9722 0.9795 0.9811 10.235 9.7152 0.5196 89130000000.0 2166800000.0 0.0 0.9703 2.0 170.1 14.82 290830000.0 1444500000.0 1.89 8.78 1.09 59.28 7.5 4217 aegis-07-G141_04217 0.97388
aegis 39176 3 1 0 0.7572 0.686 0.722 0.792 0.824 15.84 11.854 3.9863 108750000000.0 16623000000.0 0.0 0.7572 3.0 347.4 12.81 12152000000.0 11082000000.0 -0.97 54.73 24.55 110.32 49.6 39176 aegis-11-G141_39176 0.6315
aegis 3654 1 1 0 0.6593 -1.0 -1.0 -1.0 -1.0 14.077 11.208 2.8691 102830000000.0 11965000000.0 0.0 0.6399 1.0 464.7 14.97 7716400000.0 7976500000.0 -1.15 -99.0 -99.0 -99.0 -99.0 3654 aegis-07-G141_03654 0.59839
aegis 8705 2 1 1 0.9907 0.9871 0.9891 0.9933 0.9953 33.638 29.866 3.7716 274000000000.0 15728000000.0 0.0 0.9738 2.0 516.2 14.21 8865100000.0 10485000000.0 -0.44 37.41 3.0 95.23 7.85 8705 aegis-30-G141_08705 0.99073
aegis 35455 3 1 0 0.9323 0.838 0.887 0.976 1.013 28.219 24.046 4.1723 220610000000.0 17399000000.0 0.0 0.9323 3.0 480.8 16.71 13124000000.0 11599000000.0 -1.23 -99.0 -99.0 -99.0 -99.0 35455 00000 -1.0
aegis 30084 2 1 1 0.9601 0.9524 0.9558 0.9633 0.9669 50.89 42.972 7.9176 394240000000.0 33017000000.0 0.0 0.68 2.0 1590.0 15.72 29849000000.0 22012000000.0 -1.68 1.74 2.4 1.48 2.05 30084 aegis-23-G141_30084 0.96011
aegis 31001 3 1 0 0.8272 0.785 0.802 0.853 0.861 96.955 92.468 4.4868 848330000000.0 18710000000.0 0.0 0.8272 3.0 2339.0 19.85 11034000000.0 12474000000.0 -0.59 -99.0 -99.0 -99.0 -99.0 31001 00000 -1.0
aegis 24275 2 1 1 0.7878 0.7807 0.7846 0.7923 0.7969 1.925 0.98426 0.94075 9029900000.0 3923100000.0 0.0 0.9069 2.0 21.32 15.65 3708400000.0 2615400000.0 -1.6 9.26 1.83 548.06 141.49 24275 aegis-16-G141_24275 0.78783
aegis 34300 1 1 1 0.7677 -1.0 -1.0 -1.0 -1.0 3.3103 1.9567 1.3536 17952000000.0 5644700000.0 1.0 0.832 1.0 49.17 97.35 5621400000.0 3763100000.0 -1.66 5.56 2.98 91.71 50.38 34300 aegis-20-G141_34300 0.91746
aegis 8433 2 1 1 0.7995 0.7966 0.7979 0.8007 0.802 2.0958 0.13714 1.9586 1258200000.0 8167800000.0 1.0 0.8505 2.0 3.367 17.12 9168100000.0 5445200000.0 -1.87 14.95 1.22 429.82 46.38 8433 aegis-28-G141_08433 0.79948
aegis 27743 1 1 1 0.6571 -1.0 -1.0 -1.0 -1.0 3.9167 1.858 2.0587 17046000000.0 8585000000.0 0.0 0.6024 1.0 86.14 15.08 9831800000.0 5723300000.0 -1.87 31.46 8.18 280.22 74.71 27743 aegis-23-G141_27743 0.65781
aegis 21185 2 1 1 0.7825 0.7769 0.7796 0.7844 0.7869 6.998 4.7143 2.2837 43250000000.0 9523500000.0 0.0 0.7529 2.0 139.9 7.889 7976800000.0 6349000000.0 -1.44 23.32 1.5 157.79 10.75 21185 aegis-01-G141_21185 0.78247
aegis 34460 1 1 1 0.8442 -1.0 -1.0 -1.0 -1.0 9.3938 7.6303 1.7636 70003000000.0 7354300000.0 0.0 0.894 1.0 171.3 22.54 6627700000.0 4902800000.0 -1.52 5.16 1.78 85.37 30.41 34460 aegis-05-G141_34460 0.85893
aegis 2075 2 1 1 0.9621 0.9516 0.9571 0.9702 0.977 5.5198 3.4234 2.0963 31408000000.0 8742000000.0 0.0 0.9419 2.0 66.32 13.92 8584600000.0 5828000000.0 -1.61 6.66 1.4 136.93 29.77 2075 aegis-06-G141_02075 0.96207
aegis 15612 2 1 1 0.7229 0.7071 0.716 0.7318 0.7391 5.136 2.7293 2.4067 25040000000.0 10036000000.0 0.0 0.7203 2.0 89.17 11.67 10810000000.0 6690800000.0 -1.8 -99.0 -99.0 -99.0 -99.0 15612 aegis-07-G141_15612 0.72288
aegis 6007 1 1 1 0.8207 -1.0 -1.0 -1.0 -1.0 12.219 11.125 1.0938 102060000000.0 4561100000.0 0.0 0.7329 1.0 350.0 13.45 1936000000.0 3040700000.0 -0.22 23.17 2.42 119.15 13.29 6007 aegis-02-G141_06007 0.81848
aegis 35477 1 1 1 0.8975 -1.0 -1.0 -1.0 -1.0 20.152 19.377 0.77529 177770000000.0 3233100000.0 0.0 0.8196 1.0 495.3 44.53 1154500000.0 2155400000.0 0.06 30.51 1.06 252.98 9.39 35477 aegis-19-G141_35477 0.89743
aegis 18536 1 1 1 0.7478 -1.0 -1.0 -1.0 -1.0 71.393 69.352 2.0409 636260000000.0 8510800000.0 0.0 0.9822 1.0 1162.0 16.37 1657200000.0 5673900000.0 1.51 27.2 2.74 75.49 7.8 18536 aegis-08-G141_18536 0.74456
aegis 32469 3 1 0 0.8349 0.808 0.813 0.857 0.862 71.052 69.983 1.0692 642040000000.0 4458900000.0 0.0 0.8349 3.0 1752.0 15.57 434000000.0 2972600000.0 2.26 -99.0 -99.0 -99.0 -99.0 32469 00000 -1.0
aegis 20497 1 1 1 0.9809 -1.0 -1.0 -1.0 -1.0 42.643 37.641 5.0017 345330000000.0 20858000000.0 0.0 1.0211 1.0 544.9 13.98 16791000000.0 13905000000.0 -1.3 34.14 1.79 156.49 8.5 20497 aegis-25-G141_20497 0.98476
aegis 7593 3 1 0 0.9724 0.857 0.907 1.036 1.073 9.2332 8.5476 0.68554 78419000000.0 2858800000.0 0.0 0.9724 3.0 148.5 10.47 2878600000.0 1905900000.0 -1.63 -99.0 -99.0 -99.0 -99.0 7593 00000 -1.0
aegis 4782 3 1 0 0.8841 0.753 0.803 0.965 1.003 6.8207 5.9686 0.85211 54758000000.0 3553400000.0 0.0 0.8841 3.0 137.6 115.6 3871300000.0 2368900000.0 -1.82 -99.0 -99.0 -99.0 -99.0 4782 00000 -1.0
aegis 37139 3 1 0 0.8608 0.795 0.82 0.898 0.941 17.547 15.407 2.1407 141340000000.0 8926900000.0 0.0 0.8608 3.0 372.8 16.15 9820000000.0 5951300000.0 -1.83 -99.0 -99.0 -99.0 -99.0 37139 00000 -1.0
aegis 19953 3 1 0 0.7609 0.687 0.721 0.803 0.843 7.4903 6.6753 0.81504 61241000000.0 3398800000.0 0.0 0.7609 3.0 193.6 39.09 2359200000.0 2265900000.0 -0.8 -99.0 -99.0 -99.0 -99.0 19953 00000 -1.0
aegis 10510 3 1 0 0.8213 0.773 0.788 0.852 0.926 7.7761 3.8931 3.883 35717000000.0 16193000000.0 0.0 0.8213 3.0 99.28 12.04 18353000000.0 10795000000.0 -1.87 -99.0 -99.0 -99.0 -99.0 10510 00000 -1.0
aegis 18758 3 1 0 0.8485 0.776 0.799 0.902 0.964 9.7704 8.2396 1.5309 75592000000.0 6383900000.0 0.0 0.8485 3.0 202.8 48.59 6167800000.0 4256000000.0 -1.64 -99.0 -99.0 -99.0 -99.0 18758 00000 -1.0
aegis 12547 2 1 1 0.5512 0.541 0.5469 0.5705 0.5958 8.3819 7.7751 0.60678 71331000000.0 2530400000.0 0.0 0.6403 2.0 322.0 12.26 1684200000.0 1686900000.0 -1.13 -99.0 -99.0 -99.0 -99.0 12547 aegis-28-G141_12547 0.55116
aegis 39781 2 1 1 0.8757 0.8333 0.8897 1.0559 1.1501 8.4844 7.7917 0.6927 71483000000.0 2888700000.0 0.0 1.1734 2.0 66.61 15.71 2326800000.0 1925800000.0 -1.36 2.46 0.8 101.28 35.47 39781 aegis-20-G141_39781 0.87573
aegis 8800 2 1 1 0.8058 0.8033 0.8044 0.8067 0.8076 11.187 9.8781 1.3085 90625000000.0 5456800000.0 0.0 0.8572 2.0 240.5 20.58 3424600000.0 3637900000.0 -0.64 19.49 0.95 418.53 25.06 8800 aegis-02-G141_08800 0.80579
aegis 61 3 1 0 1.0774 0.978 1.021 1.132 1.195 0.0032378 -99.0 0.0032378 -99.0 13502000.0 2.0 1.0774 3.0 -11.7 15.01 16411.0 9001300.0 11.15 -99.0 -99.0 -99.0 -99.0 61 00000 -1.0
aegis 3842 3 1 0 1.1706 1.026 1.086 1.232 1.551 0.014554 0.012588 0.0019654 115490000.0 8196200.0 1.0 1.1706 3.0 0.1087 13.87 2901400.0 5464100.0 0.87 -99.0 -99.0 -99.0 -99.0 3842 00000 -1.0
aegis 14877 3 1 0 1.0936 0.953 1.006 1.153 1.458 0.0052585 -99.0 0.0052585 -99.0 21929000.0 2.0 1.0936 3.0 -4.08 15.44 28526000.0 14619000.0 -2.21 -99.0 -99.0 -99.0 -99.0 14877 00000 -1.0
aegis 3995 3 1 0 1.4395 1.305 1.369 1.49 1.525 0.0086842 -99.0 0.0086842 -99.0 36214000.0 2.0 1.4395 3.0 -0.2514 13.34 27973.0 24143000.0 10.83 -99.0 -99.0 -99.0 -99.0 3995 00000 -1.0
aegis 18520 3 1 0 1.4965 1.362 1.412 1.584 1.676 0.23181 -99.0 0.23181 -99.0 966680000.0 2.0 1.4965 3.0 -11.68 11.93 59290000.0 644450000.0 3.22 -99.0 -99.0 -99.0 -99.0 18520 00000 -1.0
aegis 46 3 1 0 1.2171 1.151 1.178 1.257 1.29 0.39311 -99.0 0.39311 -99.0 1639300000.0 2.0 1.2171 3.0 -45.15 17.12 88961000.0 1092900000.0 3.19 -99.0 -99.0 -99.0 -99.0 46 00000 -1.0
aegis 6115 2 1 1 1.349 1.3382 1.3437 1.3564 1.3659 0.80389 -99.0 0.80389 -99.0 3352300000.0 2.0 1.372 2.0 -0.756 11.88 199380000.0 2234900000.0 3.06 1.02 1.02 8.62 8.66 6115 aegis-28-G141_06115 1.34902
aegis 8338 3 1 0 1.1375 0.906 1.051 1.233 1.31 0.085301 -99.0 0.085301 -99.0 355720000.0 2.0 1.1375 3.0 -2.884 14.6 99040000.0 237140000.0 0.33 -99.0 -99.0 -99.0 -99.0 8338 00000 -1.0
aegis 17667 3 1 0 1.1482 1.043 1.077 1.156 1.66 0.086059 -99.0 0.086059 -99.0 358880000.0 2.0 1.1482 3.0 -27.45 12.27 83374000.0 239250000.0 1.26 -99.0 -99.0 -99.0 -99.0 17667 00000 -1.0
aegis 18519 3 1 0 1.0023 0.778 0.902 1.097 1.16 0.050239 -99.0 0.050239 -99.0 209500000.0 2.0 1.0023 3.0 -0.6013 10.61 21690000.0 139670000.0 2.55 -99.0 -99.0 -99.0 -99.0 18519 00000 -1.0
aegis 5168 2 1 1 1.0421 1.0031 1.0227 1.0455 1.0554 0.58434 0.26005 0.32428 2385800000.0 1352300000.0 1.0 0.9353 2.0 5.149 13.07 1261800000.0 901540000.0 -1.64 1.16 0.91 30.14 23.94 5168 aegis-02-G141_05168 1.04214
aegis 5572 3 1 0 1.0301 0.879 0.958 1.103 1.159 0.06677 -99.0 0.06677 -99.0 278440000.0 2.0 1.0301 3.0 -15.13 11.11 19897000.0 185630000.0 2.52 -99.0 -99.0 -99.0 -99.0 5572 00000 -1.0
aegis 22818 2 1 1 1.3338 1.2334 1.326 1.4249 1.4461 0.24885 -99.0 0.24885 -99.0 1037700000.0 2.0 1.3882 2.0 -18.63 13.41 64577000.0 691820000.0 2.78 1.27 0.53 106.32 47.23 22818 aegis-16-G141_22818 1.33381
aegis 23176 3 1 0 1.2798 1.165 1.211 1.364 1.479 0.075141 -99.0 0.075141 -99.0 313350000.0 2.0 1.2798 3.0 -11.82 13.83 165590000.0 208900000.0 -0.7 1.99 0.92 1301.83 2145.99 23176 aegis-29-G141_23176 1.21555
aegis 41140 3 1 0 1.3366 1.157 1.254 1.425 1.505 0.41521 -99.0 0.41521 -99.0 1731500000.0 2.0 1.3366 3.0 -0.5298 15.78 1679800000.0 1154300000.0 -1.68 -99.0 -99.0 -99.0 -99.0 41140 00000 -1.0
aegis 16818 2 1 1 1.0238 1.002 1.014 1.0425 1.0572 0.89601 0.67083 0.22518 6154400000.0 939030000.0 0.0 0.992 2.0 10.84 8.781 75577000.0 626020000.0 2.86 -99.0 -99.0 -99.0 -99.0 16818 aegis-21-G141_16818 -1.0
aegis 27247 2 1 1 1.0279 0.9479 0.9946 1.0315 1.0406 0.38091 0.13051 0.2504 1197300000.0 1044200000.0 1.0 0.8705 2.0 3.095 9.799 225420000.0 696120000.0 1.33 -0.54 0.51 -7.89 7.5 27247 aegis-01-G141_27247 1.0279
aegis 27495 2 1 1 1.0178 0.999 1.0113 1.0341 1.1657 1.0838 0.47753 0.60631 4381000000.0 2528400000.0 1.0 1.1664 2.0 4.186 14.11 175550000.0 1685600000.0 2.91 1.03 0.67 19.19 12.6 27495 aegis-08-G141_27495 1.01778
aegis 38471 2 1 1 1.2479 1.2128 1.2379 1.2558 1.268 0.88703 -99.0 0.88703 -99.0 3699000000.0 2.0 1.3245 2.0 -21.03 10.84 263770000.0 2466000000.0 2.87 1.55 0.67 19.43 8.39 38471 aegis-22-G141_38471 1.24791
aegis 18368 2 1 1 1.1979 1.1705 1.1898 1.2251 1.2377 0.74081 0.12255 0.61826 1124300000.0 2578200000.0 1.0 1.2266 2.0 0.8594 7.015 347740000.0 1718800000.0 1.91 -0.65 0.58 -11.82 10.44 18368 aegis-03-G141_18368 1.19789
aegis 3425 2 1 1 1.1663 1.0905 1.1222 1.201 1.2611 0.74112 -99.0 0.74112 -99.0 3090600000.0 2.0 1.4211 2.0 -1.3 14.56 1374200000.0 2060400000.0 -0.36 1.12 0.73 35.21 23.52 3425 aegis-07-G141_03425 1.16626
aegis 9797 2 1 1 1.2255 1.0712 1.1935 1.2344 1.2601 0.34358 -99.0 0.34358 -99.0 1432800000.0 2.0 1.1983 2.0 -12.96 12.49 563700000.0 955190000.0 -0.29 0.63 0.59 18.66 17.46 9797 aegis-18-G141_09797 1.22554
aegis 1977 3 1 0 1.4309 1.356 1.385 1.477 1.525 0.38418 -99.0 0.38418 -99.0 1602100000.0 2.0 1.4309 3.0 -0.4808 18.98 275300000.0 1068100000.0 1.55 -99.0 -99.0 -99.0 -99.0 1977 00000 -1.0
aegis 32518 3 1 0 1.1397 1.077 1.102 1.179 1.203 1.7284 -99.0 1.7284 -99.0 7207700000.0 2.0 1.1397 3.0 -1.15 10.68 2066700000.0 4805100000.0 0.31 -99.0 -99.0 -99.0 -99.0 32518 00000 -1.0
aegis 6567 3 1 0 1.2407 1.13 1.191 1.292 1.329 4.0438 2.8134 1.2304 25811000000.0 5130800000.0 0.0 1.2407 3.0 18.67 13.86 504080000.0 3420500000.0 2.42 0.04 0.83 0.26 5.65 6567 aegis-07-G141_06567 1.09279
aegis 39073 2 1 1 1.0555 1.0476 1.0519 1.0592 1.0629 2.0242 0.90891 1.1153 8338600000.0 4651000000.0 1.0 1.0894 2.0 10.25 11.12 448660000.0 3100700000.0 2.45 0.2 0.75 1.1 4.23 39073 aegis-19-G141_39073 1.05546
aegis 21762 2 1 1 1.3187 1.3112 1.3166 1.361 1.3715 2.5237 1.6119 0.91177 14788000000.0 3802200000.0 1.0 1.3112 2.0 8.201 12.02 606240000.0 2534800000.0 1.62 2.55 1.0 31.59 12.49 21762 aegis-13-G141_21762 1.31868
aegis 4123 2 1 1 1.3632 1.3066 1.3516 1.3702 1.3782 5.3028 4.4029 0.89998 40393000000.0 3753000000.0 0.0 1.3061 2.0 22.81 12.61 244230000.0 2502000000.0 3.08 -99.0 -99.0 -99.0 -99.0 4123 aegis-21-G141_04123 1.36316
aegis 9844 3 1 0 1.268 1.188 1.221 1.317 1.356 0.98353 -99.0 0.98353 -99.0 4101500000.0 2.0 1.268 3.0 -29.48 9.783 235990000.0 2734300000.0 3.1 -99.0 -99.0 -99.0 -99.0 9844 00000 -1.0
aegis 19561 2 1 1 1.4993 1.4777 1.4887 1.6106 1.6421 3.184 2.7027 0.48128 24796000000.0 2007000000.0 1.0 1.6115 2.0 9.158 9.236 106630000.0 1338000000.0 3.16 1.56 0.67 39.82 17.59 19561 aegis-03-G141_19561 1.49927
aegis 18933 3 1 0 1.2464 1.163 1.2 1.293 1.336 1.7076 1.0964 0.61128 10058000000.0 2549100000.0 1.0 1.2464 3.0 7.118 14.67 321760000.0 1699400000.0 2.09 -99.0 -99.0 -99.0 -99.0 18933 00000 -1.0
aegis 2427 2 1 1 1.3667 1.352 1.3607 1.4331 1.6527 4.7823 -99.0 4.7823 -99.0 19943000000.0 2.0 1.6654 2.0 -0.6126 17.34 10115000000.0 13295000000.0 -0.42 1.89 1.21 19.84 12.79 2427 aegis-26-G141_02427 1.36671
aegis 6234 3 1 0 1.1098 1.007 1.049 1.173 1.21 1.861 -99.0 1.861 -99.0 7760800000.0 2.0 1.1098 3.0 -0.446 13.65 520860000.0 5173900000.0 2.83 -99.0 -99.0 -99.0 -99.0 6234 00000 -1.0
aegis 18257 3 1 0 1.036 0.96 0.989 1.085 1.124 8.1661 6.7671 1.3991 62083000000.0 5834300000.0 0.0 1.036 3.0 92.71 13.8 820500000.0 3889500000.0 1.86 -99.0 -99.0 -99.0 -99.0 18257 00000 -1.0
aegis 20250 3 1 0 1.0542 0.966 1.002 1.108 1.146 1.6691 -99.0 1.6691 -99.0 6960500000.0 2.0 1.0542 3.0 -5.517 11.02 487920000.0 4640400000.0 2.92 -99.0 -99.0 -99.0 -99.0 20250 00000 -1.0
aegis 23089 3 1 0 1.2013 1.138 1.165 1.24 1.266 2.3703 -99.0 2.3703 -99.0 9884500000.0 2.0 1.2013 3.0 -2.778 11.98 969340000.0 6589700000.0 2.39 -99.0 -99.0 -99.0 -99.0 23089 00000 -1.0
aegis 31242 3 1 0 1.4867 1.288 1.385 1.568 1.717 0.57095 -99.0 0.57095 -99.0 2381000000.0 2.0 1.4867 3.0 -11.47 11.11 2558200000.0 1587300000.0 -1.82 -99.0 -99.0 -99.0 -99.0 31242 aegis-24-G141_31242 1.55998
aegis 33534 3 1 0 1.0901 1.017 1.045 1.135 1.16 1.0398 -99.0 1.0398 -99.0 4336300000.0 2.0 1.0901 3.0 -10.09 10.61 4747700000.0 2890800000.0 -1.79 1.42 1.03 99.27 74.32 33534 aegis-20-G141_33534 1.07508
aegis 36563 3 1 0 1.0591 0.914 1.008 1.117 1.16 0.92308 -99.0 0.92308 -99.0 3849400000.0 2.0 1.0591 3.0 -18.61 10.2 3680400000.0 2566200000.0 -1.54 5.22 1.09 527.9 145.32 36563 aegis-20-G141_36563 1.10118
aegis 6430 2 1 1 1.1684 1.1084 1.1626 1.2877 1.4445 1.7659 1.1756 0.59028 10785000000.0 2461600000.0 1.0 1.3064 2.0 6.084 13.5 2511600000.0 1641000000.0 -1.76 2.08 0.64 204.21 68.47 6430 aegis-26-G141_06430 1.16842
aegis 31274 2 1 1 1.0575 1.0035 1.0131 1.1758 1.1918 1.1029 1.075 0.02786 9862800000.0 116180000.0 0.0 0.9897 2.0 17.52 9.854 306690.0 77454000.0 10.24 1.28 0.86 67.2 45.31 31274 aegis-22-G141_31274 1.05752
aegis 12752 3 1 0 1.3402 1.258 1.291 1.389 1.435 2.3871 -99.0 2.3871 -99.0 9954700000.0 2.0 1.3402 3.0 -6.674 17.46 11094000000.0 6636500000.0 -1.86 -99.0 -99.0 -99.0 -99.0 12752 00000 -1.0
aegis 3100 3 1 0 1.2946 1.187 1.24 1.351 1.398 3.0241 0.76357 2.2605 7005300000.0 9426600000.0 1.0 1.2946 3.0 4.125 13.33 10732000000.0 6284400000.0 -1.88 5.25 0.92 317.56 68.08 3100 aegis-02-G141_03100 1.39049
aegis 2874 2 1 1 1.1957 1.1905 1.1928 1.1978 1.2003 1.4162 -99.0 1.4162 -99.0 5905700000.0 2.0 1.1909 2.0 -11.68 20.67 5132000000.0 3937100000.0 -1.43 4.56 0.68 253.05 43.43 2874 aegis-15-G141_02874 1.1957
aegis 35304 1 1 1 1.0372 -1.0 -1.0 -1.0 -1.0 7.1118 2.6556 4.4562 24363000000.0 18583000000.0 0.0 1.0234 1.0 38.12 9.065 21157000000.0 12389000000.0 -1.9 18.44 1.59 258.0 24.45 35304 aegis-04-G141_35304 1.05238
aegis 12680 2 1 1 1.3929 1.388 1.3914 1.5804 1.6407 3.3844 -99.0 3.3844 -99.0 14113000000.0 2.0 1.591 2.0 -20.99 11.5 13701000000.0 9408900000.0 -1.57 3.2 0.81 180.64 52.06 12680 aegis-28-G141_12680 1.39289
aegis 34570 3 1 0 1.0089 0.937 0.975 1.036 1.16 4.9182 4.1456 0.77259 38033000000.0 3221800000.0 0.0 1.0089 3.0 62.84 13.73 2238100000.0 2147900000.0 -1.11 -99.0 -99.0 -99.0 -99.0 34570 00000 -1.0
aegis 32607 2 1 1 1.0917 1.0816 1.0861 1.0946 1.101 3.1943 1.4692 1.7251 13479000000.0 7193800000.0 0.0 1.0389 2.0 19.91 11.04 6694300000.0 4795900000.0 -1.57 8.08 1.38 174.42 30.38 32607 aegis-24-G141_32607 1.09175
aegis 33138 1 1 1 1.2086 -1.0 -1.0 -1.0 -1.0 12.468 9.0571 3.4105 83093000000.0 14222000000.0 0.0 1.1839 1.0 74.57 15.03 12195000000.0 9481500000.0 -1.47 11.75 2.04 133.68 23.9 33138 aegis-23-G141_33138 1.2023
aegis 37075 3 1 0 1.0892 0.979 1.029 1.153 1.215 1.8816 1.315 0.56661 12064000000.0 2362800000.0 1.0 1.0892 3.0 14.84 18.18 1097400000.0 1575200000.0 -0.3 -99.0 -99.0 -99.0 -99.0 37075 00000 -1.0
aegis 30529 3 1 0 1.1434 0.992 1.085 1.201 1.239 12.461 7.3908 5.0698 67806000000.0 21142000000.0 0.0 1.1434 3.0 69.96 11.15 17714000000.0 14095000000.0 -1.39 -99.0 -99.0 -99.0 -99.0 30529 00000 -1.0
aegis 17277 3 1 0 1.2294 1.149 1.182 1.278 1.314 7.634 4.8184 2.8156 44205000000.0 11741000000.0 1.0 1.2294 3.0 33.42 36.83 6589700000.0 7827600000.0 -0.5 -99.0 -99.0 -99.0 -99.0 17277 00000 -1.0
aegis 16787 3 1 0 1.2401 1.123 1.183 1.299 1.34 2.4971 0.70001 1.7971 6422100000.0 7494000000.0 1.0 1.2401 3.0 4.656 13.6 8134000000.0 4996000000.0 -1.86 -99.0 -99.0 -99.0 -99.0 16787 00000 -1.0
aegis 15949 2 1 1 1.0772 1.0697 1.0736 1.0814 1.0897 1.9484 1.2676 0.68078 11629000000.0 2838900000.0 0.0 0.9728 2.0 21.99 12.66 2802000000.0 1892600000.0 -1.71 7.48 1.47 170.26 35.14 15949 aegis-10-G141_15949 1.07716
aegis 5183 3 1 0 1.2205 1.169 1.189 1.25 1.272 42.272 41.312 0.95979 379010000000.0 4002400000.0 0.0 1.2205 3.0 296.7 13.43 653190000.0 2668300000.0 1.48 -99.0 -99.0 -99.0 -99.0 5183 00000 -1.0
aegis 20263 2 1 1 1.4769 1.3458 1.3579 1.4781 1.4847 10.261 6.6114 3.6498 60655000000.0 15220000000.0 0.0 1.5756 2.0 22.44 13.23 2252400000.0 10147000000.0 1.71 0.62 0.61 6.57 6.55 20263 aegis-01-G141_20263 1.47688
aegis 24078 2 1 1 1.3584 1.3549 1.3564 1.3611 1.3639 50.457 48.268 2.1888 442830000000.0 9127500000.0 0.0 1.4074 2.0 189.8 13.61 7181800000.0 6085000000.0 -1.32 13.09 1.01 226.07 20.37 24078 aegis-14-G141_24078 1.35844
aegis 31326 2 1 1 1.1815 1.1739 1.1766 1.1832 1.1884 46.871 40.71 6.1614 373480000000.0 25694000000.0 0.0 1.1711 2.0 350.9 12.98 17704000000.0 17129000000.0 -0.94 22.79 1.78 85.81 6.81 31326 aegis-11-G141_31326 1.18147
aegis 33028 3 1 0 1.426 1.344 1.375 1.479 1.518 115.23 106.0 9.2372 972440000000.0 38521000000.0 0.0 1.426 3.0 405.1 15.2 13522000000.0 25680000000.0 0.21 -99.0 -99.0 -99.0 -99.0 33028 00000 -1.0
aegis 2481 2 1 1 1.3965 1.3869 1.3909 1.3991 1.4021 18.154 15.562 2.5915 142770000000.0 10807000000.0 0.0 1.3613 2.0 67.54 13.79 6256100000.0 7204500000.0 -0.51 6.19 0.82 46.99 6.41 2481 aegis-02-G141_02481 1.39648
aegis 14610 3 1 0 1.2404 1.163 1.196 1.282 1.34 12.366 10.103 2.2634 92687000000.0 9438800000.0 0.0 1.2404 3.0 67.12 19.86 7683500000.0 6292500000.0 -1.26 -99.0 -99.0 -99.0 -99.0 14610 00000 -1.0
aegis 18746 2 1 1 1.0117 0.9967 1.0043 1.0297 1.0939 9.5734 9.1051 0.4683 83533000000.0 1952900000.0 0.0 1.1021 2.0 98.38 9.951 1427900000.0 1301900000.0 -1.28 4.35 1.23 366.83 124.17 18746 aegis-08-G141_18746 1.01174
aegis 334 3 1 0 1.2093 1.154 1.179 1.242 1.262 44.744 43.842 0.90158 402220000000.0 3759700000.0 0.0 1.2093 3.0 328.7 26.21 1433800000.0 2506500000.0 -0.07 -99.0 -99.0 -99.0 -99.0 334 00000 -1.0
aegis 19341 3 1 0 1.3009 1.213 1.26 1.343 1.379 21.344 20.029 1.3151 183750000000.0 5484000000.0 0.0 1.3009 3.0 105.7 27.03 3475600000.0 3656000000.0 -0.92 -99.0 -99.0 -99.0 -99.0 19341 00000 -1.0
aegis 26863 3 1 0 1.1826 1.096 1.138 1.231 1.271 18.531 14.374 4.1565 131870000000.0 17333000000.0 0.0 1.1826 3.0 118.9 55.43 16115000000.0 11556000000.0 -1.56 -99.0 -99.0 -99.0 -99.0 26863 00000 -1.0
aegis 39390 2 1 1 1.4856 1.4767 1.4812 1.4888 1.4935 25.898 23.978 1.9204 219980000000.0 8008500000.0 0.0 1.4849 2.0 86.17 15.81 3506000000.0 5339000000.0 -0.14 5.23 0.86 162.28 30.09 39390 aegis-05-G141_39390 1.48557
aegis 33638 2 1 1 1.2502 1.2469 1.2482 1.2507 1.252 48.047 47.665 0.38291 437290000000.0 1596800000.0 0.0 1.3731 2.0 200.8 12.32 161500000.0 1064500000.0 2.47 15.04 0.72 365.8 18.77 33638 aegis-19-G141_33638 1.25016
aegis 7032 2 1 1 1.4905 1.4013 1.469 1.5228 1.5821 174.69 171.85 2.84 1576600000000.0 11843000000.0 0.0 1.6358 2.0 589.1 151.8 6139700000.0 7895400000.0 -0.42 2.72 1.27 50.98 24.5 7032 aegis-28-G141_07032 1.49054
aegis 14915 3 1 0 1.3844 1.324 1.348 1.422 1.44 64.939 63.867 1.0721 585930000000.0 4470700000.0 0.0 1.3844 3.0 262.1 12.89 1394300000.0 2980500000.0 0.24 -99.0 -99.0 -99.0 -99.0 14915 00000 -1.0
aegis 38224 2 1 1 1.4868 1.4743 1.4839 1.4949 1.6105 161.77 159.03 2.7406 1459000000000.0 11429000000.0 0.0 1.7602 2.0 597.1 10.39 2440800000.0 7619000000.0 1.18 1.99 0.73 41.2 15.27 38224 aegis-22-G141_38224 1.48681
aegis 22204 3 1 0 1.4739 1.383 1.419 1.53 1.576 39.429 32.681 6.7481 299830000000.0 28141000000.0 0.0 1.4739 3.0 118.5 10.87 23945000000.0 18760000000.0 -1.38 -99.0 -99.0 -99.0 -99.0 22204 00000 -1.0
aegis 28717 2 1 1 1.149 1.044 1.1244 1.2799 1.3569 69.115 68.209 0.90525 625770000000.0 3775000000.0 0.0 1.6694 2.0 239.8 10.49 1732000000.0 2516700000.0 -0.4 1.12 1.16 44.44 47.06 28717 aegis-08-G141_28717 1.14899
aegis 24603 2 1 1 1.3596 1.3479 1.3526 1.3615 1.3658 36.892 36.172 0.71981 331850000000.0 3001700000.0 0.0 1.4552 2.0 133.7 14.55 862860000.0 2001100000.0 0.22 3.74 0.93 126.86 33.72 24603 aegis-10-G141_24603 1.35962
aegis 6880 2 1 1 1.3584 1.3538 1.3552 1.3586 1.3602 402.69 399.51 3.1789 3665300000000.0 13256000000.0 0.0 1.5579 2.0 1364.0 17.62 2095700000.0 8837600000.0 1.65 27.27 2.09 104.22 8.21 6880 aegis-02-G141_06880 1.35844
aegis 8838 2 1 1 1.2278 1.2241 1.2257 1.2284 1.2296 203.54 200.23 3.3145 1836900000000.0 13822000000.0 0.0 1.2926 2.0 1090.0 63.16 6341200000.0 9214500000.0 -0.38 42.19 1.37 184.89 6.27 8838 aegis-02-G141_08838 1.22777
aegis 14012 3 1 0 1.383 1.309 1.339 1.432 1.46 133.31 130.93 2.3802 1201200000000.0 9925900000.0 0.0 1.383 3.0 538.8 17.92 1789300000.0 6617300000.0 1.4 -99.0 -99.0 -99.0 -99.0 14012 00000 -1.0
aegis 21028 1 1 1 1.0106 -1.0 -1.0 -1.0 -1.0 149.8 144.32 5.4835 1324100000000.0 22867000000.0 0.0 1.2469 1.0 935.2 130.1 26021000000.0 15245000000.0 -1.89 43.19 2.35 175.73 9.94 21028 aegis-16-G141_21028 1.00571
aegis 23011 2 1 1 1.188 1.184 1.1859 1.1899 1.1921 170.73 168.63 2.1036 1547100000000.0 8772300000.0 0.0 1.3328 2.0 796.3 16.71 1857100000.0 5848200000.0 0.73 26.32 1.64 131.55 8.39 23011 aegis-09-G141_23011 1.18803
aegis 26850 2 1 1 1.1979 1.195 1.1961 1.1985 1.1997 292.15 288.14 4.0089 2643500000000.0 16718000000.0 0.0 1.2876 2.0 1599.0 126.5 8628500000.0 11145000000.0 -0.43 91.91 1.37 385.89 6.39 26850 aegis-14-G141_26850 1.19789
aegis 39239 2 1 1 1.1064 1.0981 1.1013 1.1071 1.1094 212.22 210.43 1.7985 1930500000000.0 7500000000.0 0.0 1.5482 2.0 722.5 9.845 1454800000.0 5000000000.0 1.02 8.7 1.31 84.02 12.86 39239 aegis-17-G141_39239 1.10644
aegis 13574 1 1 1 1.0905 -1.0 -1.0 -1.0 -1.0 21.94 16.106 5.8343 147760000000.0 24330000000.0 0.0 1.0836 1.0 185.3 9.944 25266000000.0 16220000000.0 -1.76 40.63 0.87 655.86 18.44 13574 aegis-12-G141_13574 1.08966
aegis 22357 3 1 0 1.2073 1.069 1.122 1.284 1.328 5.9843 5.2547 0.72961 48209000000.0 3042600000.0 0.0 1.2073 3.0 39.7 9.252 3407400000.0 2028400000.0 -1.88 1.5 0.45 214.91 65.28 22357 aegis-03-G141_22357 1.16734
aegis 25556 3 1 0 1.2104 1.132 1.166 1.256 1.288 7.6234 6.0516 1.5718 55520000000.0 6554500000.0 0.0 1.2104 3.0 45.18 12.16 5832200000.0 4369600000.0 -1.38 -99.0 -99.0 -99.0 -99.0 25556 00000 -1.0
aegis 39409 3 1 0 1.2283 1.164 1.193 1.264 1.285 11.943 10.058 1.8852 92271000000.0 7861600000.0 0.0 1.2283 3.0 70.06 16.82 7683100000.0 5241000000.0 -1.56 -99.0 -99.0 -99.0 -99.0 39409 00000 -1.0
aegis 13742 3 1 0 1.0139 0.949 0.981 1.046 1.074 6.8229 5.7196 1.1033 52473000000.0 4600800000.0 0.0 1.0139 3.0 85.04 13.29 2801400000.0 3067200000.0 -0.63 -99.0 -99.0 -99.0 -99.0 13742 00000 -1.0
aegis 3195 3 1 0 1.418 1.275 1.325 1.494 1.766 11.536 9.7171 1.8188 89147000000.0 7584800000.0 0.0 1.418 3.0 37.57 23.08 8826900000.0 5056500000.0 -1.92 -99.0 -99.0 -99.0 -99.0 3195 00000 -1.0
aegis 4553 3 1 0 1.4852 1.308 1.381 1.578 1.806 14.17 12.583 1.5866 115440000000.0 6616400000.0 0.0 1.4852 3.0 45.21 13.7 7858900000.0 4410900000.0 -1.92 2.11 0.76 503.89 254.67 4553 aegis-06-G141_04553 1.48432
aegis 2587 2 1 1 1.4218 1.4036 1.4162 1.4351 1.5067 16.837 13.962 2.8752 128090000000.0 11990000000.0 0.0 1.485 2.0 50.17 17.17 12740000000.0 7993300000.0 -1.75 1.28 0.84 107.86 72.8 2587 aegis-26-G141_02587 1.42177
aegis 32666 3 1 0 1.3713 1.265 1.313 1.43 1.475 7.3458 6.0988 1.247 55953000000.0 5200000000.0 0.0 1.3713 3.0 25.81 11.88 4307300000.0 3466700000.0 -1.35 2.46 0.6 643.59 217.07 32666 aegis-05-G141_32666 1.36316
aegis 14182 1 1 1 1.3514 -1.0 -1.0 -1.0 -1.0 18.516 13.002 5.5148 119280000000.0 22997000000.0 0.0 1.32 1.0 64.13 10.34 22586000000.0 15332000000.0 -1.63 14.41 0.76 490.52 32.78 14182 aegis-03-G141_14182 1.3549
aegis 28684 2 1 1 1.4535 1.2955 1.3951 1.5379 1.6666 36.107 35.417 0.68981 324930000000.0 2876600000.0 0.0 1.4011 2.0 140.7 14.4 1693300000.0 1917700000.0 -0.43 0.07 0.6 5.65 47.28 28684 aegis-23-G141_28684 1.45346
aegis 26402 3 1 0 1.4281 1.305 1.359 1.496 1.529 33.338 31.081 2.257 285150000000.0 9412200000.0 0.0 1.4281 3.0 118.5 19.66 7663700000.0 6274800000.0 -1.34 -99.0 -99.0 -99.0 -99.0 26402 00000 -1.0
aegis 26790 2 1 1 1.3632 1.3482 1.37 1.5137 1.5598 111.48 103.66 7.8225 951000000000.0 32621000000.0 0.0 1.5779 2.0 351.6 12.59 28132000000.0 21747000000.0 -1.41 -0.17 1.1 -3.86 25.36 26790 aegis-03-G141_26790 1.36316
aegis 38109 2 1 1 1.3561 1.3533 1.3545 1.3572 1.3584 76.56 73.938 2.6216 678330000000.0 10932000000.0 0.0 1.3727 2.0 311.8 9.851 5179900000.0 7288300000.0 -0.4 37.04 0.98 1052.2 49.94 38109 aegis-11-G141_38109 1.35608
aegis 39535 2 1 1 1.4339 1.3535 1.3752 1.5073 1.5539 82.787 77.975 4.8118 715370000000.0 20066000000.0 0.0 1.5503 2.0 267.4 11.42 12047000000.0 13377000000.0 -0.58 2.5 1.3 53.07 28.56 39535 aegis-22-G141_39535 1.43391
aegis 998 3 1 0 1.4505 1.39 1.41 1.492 1.517 321.09 318.09 3.0009 2918200000000.0 12514000000.0 0.0 1.4505 3.0 1182.0 63.35 4232300000.0 8342700000.0 0.23 -99.0 -99.0 -99.0 -99.0 998 00000 -1.0
aegis 8841 2 1 1 1.037 1.034 1.0351 1.0376 1.0388 221.77 220.73 1.0414 2025000000000.0 4342700000.0 0.0 1.0871 2.0 2509.0 14.24 776960000.0 2895100000.0 1.47 34.45 1.14 267.68 9.79 8841 aegis-26-G141_08841 1.03704
aegis 20021 3 1 0 1.4734 1.438 1.444 1.503 1.51 237.94 232.31 5.6243 2131300000000.0 23454000000.0 0.0 1.4734 3.0 842.7 17.49 16782000000.0 15636000000.0 -1.03 -99.0 -99.0 -99.0 -99.0 20021 aegis-01-G141_20021 1.61562
aegis 12219 2 1 1 1.4085 1.4073 1.4102 1.4541 1.4783 663.36 660.05 3.3075 6055500000000.0 13793000000.0 0.0 1.5263 2.0 2298.0 17.39 7472400000.0 9195100000.0 -0.45 -3.19 1.45 -25.89 11.53 12219 aegis-02-G141_12219 1.40849
aegis 12717 2 1 1 1.9847 1.9732 1.9787 1.9881 1.9938 0.014023 0.0046818 0.0093415 42953000.0 38955000.0 0.0 0.0369 2.0 176.6 14.54 43569000.0 25970000.0 -1.88 -99.0 -99.0 -99.0 -99.0 12717 aegis-15-G141_12717 1.9847
aegis 3527 3 1 0 1.8478 1.755 1.79 1.907 1.969 0.43299 -99.0 0.43299 -99.0 1805600000.0 2.0 1.8478 3.0 -3.222 16.81 93534000.0 1203700000.0 3.22 -99.0 -99.0 -99.0 -99.0 3527 00000 -1.0
aegis 28271 2 1 1 1.8165 1.7721 1.8079 1.8499 1.8718 0.37834 -99.0 0.37834 -99.0 1577700000.0 2.0 1.7135 2.0 -21.23 10.1 59659000.0 1051800000.0 3.69 -99.0 -99.0 -99.0 -99.0 28271 aegis-24-G141_28271 1.81651
aegis 28650 2 1 1 1.7061 1.6175 1.6651 1.716 1.7334 0.3091 -99.0 0.3091 -99.0 1289000000.0 2.0 1.6528 2.0 -5.446 11.73 300180000.0 859340000.0 0.22 -99.0 -99.0 -99.0 -99.0 28650 aegis-11-G141_28650 1.70608
aegis 7601 3 1 0 1.6473 1.563 1.596 1.697 1.742 1.8541 0.12268 1.7314 1125500000.0 7220100000.0 1.0 1.6473 3.0 0.4241 12.61 1477600000.0 4813400000.0 1.02 -99.0 -99.0 -99.0 -99.0 7601 00000 -1.0
aegis 3411 3 1 0 1.7293 1.557 1.641 1.817 1.906 0.045448 -99.0 0.045448 -99.0 189520000.0 2.0 1.7293 3.0 -4.975 13.79 152130000.0 126350000.0 -1.51 -99.0 -99.0 -99.0 -99.0 3411 aegis-07-G141_03411 1.78153
aegis 584 3 1 0 1.9557 1.75 1.869 2.028 2.177 0.42811 -99.0 0.42811 -99.0 1785300000.0 2.0 1.9557 3.0 -18.17 40.6 538230000.0 1190200000.0 0.55 -99.0 -99.0 -99.0 -99.0 584 00000 -1.0
aegis 6764 3 1 0 1.5499 1.392 1.456 1.646 1.736 0.32069 -99.0 0.32069 -99.0 1337300000.0 2.0 1.5499 3.0 -3.751 11.54 407500000.0 891550000.0 0.44 -99.0 -99.0 -99.0 -99.0 6764 00000 -1.0
aegis 17675 3 1 0 1.7716 1.5 1.699 1.864 1.953 0.69685 -99.0 0.69685 -99.0 2906000000.0 2.0 1.7716 3.0 -11.18 30.14 806370000.0 1937300000.0 0.37 -99.0 -99.0 -99.0 -99.0 17675 00000 -1.0
aegis 21905 3 1 0 1.6818 1.444 1.613 1.761 1.799 0.25403 -99.0 0.25403 -99.0 1059300000.0 2.0 1.6818 3.0 -10.51 9.355 117780000.0 706220000.0 2.15 1.25 0.43 167.46 62.79 21905 aegis-01-G141_21905 1.37145
aegis 7353 3 1 0 1.6917 1.545 1.619 1.767 1.832 0.69417 -99.0 0.69417 -99.0 2894800000.0 2.0 1.6917 3.0 -3.189 11.24 190300000.0 1929900000.0 2.84 -99.0 -99.0 -99.0 -99.0 7353 00000 -1.0
aegis 28226 3 1 0 1.797 1.722 1.751 1.845 1.88 1.5277 0.10753 1.4202 986510000.0 5922300000.0 1.0 1.797 3.0 0.4051 12.08 1252300000.0 3948200000.0 1.17 -99.0 -99.0 -99.0 -99.0 28226 00000 -1.0
aegis 36827 3 1 0 1.5466 1.374 1.461 1.636 1.703 0.71049 -99.0 0.71049 -99.0 2962800000.0 2.0 1.5466 3.0 -3.326 12.26 392650000.0 1975200000.0 1.98 1.72 0.59 59.84 21.32 36827 aegis-20-G141_36827 1.41331
aegis 5933 2 1 1 1.6 1.5272 1.5973 1.7899 1.8301 2.3927 1.3686 1.0241 12556000000.0 4270600000.0 1.0 1.872 2.0 4.917 15.94 621940000.0 2847100000.0 1.76 -99.0 -99.0 -99.0 -99.0 5933 aegis-12-G141_05933 1.59997
aegis 12417 2 1 1 1.736 1.7065 1.7208 1.7641 1.8037 1.085 0.25852 0.82652 2371700000.0 3446700000.0 1.0 1.8199 2.0 0.9683 10.25 726600000.0 2297800000.0 0.37 -99.0 -99.0 -99.0 -99.0 12417 aegis-29-G141_12417 1.73601
aegis 1162 3 1 0 1.5551 1.413 1.476 1.63 1.681 3.6261 1.127 2.4991 10339000000.0 10422000000.0 1.0 1.5551 3.0 3.854 17.64 2711600000.0 6947800000.0 0.46 -99.0 -99.0 -99.0 -99.0 1162 00000 -1.0
aegis 6836 2 1 1 1.7484 1.6049 1.6618 1.7587 1.7805 1.0813 -99.0 1.0813 -99.0 4509100000.0 2.0 1.7321 2.0 -5.929 13.98 1682600000.0 3006100000.0 -0.09 -99.0 -99.0 -99.0 -99.0 6836 aegis-28-G141_06836 1.74835
aegis 23426 3 1 0 1.6575 1.511 1.58 1.734 1.826 2.1352 1.2203 0.91482 11196000000.0 3814900000.0 1.0 1.6575 3.0 4.25 12.6 545630000.0 2543300000.0 1.82 -99.0 -99.0 -99.0 -99.0 23426 00000 -1.0
aegis 5118 2 1 1 1.5345 1.5024 1.5298 1.5434 1.5527 1.0034 -99.0 1.0034 -99.0 4184100000.0 2.0 1.6188 2.0 -2.156 13.99 1332200000.0 2789400000.0 0.28 1.59 0.49 45.1 14.02 5118 aegis-15-G141_05118 1.53451
aegis 21241 2 1 1 1.9907 1.9432 1.9584 1.9988 2.0408 0.82248 -99.0 0.82248 -99.0 3429900000.0 2.0 1.9902 2.0 -30.0 26.51 156870000.0 2286600000.0 3.33 -99.0 -99.0 -99.0 -99.0 21241 aegis-14-G141_21241 1.99068
aegis 20387 2 1 1 1.5269 1.5127 1.5197 1.5353 1.5434 4.4937 2.7884 1.7053 25581000000.0 7111400000.0 1.0 1.6013 2.0 9.439 14.98 792400000.0 4740900000.0 2.22 1.27 0.67 16.97 9.06 20387 aegis-09-G141_20387 1.52692
aegis 3106 2 1 1 1.7265 1.7146 1.7211 1.7369 1.7435 8.0184 5.8427 2.1757 53602000000.0 9073100000.0 0.0 1.6345 2.0 20.01 14.89 1083500000.0 6048800000.0 2.12 -99.0 -99.0 -99.0 -99.0 3106 aegis-02-G141_03106 1.72645
aegis 8646 3 1 0 1.6606 1.588 1.617 1.706 1.737 2.9759 -99.0 2.9759 -99.0 12410000000.0 2.0 1.6606 3.0 -6.355 14.85 749050000.0 8273200000.0 2.88 -99.0 -99.0 -99.0 -99.0 8646 00000 -1.0
aegis 33770 3 1 0 1.6948 1.641 1.661 1.732 1.744 17.95 15.485 2.4653 142060000000.0 10281000000.0 0.0 1.6948 3.0 55.56 42.12 3528100000.0 6853800000.0 0.2 -99.0 -99.0 -99.0 -99.0 33770 00000 -1.0
aegis 35677 3 1 0 1.6568 1.57 1.601 1.716 1.762 7.7296 6.4495 1.2801 59170000000.0 5338200000.0 1.0 1.6568 3.0 22.45 77.15 2775600000.0 3558800000.0 -0.43 -99.0 -99.0 -99.0 -99.0 35677 00000 -1.0
aegis 24616 3 1 0 1.7501 1.511 1.67 1.835 1.927 0.91903 -99.0 0.91903 -99.0 3832500000.0 2.0 1.7501 3.0 -0.9935 9.02 3941100000.0 2555000000.0 -1.71 -99.0 -99.0 -99.0 -99.0 24616 00000 -1.0
aegis 25535 3 1 0 1.7251 1.573 1.629 1.813 1.887 1.2686 -99.0 1.2686 -99.0 5290300000.0 2.0 1.7251 3.0 -10.7 10.7 4012700000.0 3526900000.0 -1.11 -99.0 -99.0 -99.0 -99.0 25535 aegis-29-G141_25535 1.61562
aegis 17270 3 1 0 1.7911 1.608 1.697 1.869 2.151 1.2735 0.23239 1.0411 2132000000.0 4341600000.0 1.0 1.7911 3.0 0.8765 28.95 5106800000.0 2894400000.0 -1.92 -99.0 -99.0 -99.0 -99.0 17270 00000 -1.0
aegis 17999 3 1 0 1.7582 1.57 1.699 1.826 1.896 1.7221 -99.0 1.7221 -99.0 7181300000.0 2.0 1.7582 3.0 -8.356 10.24 7213100000.0 4787500000.0 -1.67 -99.0 -99.0 -99.0 -99.0 17999 aegis-25-G141_17999 1.75523
aegis 26616 3 1 0 1.7165 1.535 1.618 1.811 1.908 0.61764 -99.0 0.61764 -99.0 2575700000.0 2.0 1.7165 3.0 -25.39 16.46 3100500000.0 1717100000.0 -1.95 -99.0 -99.0 -99.0 -99.0 26616 aegis-25-G141_26616 1.75523
aegis 5885 3 1 0 1.7247 1.441 1.628 1.818 1.879 2.0058 -99.0 2.0058 -99.0 8364400000.0 2.0 1.7247 3.0 -37.83 31.39 9111200000.0 5576300000.0 -1.83 -99.0 -99.0 -99.0 -99.0 5885 00000 -1.0
aegis 37522 3 1 0 1.7668 1.636 1.715 1.825 1.88 2.5607 -99.0 2.5607 -99.0 10679000000.0 2.0 1.7668 3.0 -18.42 11.61 10412000000.0 7119000000.0 -1.61 -99.0 -99.0 -99.0 -99.0 37522 aegis-27-G141_37522 1.98619
aegis 19864 2 1 1 1.5383 1.5311 1.5347 1.5398 1.5427 4.7637 2.0334 2.7303 18655000000.0 11386000000.0 1.0 1.5518 2.0 6.967 11.34 11003000000.0 7590500000.0 -1.6 3.57 0.92 285.6 82.16 19864 aegis-13-G141_19864 1.53831
aegis 38239 2 1 1 1.5818 1.568 1.5757 1.5855 1.6647 3.0919 -99.0 3.0919 -99.0 12894000000.0 2.0 1.679 2.0 -0.314 7.209 14908000000.0 8595800000.0 -1.89 -99.0 -99.0 -99.0 -99.0 38239 aegis-11-G141_38239 1.58183
aegis 16821 2 1 1 1.5396 1.5357 1.5371 1.54 1.5414 9.7054 4.1748 5.5306 38301000000.0 23064000000.0 1.0 1.5338 2.0 14.46 17.66 16887000000.0 15376000000.0 -1.06 16.54 0.75 535.51 32.75 16821 aegis-25-G141_16821 1.53958
aegis 24472 2 1 1 1.7718 1.729 1.7679 1.7755 1.9892 10.423 8.2356 2.1876 75556000000.0 9122400000.0 0.0 1.942 2.0 27.04 12.82 2876300000.0 6081600000.0 0.46 -99.0 -99.0 -99.0 -99.0 24472 aegis-29-G141_24472 1.77181
aegis 19177 3 1 0 1.9046 1.811 1.853 1.958 1.989 5.3918 1.1969 4.1949 10981000000.0 17493000000.0 1.0 1.9046 3.0 4.141 15.17 6082200000.0 11662000000.0 0.35 -99.0 -99.0 -99.0 -99.0 19177 00000 -1.0
aegis 9758 2 1 1 1.7927 1.7859 1.7891 1.7945 1.7976 21.311 17.206 4.1043 157860000000.0 17115000000.0 0.0 1.7112 2.0 62.55 16.42 11382000000.0 11410000000.0 -1.05 -99.0 -99.0 -99.0 -99.0 9758 aegis-30-G141_09758 1.79268
aegis 33370 2 1 1 1.5307 1.4285 1.4707 1.532 1.5408 8.2236 2.7739 5.4497 25449000000.0 22726000000.0 1.0 1.5741 2.0 9.419 10.32 14656000000.0 15151000000.0 -0.71 4.57 1.24 108.97 31.63 33370 aegis-27-G141_33370 1.53071
aegis 31267 3 1 0 1.7239 1.616 1.662 1.788 1.839 8.8347 5.8994 2.9353 54123000000.0 12241000000.0 0.0 1.7239 3.0 21.66 15.3 5224400000.0 8160400000.0 -0.24 -99.0 -99.0 -99.0 -99.0 31267 00000 -1.0
aegis 11636 2 1 1 1.8165 1.6229 1.8113 1.8205 1.8285 4.358 3.5945 0.76346 32977000000.0 3183800000.0 0.0 1.5814 2.0 12.18 7.573 761580000.0 2122500000.0 0.57 -99.0 -99.0 -99.0 -99.0 11636 aegis-26-G141_11636 1.81651
aegis 18186 2 1 1 1.5523 1.5231 1.5341 1.5572 1.5651 5.0928 2.3922 2.7005 21947000000.0 11262000000.0 1.0 1.6206 2.0 8.14 15.35 2839900000.0 7507800000.0 0.36 3.44 0.88 51.2 13.32 18186 aegis-14-G141_18186 1.55231
aegis 3035 3 1 0 1.7604 1.647 1.696 1.84 1.909 57.488 54.753 2.735 502320000000.0 11405000000.0 0.0 1.7604 3.0 205.6 18.47 4172300000.0 7603600000.0 0.14 -99.0 -99.0 -99.0 -99.0 3035 00000 -1.0
aegis 19823 2 1 1 1.8179 1.8011 1.8124 1.84 2.7803 18.648 16.843 1.8045 154530000000.0 7525100000.0 0.0 2.2742 2.0 33.77 9.864 3531700000.0 5016800000.0 -0.26 -99.0 -99.0 -99.0 -99.0 19823 aegis-29-G141_19823 1.81792
aegis 6605 3 1 0 1.6395 1.54 1.584 1.696 1.744 11.663 9.4784 2.1847 86958000000.0 9110600000.0 0.0 1.6395 3.0 32.58 10.31 1949200000.0 6073700000.0 1.1 -99.0 -99.0 -99.0 -99.0 6605 00000 -1.0
aegis 683 2 1 1 1.6872 1.654 1.6756 1.7191 1.7411 4.4083 1.7638 2.6445 16181000000.0 11028000000.0 1.0 1.6587 2.0 6.148 17.45 3750100000.0 7352000000.0 0.31 -99.0 -99.0 -99.0 -99.0 683 aegis-06-G141_00683 1.6872
aegis 30812 2 1 1 1.8165 1.7535 1.7986 1.8651 1.9004 21.26 15.355 5.9051 140870000000.0 24625000000.0 0.0 1.8927 2.0 53.88 10.0 16069000000.0 16417000000.0 -0.77 -99.0 -99.0 -99.0 -99.0 30812 aegis-22-G141_30812 1.81651
aegis 41042 3 1 0 1.8215 1.767 1.783 1.858 1.883 9.1698 5.1475 4.0223 47225000000.0 16774000000.0 1.0 1.8215 3.0 19.26 21.29 3313800000.0 11182000000.0 1.29 -99.0 -99.0 -99.0 -99.0 41042 00000 -1.0
aegis 15088 3 1 0 1.9591 1.858 1.891 2.042 2.135 111.92 99.761 12.162 915240000000.0 50716000000.0 0.0 1.9591 3.0 319.9 17.0 32146000000.0 33811000000.0 -0.72 -99.0 -99.0 -99.0 -99.0 15088 00000 -1.0
aegis 1420 3 1 0 1.873 1.789 1.821 1.925 1.991 34.022 31.957 2.0649 293180000000.0 8611000000.0 0.0 1.873 3.0 114.7 20.01 4762400000.0 5740700000.0 -0.56 -99.0 -99.0 -99.0 -99.0 1420 00000 -1.0
aegis 19743 2 1 1 1.5156 1.4916 1.5014 1.5178 1.5239 164.12 161.2 2.9264 1478900000000.0 12204000000.0 0.0 1.5751 2.0 547.2 15.09 1449600000.0 8135800000.0 2.17 27.28 2.44 109.47 10.4 19743 aegis-14-G141_19743 1.51557
aegis 31839 3 1 0 1.9626 1.834 1.898 2.027 2.064 13.719 11.673 2.0466 107090000000.0 8534400000.0 0.0 1.9626 3.0 37.25 13.09 654980000.0 5689600000.0 2.6 -99.0 -99.0 -99.0 -99.0 31839 aegis-20-G141_31839 2.16452
aegis 39067 2 1 1 1.9922 1.9876 1.9897 1.9945 1.9983 25.461 22.926 2.5347 210330000000.0 10570000000.0 0.0 1.9304 2.0 76.5 17.02 5075000000.0 7046600000.0 -0.43 -99.0 -99.0 -99.0 -99.0 39067 aegis-17-G141_39067 1.99217
aegis 30967 2 1 1 1.9081 1.9023 1.9051 1.9104 1.9154 55.22 50.353 4.8674 461950000000.0 20298000000.0 0.0 2.0686 2.0 137.6 12.78 7506000000.0 13532000000.0 -0.0 -99.0 -99.0 -99.0 -99.0 30967 aegis-23-G141_30967 1.9081
aegis 18922 3 1 0 1.6912 1.611 1.64 1.743 1.791 40.264 25.941 14.323 237990000000.0 59730000000.0 0.0 1.6912 3.0 92.81 13.32 16098000000.0 39820000000.0 0.37 -99.0 -99.0 -99.0 -99.0 18922 00000 -1.0
aegis 1821 3 1 0 1.6169 1.519 1.566 1.669 1.705 13.807 9.5441 4.263 87560000000.0 17777000000.0 0.0 1.6169 3.0 32.42 24.07 2029500000.0 11852000000.0 2.14 -99.0 -99.0 -99.0 -99.0 1821 00000 -1.0
aegis 2162 3 1 0 1.5106 1.353 1.415 1.58 1.826 1.9273 -99.0 1.9273 -99.0 8037000000.0 2.0 1.5106 3.0 -20.6 16.61 9588900000.0 5358000000.0 -1.93 -99.0 -99.0 -99.0 -99.0 2162 00000 -1.0
aegis 10929 3 1 0 1.9773 1.789 1.883 2.069 2.203 2.7969 -99.0 2.7969 -99.0 11663000000.0 2.0 1.9773 3.0 -10.19 10.06 11430000000.0 7775700000.0 -1.57 -99.0 -99.0 -99.0 -99.0 10929 aegis-02-G141_10929 1.92414
aegis 34311 2 1 1 1.5409 1.4944 1.5361 1.5836 1.8164 6.627 3.8369 2.7901 35201000000.0 11635000000.0 0.0 1.6621 2.0 13.41 13.19 9642100000.0 7756600000.0 -1.33 3.18 0.6 311.47 71.99 34311 aegis-11-G141_34311 1.54085
aegis 15640 3 1 0 1.9691 1.785 1.875 2.057 2.129 6.0719 2.7628 3.3091 25347000000.0 13799000000.0 1.0 1.9691 3.0 8.733 11.9 14898000000.0 9199500000.0 -1.76 -99.0 -99.0 -99.0 -99.0 15640 aegis-28-G141_15640 1.94763
aegis 11729 2 1 1 1.6169 1.6114 1.6134 1.6175 1.6193 6.4526 3.256 3.1966 29872000000.0 13330000000.0 1.0 1.6305 2.0 11.13 16.89 12986000000.0 8886700000.0 -1.63 -99.0 -99.0 -99.0 -99.0 11729 aegis-30-G141_11729 1.61693
aegis 32138 2 1 1 1.6926 1.6745 1.6847 1.6999 1.7747 11.912 8.7049 3.2071 79862000000.0 13374000000.0 0.0 1.6162 2.0 29.56 14.49 11912000000.0 8916100000.0 -1.52 -99.0 -99.0 -99.0 -99.0 32138 aegis-17-G141_32138 1.69258
aegis 33791 3 1 0 1.6248 1.549 1.576 1.676 1.711 23.676 18.725 4.9504 171790000000.0 20644000000.0 0.0 1.6248 3.0 63.84 14.36 14626000000.0 13763000000.0 -1.04 -99.0 -99.0 -99.0 -99.0 33791 00000 -1.0
aegis 34008 2 1 1 1.7278 1.4743 1.6963 1.7754 1.8105 40.36 38.344 2.0162 351780000000.0 8407800000.0 0.0 1.626 2.0 130.8 8.539 6165500000.0 5605200000.0 -1.17 -99.0 -99.0 -99.0 -99.0 34008 aegis-04-G141_34008 1.72781
aegis 19878 3 1 0 1.5859 1.49 1.534 1.647 1.69 39.707 32.643 7.0641 299480000000.0 29458000000.0 0.0 1.5859 3.0 110.5 12.5 22344000000.0 19639000000.0 -1.17 -99.0 -99.0 -99.0 -99.0 19878 00000 -1.0
aegis 23281 2 1 1 1.8648 1.8571 1.8605 1.8666 1.8689 19.838 16.059 3.7786 147330000000.0 15757000000.0 0.0 1.8954 2.0 56.17 16.0 10951000000.0 10505000000.0 -1.09 -99.0 -99.0 -99.0 -99.0 23281 aegis-13-G141_23281 1.8648
aegis 37221 2 1 1 1.9125 1.8942 1.9013 1.9148 1.9203 22.015 15.544 6.4714 142610000000.0 26986000000.0 0.0 1.8708 2.0 55.91 11.11 21460000000.0 17991000000.0 -1.26 -99.0 -99.0 -99.0 -99.0 37221 aegis-19-G141_37221 1.91247
aegis 24889 2 1 1 1.6091 1.5957 1.6101 1.7556 1.788 15.545 7.9388 7.6067 72833000000.0 31721000000.0 0.0 1.6694 2.0 27.91 14.37 35269000000.0 21147000000.0 -1.85 -99.0 -99.0 -99.0 -99.0 24889 aegis-08-G141_24889 1.60909
aegis 3577 3 1 0 1.7321 1.54 1.641 1.841 1.914 83.056 81.755 1.3009 750040000000.0 5425100000.0 0.0 1.7321 3.0 302.1 18.99 2800100000.0 3616700000.0 -0.43 -99.0 -99.0 -99.0 -99.0 3577 00000 -1.0
aegis 11048 2 1 1 1.9052 1.5643 1.7397 1.9322 1.9845 46.285 45.57 0.71543 418070000000.0 2983400000.0 0.0 1.8558 2.0 166.3 12.45 478740000.0 1989000000.0 1.65 -99.0 -99.0 -99.0 -99.0 11048 aegis-06-G141_11048 1.90519
aegis 36755 3 1 0 1.9443 1.83 1.887 2.004 2.048 130.71 102.39 28.326 939320000000.0 118120000000.0 0.0 1.9443 3.0 335.1 18.52 97466000000.0 78749000000.0 -1.29 -99.0 -99.0 -99.0 -99.0 36755 00000 -1.0
aegis 16759 3 1 0 1.8831 1.776 1.815 1.952 2.034 142.69 141.56 1.1369 1298700000000.0 4741000000.0 0.0 1.8831 3.0 502.4 9.857 1264400000.0 3160700000.0 0.36 -99.0 -99.0 -99.0 -99.0 16759 00000 -1.0
aegis 1006 3 1 0 1.5565 1.419 1.472 1.619 1.672 163.73 162.1 1.6255 1487200000000.0 6778700000.0 0.0 1.5565 3.0 553.9 16.11 3516000000.0 4519200000.0 -0.41 -99.0 -99.0 -99.0 -99.0 1006 00000 -1.0
aegis 18203 3 1 0 1.6711 1.562 1.594 1.752 1.853 75.185 71.382 3.803 654890000000.0 15859000000.0 0.0 1.6711 3.0 251.3 44.21 10723000000.0 10573000000.0 -0.72 -99.0 -99.0 -99.0 -99.0 18203 00000 -1.0
aegis 33551 2 1 1 1.5307 1.527 1.5285 1.5326 1.5353 320.04 305.08 14.961 2798900000000.0 62389000000.0 0.0 1.5572 2.0 1042.0 11.3 24578000000.0 41593000000.0 -0.04 57.56 2.28 210.33 9.48 33551 aegis-27-G141_33551 1.53071
aegis 34185 3 1 0 1.7221 1.62 1.669 1.77 1.855 191.28 188.36 2.9244 1728100000000.0 12195000000.0 0.0 1.7221 3.0 690.6 19.66 4085900000.0 8130100000.0 0.12 -99.0 -99.0 -99.0 -99.0 34185 00000 -1.0
aegis 766 3 1 0 1.9801 1.859 1.905 2.057 2.117 196.75 194.26 2.4832 1782200000000.0 10355000000.0 0.0 1.9801 3.0 603.9 35.67 1902400000.0 6903400000.0 1.42 -99.0 -99.0 -99.0 -99.0 766 00000 -1.0
aegis 2289 3 1 0 1.6564 1.571 1.611 1.705 1.744 151.17 146.79 4.3843 1346700000000.0 18283000000.0 0.0 1.6564 3.0 510.8 19.28 8815400000.0 12189000000.0 -0.33 -99.0 -99.0 -99.0 -99.0 2289 00000 -1.0
aegis 26649 3 1 0 1.8731 1.763 1.809 1.939 1.998 147.1 138.09 9.0091 1266900000000.0 37569000000.0 0.0 1.8731 3.0 495.6 11.48 18656000000.0 25046000000.0 -0.4 -99.0 -99.0 -99.0 -99.0 26649 00000 -1.0
aegis 1925 3 1 0 1.6214 1.549 1.579 1.663 1.689 624.74 612.23 12.506 5616800000000.0 52152000000.0 0.0 1.6214 3.0 2084.0 15.5 22238000000.0 34768000000.0 -0.31 -99.0 -99.0 -99.0 -99.0 1925 00000 -1.0
aegis 5128 2 1 1 1.7718 1.767 1.7694 1.7728 1.7744 10.161 3.1635 6.9974 29023000000.0 29180000000.0 1.0 1.6914 2.0 11.32 38.41 32338000000.0 19453000000.0 -1.79 -99.0 -99.0 -99.0 -99.0 5128 aegis-15-G141_05128 1.77181
aegis 9939 2 1 1 1.93 1.9257 1.9272 1.9305 1.9321 13.969 6.7309 7.2382 61751000000.0 30184000000.0 0.0 2.2949 2.0 13.1 12.38 32212000000.0 20123000000.0 -1.76 -99.0 -99.0 -99.0 -99.0 9939 aegis-21-G141_09939 1.92999
aegis 23901 2 1 1 1.7969 1.7923 1.7941 1.7976 1.7993 33.529 28.041 5.4878 257260000000.0 22885000000.0 0.0 1.8541 2.0 102.5 23.48 19887000000.0 15257000000.0 -1.38 -99.0 -99.0 -99.0 -99.0 23901 aegis-14-G141_23901 1.79687
aegis 15708 3 1 0 1.6418 1.515 1.572 1.713 1.811 22.263 18.521 3.742 169920000000.0 15605000000.0 0.0 1.6418 3.0 63.77 11.56 18084000000.0 10403000000.0 -1.89 -99.0 -99.0 -99.0 -99.0 15708 00000 -1.0
aegis 13722 3 1 0 1.5912 1.458 1.494 1.648 1.996 35.253 28.862 6.3912 264790000000.0 26652000000.0 0.0 1.5912 3.0 97.7 21.43 25667000000.0 17768000000.0 -1.57 -99.0 -99.0 -99.0 -99.0 13722 00000 -1.0
aegis 26721 2 1 1 1.8053 1.7969 1.8035 1.9127 2.1686 34.93 29.067 5.8629 266670000000.0 24449000000.0 0.0 1.9884 2.0 89.23 13.37 26210000000.0 16300000000.0 -1.79 -99.0 -99.0 -99.0 -99.0 26721 aegis-23-G141_26721 1.80527
aegis 537 3 1 0 1.7594 1.606 1.678 1.848 1.908 26.259 24.795 1.4641 227480000000.0 6105400000.0 0.0 1.7594 3.0 93.06 22.43 5016400000.0 4070300000.0 -1.47 -99.0 -99.0 -99.0 -99.0 537 00000 -1.0
aegis 4370 3 1 0 1.8135 1.722 1.753 1.871 1.914 177.21 162.77 14.436 1493300000000.0 60202000000.0 0.0 1.8135 3.0 610.7 14.96 42806000000.0 40135000000.0 -1.06 -99.0 -99.0 -99.0 -99.0 4370 00000 -1.0
aegis 10018 2 1 1 1.7913 1.7838 1.7874 1.7977 1.8675 95.759 91.997 3.7616 844010000000.0 15686000000.0 0.0 1.426 2.0 351.6 13.12 14570000000.0 10458000000.0 -1.53 -99.0 -99.0 -99.0 -99.0 10018 aegis-30-G141_10018 1.79128
aegis 5702 3 1 0 1.6094 1.538 1.556 1.662 1.727 280.13 277.69 2.4469 2547600000000.0 10204000000.0 0.0 1.6094 3.0 940.0 104.6 3178700000.0 6802700000.0 0.45 -99.0 -99.0 -99.0 -99.0 5702 00000 -1.0
aegis 12753 3 1 0 1.6097 1.542 1.567 1.654 1.685 247.5 241.58 5.9197 2216400000000.0 24686000000.0 0.0 1.6097 3.0 817.9 14.6 9725600000.0 16457000000.0 0.08 -99.0 -99.0 -99.0 -99.0 12753 00000 -1.0
aegis 23645 2 1 1 1.8053 1.7184 1.7268 1.8071 1.8118 584.4 581.31 3.0907 5333100000000.0 12888000000.0 0.0 2.1067 2.0 1502.0 14.77 2391100000.0 8592300000.0 1.35 -99.0 -99.0 -99.0 -99.0 23645 aegis-14-G141_23645 1.80527
aegis 24816 3 1 0 1.578 1.465 1.502 1.622 1.901 286.72 285.39 1.3295 2618300000000.0 5544300000.0 0.0 1.578 3.0 968.0 52.75 1986500000.0 3696200000.0 0.09 -99.0 -99.0 -99.0 -99.0 24816 00000 -1.0
aegis 38174 2 1 1 1.9154 1.9067 1.9091 1.9151 1.9171 717.96 711.75 6.2069 6529800000000.0 25884000000.0 0.0 1.6225 2.0 2424.0 70.64 17829000000.0 17256000000.0 -0.94 -99.0 -99.0 -99.0 -99.0 38174 aegis-22-G141_38174 1.91538
aegis 1562 2 1 1 2.3351 2.3271 2.332 2.342 2.3475 0.0025323 -99.0 0.0025323 -99.0 10560000.0 2.0 0.05 2.0 -19.67 15.87 11612000.0 7040100.0 -1.79 -99.0 -99.0 -99.0 -99.0 1562 aegis-07-G141_01562 2.33509
aegis 4711 2 1 1 2.1867 2.1826 2.1842 2.1877 2.1893 0.0021683 0.0014861 0.00068212 13634000.0 2844500.0 0.0 0.0213 2.0 176.5 8.717 3322600.0 1896400.0 -1.91 -99.0 -99.0 -99.0 -99.0 4711 aegis-30-G141_04711 2.18674
aegis 22931 2 1 1 2.2953 2.2915 2.2933 2.297 2.2988 0.0024993 0.00046332 0.0020359 4250700.0 8490100.0 1.0 0.0453 2.0 11.29 12.42 9205500.0 5660100.0 -1.77 -99.0 -99.0 -99.0 -99.0 22931 aegis-01-G141_22931 2.29531
aegis 36035 2 1 1 2.3102 2.3063 2.3081 2.3121 2.315 0.0028677 0.0010123 0.0018554 9286700.0 7737400.0 0.0 0.0405 2.0 31.4 15.05 8639300.0 5158300.0 -1.81 -99.0 -99.0 -99.0 -99.0 36035 aegis-20-G141_36035 2.31017
aegis 3204 2 1 1 2.1377 2.1327 2.1347 2.1386 2.1405 0.0027987 0.0019685 0.00083023 18059000.0 3462200.0 0.0 0.0503 2.0 38.31 21.7 3474600.0 2308100.0 -1.66 -99.0 -99.0 -99.0 -99.0 3204 aegis-18-G141_03204 2.13773
aegis 24342 3 1 0 2.1033 5.702 5.754 5.949 5.959 0.36991 0.030724 0.33919 281870000.0 1414500000.0 1.0 2.1033 3.0 0.07979 9.174 107690000.0 942980000.0 2.75 0.99 0.74 6112.3 15077200.06 24342 aegis-29-G141_24342 1.52565
aegis 2895 3 1 0 2.0654 1.893 1.978 2.164 2.248 0.74295 0.44001 0.30294 4036800000.0 1263300000.0 1.0 2.0654 3.0 1.208 22.29 419740000.0 842200000.0 0.04 -99.0 -99.0 -99.0 -99.0 2895 00000 -1.0
aegis 8870 2 1 1 2.0087 1.9896 1.9987 2.0114 2.0199 2.925 -99.0 2.925 -99.0 12198000000.0 2.0 1.8293 2.0 -14.82 9.883 12470000000.0 8131800000.0 -1.73 -99.0 -99.0 -99.0 -99.0 8870 aegis-07-G141_08870 2.00868
aegis 10692 3 1 0 2.1464 2.053 2.095 2.202 2.242 2.0074 -99.0 2.0074 -99.0 8371200000.0 2.0 2.1464 3.0 -17.29 20.08 2363100000.0 5580800000.0 0.24 -99.0 -99.0 -99.0 -99.0 10692 00000 -1.0
aegis 3404 3 1 0 2.3403 2.259 2.293 2.388 2.416 5.8812 2.5776 3.3036 23647000000.0 13777000000.0 1.0 2.3403 3.0 4.708 30.52 4523300000.0 9184400000.0 0.2 -99.0 -99.0 -99.0 -99.0 3404 00000 -1.0
aegis 7902 3 1 0 2.2131 2.069 2.125 2.305 2.388 0.7296 0.12711 0.60249 1166100000.0 2512500000.0 1.0 2.2131 3.0 0.2796 7.544 850310000.0 1675000000.0 0.24 1.39 0.75 190.21 110.17 7902 aegis-30-G141_07902 1.13187
aegis 22699 3 1 0 2.1358 2.046 2.084 2.186 2.219 7.6995 3.3559 4.3436 30788000000.0 18113000000.0 1.0 2.1358 3.0 8.304 13.8 4110300000.0 12076000000.0 0.87 -99.0 -99.0 -99.0 -99.0 22699 00000 -1.0
aegis 37250 2 1 1 2.2772 2.2501 2.2645 2.2866 2.2988 2.3663 -99.0 2.3663 -99.0 9867800000.0 2.0 2.2512 2.0 -0.4892 10.91 3469800000.0 6578500000.0 -0.02 -99.0 -99.0 -99.0 -99.0 37250 aegis-11-G141_37250 2.27723
aegis 19074 3 1 0 2.0967 1.909 2.012 2.178 2.236 3.8041 2.7803 1.0238 25507000000.0 4269400000.0 1.0 2.0967 3.0 7.292 12.68 212590000.0 2846300000.0 3.33 -99.0 -99.0 -99.0 -99.0 19074 00000 -1.0
aegis 23341 2 1 1 2.0694 1.9924 2.0603 2.1843 2.2861 0.69441 -99.0 0.69441 -99.0 2895800000.0 2.0 2.0623 2.0 -13.1 11.01 260380000.0 1930500000.0 2.85 -99.0 -99.0 -99.0 -99.0 23341 aegis-01-G141_23341 2.06945
aegis 9128 2 1 1 2.1346 2.1193 2.1273 2.1402 2.1469 2.7255 -99.0 2.7255 -99.0 11366000000.0 2.0 2.1277 2.0 -7.286 15.84 1367900000.0 7577100000.0 2.08 -99.0 -99.0 -99.0 -99.0 9128 aegis-21-G141_09128 2.1346
aegis 36574 3 1 0 2.069 1.973 2.011 2.125 2.185 4.7354 0.83519 3.9002 7662300000.0 16265000000.0 1.0 2.069 3.0 2.281 11.22 2698400000.0 10843000000.0 1.45 -99.0 -99.0 -99.0 -99.0 36574 00000 -1.0
aegis 11773 2 1 1 2.0313 2.0298 2.0325 2.0677 2.1056 10.659 9.0218 1.6368 82769000000.0 6825600000.0 0.0 2.023 2.0 26.35 11.96 1518500000.0 4550400000.0 1.02 -99.0 -99.0 -99.0 -99.0 11773 aegis-06-G141_11773 2.03133
aegis 32014 2 1 1 2.4591 2.3576 2.4416 2.4756 2.5277 2.1516 -99.0 2.1516 -99.0 8972400000.0 2.0 2.4196 2.0 -16.53 8.349 2282100000.0 5981600000.0 0.51 -99.0 -99.0 -99.0 -99.0 32014 aegis-11-G141_32014 2.45907
aegis 6057 3 1 0 2.0128 1.83 1.926 2.093 2.186 2.0379 -99.0 2.0379 -99.0 8498500000.0 2.0 2.0128 3.0 -0.1521 12.97 7210100000.0 5665600000.0 -1.34 -99.0 -99.0 -99.0 -99.0 6057 aegis-15-G141_06057 2.05415
aegis 25417 3 1 0 2.1261 2.23 2.246 2.406 2.519 0.85998 -99.0 0.85998 -99.0 3586300000.0 2.0 2.1261 3.0 -0.543 15.55 3890700000.0 2390800000.0 -1.83 -99.0 -99.0 -99.0 -99.0 25417 00000 -1.0
aegis 6298 3 1 0 2.0755 2.08 2.102 2.297 2.41 0.5549 -99.0 0.5549 -99.0 2314000000.0 2.0 2.0755 3.0 -30.33 16.55 2722700000.0 1542700000.0 -1.91 -99.0 -99.0 -99.0 -99.0 6298 00000 -1.0
aegis 24846 3 1 0 2.2024 2.027 2.111 2.294 2.35 1.8346 -99.0 1.8346 -99.0 7650500000.0 2.0 2.2024 3.0 -5.236 7.325 7659100000.0 5100300000.0 -1.68 -99.0 -99.0 -99.0 -99.0 24846 00000 -1.0
aegis 29874 3 1 0 2.0167 2.01 2.023 2.153 2.223 1.5717 0.7014 0.87034 6434900000.0 3629400000.0 1.0 2.0167 3.0 2.067 9.767 4711900000.0 2419600000.0 -2.01 -99.0 -99.0 -99.0 -99.0 29874 aegis-05-G141_29874 2.17402
aegis 37292 3 1 0 2.261 2.112 2.189 2.337 2.395 4.1502 -99.0 4.1502 -99.0 17307000000.0 2.0 2.261 3.0 -7.599 9.368 11911000000.0 11538000000.0 -0.82 -99.0 -99.0 -99.0 -99.0 37292 aegis-19-G141_37292 2.13303
aegis 11296 3 1 0 2.4497 2.289 2.361 2.542 2.619 3.846 -99.0 3.846 -99.0 16038000000.0 2.0 2.4497 3.0 -3.268 15.88 15017000000.0 10692000000.0 -1.54 -99.0 -99.0 -99.0 -99.0 11296 00000 -1.0
aegis 20671 3 1 0 2.3786 2.211 2.292 2.465 2.539 4.5348 -99.0 4.5348 -99.0 18911000000.0 2.0 2.3786 3.0 -1.406 12.76 15974000000.0 12607000000.0 -1.34 -99.0 -99.0 -99.0 -99.0 20671 00000 -1.0
aegis 7276 3 1 0 2.2127 2.076 2.137 2.285 2.331 4.2773 -99.0 4.2773 -99.0 17837000000.0 2.0 2.2127 3.0 -6.078 16.76 20015000000.0 11891000000.0 -1.85 -99.0 -99.0 -99.0 -99.0 7276 aegis-30-G141_07276 2.4608
aegis 30095 3 1 0 2.1847 1.994 2.094 2.276 2.343 2.4648 -99.0 2.4648 -99.0 10279000000.0 2.0 2.1847 3.0 -8.04 17.54 11201000000.0 6852500000.0 -1.82 -99.0 -99.0 -99.0 -99.0 30095 00000 -1.0
aegis 22314 3 1 0 2.3099 2.135 2.219 2.402 2.474 2.9597 -99.0 2.9597 -99.0 12342000000.0 2.0 2.3099 3.0 -8.088 11.02 12013000000.0 8228100000.0 -1.63 -99.0 -99.0 -99.0 -99.0 22314 00000 -1.0
aegis 26074 3 1 0 2.4137 2.292 2.345 2.483 2.551 5.7044 -99.0 5.7044 -99.0 23788000000.0 2.0 2.4137 3.0 -1.439 14.01 22327000000.0 15859000000.0 -1.52 -99.0 -99.0 -99.0 -99.0 26074 aegis-29-G141_26074 2.69138
aegis 4879 3 1 0 2.0027 1.816 1.916 2.087 2.153 1.932 -99.0 1.932 -99.0 8056900000.0 2.0 2.0027 3.0 -11.91 14.83 5603400000.0 5371200000.0 -1.0 -99.0 -99.0 -99.0 -99.0 4879 aegis-02-G141_04879 2.01169
aegis 33602 2 1 1 2.243 2.218 2.2343 2.2522 2.2591 6.1003 3.3078 2.7925 30347000000.0 11645000000.0 1.0 2.2295 2.0 7.093 11.8 7161500000.0 7763400000.0 -0.6 -99.0 -99.0 -99.0 -99.0 33602 aegis-17-G141_33602 2.243
aegis 5650 2 1 1 2.3201 2.292 2.3085 2.3391 2.3619 6.9103 3.693 3.2173 33880000000.0 13417000000.0 1.0 2.2658 2.0 7.495 11.61 5498700000.0 8944500000.0 0.0 -99.0 -99.0 -99.0 -99.0 5650 aegis-07-G141_05650 2.32012
aegis 40486 3 1 0 2.4429 2.358 2.391 2.498 2.539 15.981 1.9039 14.077 17467000000.0 58705000000.0 1.0 2.4429 3.0 2.918 12.06 41760000000.0 39136000000.0 -1.0 -99.0 -99.0 -99.0 -99.0 40486 00000 -1.0
aegis 12873 2 1 1 2.4195 2.3981 2.4088 2.4313 2.5136 9.0077 4.2235 4.7842 38748000000.0 19951000000.0 1.0 2.4394 2.0 6.519 10.18 10844000000.0 13301000000.0 -0.5 -99.0 -99.0 -99.0 -99.0 12873 aegis-28-G141_12873 2.41952
aegis 7262 3 1 0 2.098 1.961 2.011 2.191 2.32 24.263 23.907 0.35681 219330000000.0 1488000000.0 0.0 2.098 3.0 62.58 16.32 191090000.0 991970000.0 2.3 -99.0 -99.0 -99.0 -99.0 7262 aegis-12-G141_07262 2.01169
aegis 32759 3 1 0 2.2168 2.065 2.122 2.306 2.372 6.6579 -99.0 6.6579 -99.0 27764000000.0 2.0 2.2168 3.0 -7.028 22.95 19453000000.0 18510000000.0 -1.05 -99.0 -99.0 -99.0 -99.0 32759 00000 -1.0
aegis 22543 3 1 0 2.4137 2.322 2.356 2.477 2.519 22.17 7.4196 14.75 68070000000.0 61510000000.0 1.0 2.4137 3.0 12.02 13.36 43674000000.0 41006000000.0 -1.0 -99.0 -99.0 -99.0 -99.0 22543 00000 -1.0
aegis 38908 3 1 0 2.2784 2.154 2.223 2.339 2.376 6.6808 0.43387 6.2469 3980500000.0 26051000000.0 1.0 2.2784 3.0 0.8646 12.63 18973000000.0 17367000000.0 -1.2 -99.0 -99.0 -99.0 -99.0 38908 00000 -1.0
aegis 5985 2 1 1 2.2123 2.0876 2.1979 2.3522 2.4089 24.611 21.451 3.1599 196800000000.0 13177000000.0 0.0 2.2233 2.0 46.44 18.58 8892300000.0 8784900000.0 -1.03 -99.0 -99.0 -99.0 -99.0 5985 aegis-06-G141_05985 2.21234
aegis 34152 2 1 1 2.0057 1.8711 1.9141 2.0137 2.0822 3.6994 1.7716 1.9278 16253000000.0 8039300000.0 1.0 1.8726 2.0 6.361 14.31 4886800000.0 5359600000.0 -0.57 -99.0 -99.0 -99.0 -99.0 34152 aegis-22-G141_34152 2.00567
aegis 1949 3 1 0 2.3905 2.246 2.308 2.466 2.627 7.6011 6.9887 0.61242 64117000000.0 2553900000.0 1.0 2.3905 3.0 11.8 23.44 181360000.0 1702600000.0 2.72 -99.0 -99.0 -99.0 -99.0 1949 aegis-15-G141_01949 1.99367
aegis 37664 3 1 0 2.2199 2.136 2.167 2.275 2.314 42.652 32.338 10.313 296680000000.0 43008000000.0 0.0 2.2199 3.0 70.38 23.29 35619000000.0 28672000000.0 -1.31 -99.0 -99.0 -99.0 -99.0 37664 00000 -1.0
aegis 34004 3 1 0 2.3659 2.208 2.282 2.441 2.61 28.06 27.35 0.71052 250920000000.0 2963000000.0 0.0 2.3659 3.0 48.08 12.44 717130000.0 1975300000.0 0.39 -99.0 -99.0 -99.0 -99.0 34004 aegis-19-G141_34004 1.78849
aegis 7718 3 1 0 2.0226 1.913 1.969 2.079 2.116 52.283 46.572 5.7107 427270000000.0 23814000000.0 0.0 2.0226 3.0 136.1 10.19 10944000000.0 15876000000.0 -0.28 -99.0 -99.0 -99.0 -99.0 7718 00000 -1.0
aegis 37981 2 1 1 2.105 2.0238 2.0745 2.1285 2.1538 11.685 8.4619 3.2228 77633000000.0 13440000000.0 0.0 2.2859 2.0 16.68 9.12 5929900000.0 8959800000.0 -0.22 -99.0 -99.0 -99.0 -99.0 37981 aegis-11-G141_37981 2.10496
aegis 20216 3 1 0 2.3283 2.171 2.252 2.409 2.469 25.055 23.297 1.7586 213730000000.0 7333600000.0 0.0 2.3283 3.0 43.31 12.61 610260000.0 4889000000.0 2.66 -99.0 -99.0 -99.0 -99.0 20216 00000 -1.0
aegis 8635 3 1 0 2.1979 2.126 2.152 2.245 2.28 75.586 73.912 1.6738 678090000000.0 6980100000.0 0.0 2.1979 3.0 166.5 12.87 591700000.0 4653400000.0 2.56 -99.0 -99.0 -99.0 -99.0 8635 00000 -1.0
aegis 9870 2 1 1 2.394 2.3541 2.3709 2.3975 2.4084 24.407 20.603 3.8044 189020000000.0 15865000000.0 0.0 2.3936 2.0 34.61 10.19 8945000000.0 10577000000.0 -0.59 -99.0 -99.0 -99.0 -99.0 9870 aegis-30-G141_09870 2.39397
aegis 31103 2 1 1 2.3036 0.6428 2.2134 2.3944 2.4778 7.7016 -99.0 7.7016 -99.0 32117000000.0 2.0 2.3351 2.0 -10.41 12.52 34101000000.0 21411000000.0 -1.71 -99.0 -99.0 -99.0 -99.0 31103 aegis-08-G141_31103 2.30356
aegis 13218 3 1 0 2.297 2.171 2.228 2.367 2.411 6.1511 -99.0 6.1511 -99.0 25651000000.0 2.0 2.297 3.0 -34.48 15.6 26713000000.0 17101000000.0 -1.7 -99.0 -99.0 -99.0 -99.0 13218 aegis-26-G141_13218 2.39736
aegis 30109 3 1 0 2.4103 2.262 2.335 2.485 2.548 3.8359 -99.0 3.8359 -99.0 15996000000.0 2.0 2.4103 3.0 -29.65 16.27 19690000000.0 10664000000.0 -1.95 -99.0 -99.0 -99.0 -99.0 30109 00000 -1.0
aegis 34799 3 1 0 2.1016 1.741 2.033 2.194 2.273 8.5888 6.2874 2.3014 57683000000.0 9597200000.0 0.0 2.1016 3.0 16.37 15.89 8365200000.0 6398100000.0 -1.37 -99.0 -99.0 -99.0 -99.0 34799 aegis-23-G141_34799 2.33843
aegis 4039 3 1 0 2.0199 2.006 2.019 2.17 2.261 2.245 0.52189 1.7231 4788000000.0 7185500000.0 1.0 2.0199 3.0 1.531 15.7 8173600000.0 4790300000.0 -1.88 -99.0 -99.0 -99.0 -99.0 4039 aegis-30-G141_04039 1.79547
aegis 34189 3 1 0 2.1633 1.996 2.075 2.254 2.316 9.1831 4.5721 4.611 41946000000.0 19228000000.0 0.0 2.1633 3.0 10.86 9.236 19568000000.0 12819000000.0 -1.66 -99.0 -99.0 -99.0 -99.0 34189 00000 -1.0
aegis 39713 3 1 0 2.2838 2.101 2.198 2.37 2.425 3.3263 -99.0 3.3263 -99.0 13871000000.0 2.0 2.2838 3.0 -7.041 12.33 13783000000.0 9247500000.0 -1.61 -99.0 -99.0 -99.0 -99.0 39713 00000 -1.0
aegis 6758 3 1 0 2.346 2.251 2.287 2.469 2.608 3.7893 2.5065 1.2828 22995000000.0 5349600000.0 1.0 2.346 3.0 4.54 12.09 6059000000.0 3566400000.0 -1.87 -99.0 -99.0 -99.0 -99.0 6758 aegis-26-G141_06758 2.2838
aegis 38667 3 1 0 2.016 2.123 2.137 2.294 2.379 1.604 -99.0 1.604 -99.0 6688900000.0 2.0 2.016 3.0 -2.78 9.825 7318700000.0 4459300000.0 -1.84 -99.0 -99.0 -99.0 -99.0 38667 00000 -1.0
aegis 3679 3 1 0 2.126 1.915 2.033 2.223 2.29 9.9695 6.3693 3.6002 58434000000.0 15013000000.0 0.0 2.126 3.0 15.99 14.51 15340000000.0 10009000000.0 -1.67 -99.0 -99.0 -99.0 -99.0 3679 00000 -1.0
aegis 31911 3 1 0 2.4365 2.306 2.365 2.509 2.562 10.851 6.4217 4.4294 58914000000.0 18471000000.0 1.0 2.4365 3.0 9.97 12.44 17301000000.0 12314000000.0 -1.52 -99.0 -99.0 -99.0 -99.0 31911 aegis-27-G141_31911 2.39227
aegis 29904 3 1 0 2.3289 2.143 2.236 2.421 2.494 28.319 24.932 3.3868 228740000000.0 14123000000.0 0.0 2.3289 3.0 46.31 13.62 12682000000.0 9415600000.0 -1.49 -99.0 -99.0 -99.0 -99.0 29904 aegis-10-G141_29904 2.32676
aegis 20668 2 1 1 2.3468 2.2131 2.335 2.3544 2.3677 29.514 24.088 5.4265 220990000000.0 22629000000.0 0.0 2.3581 2.0 42.86 13.02 16333000000.0 15086000000.0 -1.01 -99.0 -99.0 -99.0 -99.0 20668 aegis-03-G141_20668 2.34678
aegis 31977 3 1 0 2.2518 2.097 2.178 2.33 2.378 6.2411 1.2056 5.0355 11061000000.0 20999000000.0 1.0 2.2518 3.0 2.498 12.12 20254000000.0 13999000000.0 -1.58 -99.0 -99.0 -99.0 -99.0 31977 aegis-13-G141_31977 2.13773
aegis 16496 2 1 1 2.1614 2.1489 2.1557 2.1687 2.1755 41.831 35.729 6.1025 327790000000.0 25448000000.0 0.0 2.042 2.0 101.5 10.71 18702000000.0 16966000000.0 -1.09 -99.0 -99.0 -99.0 -99.0 16496 aegis-09-G141_16496 2.16135
aegis 25522 2 1 1 2.2236 2.2184 2.2206 2.2247 2.2266 45.906 30.605 15.301 280780000000.0 63808000000.0 0.0 2.2845 2.0 60.45 15.87 61848000000.0 42538000000.0 -1.56 -99.0 -99.0 -99.0 -99.0 25522 aegis-14-G141_25522 2.2236
aegis 28421 2 1 1 2.2333 2.1895 2.2177 2.2918 2.3455 74.103 68.273 5.8298 626360000000.0 24311000000.0 0.0 2.2863 2.0 134.5 16.38 12364000000.0 16207000000.0 -0.39 -99.0 -99.0 -99.0 -99.0 28421 aegis-16-G141_28421 2.23329
aegis 265 3 1 0 2.4293 2.313 2.367 2.493 2.543 38.697 32.58 6.1166 298900000000.0 25507000000.0 0.0 2.4293 3.0 51.27 20.51 16203000000.0 17005000000.0 -0.62 -99.0 -99.0 -99.0 -99.0 265 00000 -1.0
aegis 18407 3 1 0 2.3995 2.247 2.317 2.481 2.568 102.39 95.826 6.561 879130000000.0 27360000000.0 0.0 2.3995 3.0 159.4 15.72 17487000000.0 18240000000.0 -0.65 -99.0 -99.0 -99.0 -99.0 18407 00000 -1.0
aegis 22370 3 1 0 2.2533 2.144 2.182 2.321 2.417 100.67 94.96 5.7072 871190000000.0 23800000000.0 0.0 2.2533 3.0 196.3 11.54 17352000000.0 15867000000.0 -1.04 -99.0 -99.0 -99.0 -99.0 22370 00000 -1.0
aegis 39111 2 1 1 2.2252 2.158 2.1751 2.2556 2.2833 48.129 42.41 5.7195 389080000000.0 23851000000.0 0.0 2.1258 2.0 106.5 10.66 19471000000.0 15901000000.0 -1.33 -99.0 -99.0 -99.0 -99.0 39111 aegis-11-G141_39111 2.22522
aegis 8327 3 1 0 2.1176 1.955 2.03 2.208 2.251 177.57 173.92 3.6469 1595600000000.0 15208000000.0 0.0 2.1176 3.0 442.1 12.28 7813800000.0 10139000000.0 -0.41 -99.0 -99.0 -99.0 -99.0 8327 00000 -1.0
aegis 27825 3 1 0 2.4725 2.359 2.409 2.54 2.583 120.93 108.87 12.058 998830000000.0 50282000000.0 0.0 2.4725 3.0 157.2 58.62 27220000000.0 33521000000.0 -0.44 -99.0 -99.0 -99.0 -99.0 27825 aegis-16-G141_27825 2.29366
aegis 10494 2 1 1 2.2953 2.2876 2.2908 2.2963 2.2987 83.979 66.214 17.765 607460000000.0 74084000000.0 0.0 2.1137 2.0 169.3 12.37 25991000000.0 49389000000.0 0.34 -99.0 -99.0 -99.0 -99.0 10494 aegis-28-G141_10494 2.29531
aegis 22666 3 1 0 2.0512 1.92 1.991 2.115 2.184 203.13 200.87 2.2569 1842900000000.0 9411600000.0 0.0 2.0512 3.0 563.0 12.78 2456900000.0 6274400000.0 0.24 -99.0 -99.0 -99.0 -99.0 22666 00000 -1.0
aegis 11416 3 1 0 2.1553 2.06 2.105 2.208 2.246 274.12 272.47 1.6478 2499800000000.0 6871600000.0 0.0 2.1553 3.0 655.1 15.14 646490000.0 4581100000.0 2.58 -99.0 -99.0 -99.0 -99.0 11416 00000 -1.0
aegis 12479 3 1 0 2.2208 2.126 2.159 2.281 2.379 314.67 311.69 2.9787 2859600000000.0 12422000000.0 0.0 2.2208 3.0 677.4 48.88 2332900000.0 8281000000.0 1.34 -99.0 -99.0 -99.0 -99.0 12479 00000 -1.0
aegis 31353 2 1 1 2.3301 2.3145 2.3202 2.3366 2.3564 362.06 353.29 8.7688 3241200000000.0 36567000000.0 0.0 2.3164 2.0 667.7 34.03 24439000000.0 24378000000.0 -1.05 -99.0 -99.0 -99.0 -99.0 31353 aegis-17-G141_31353 2.33009
aegis 12227 3 1 0 2.4856 2.357 2.41 2.548 2.689 251.75 249.22 2.5234 2286500000000.0 10523000000.0 0.0 2.4856 3.0 349.6 13.46 6283500000.0 7015400000.0 -0.88 -99.0 -99.0 -99.0 -99.0 12227 00000 -1.0
aegis 2038 2 1 1 2.0618 2.0505 2.0558 2.0642 2.0675 21.216 17.128 4.0874 157140000000.0 17045000000.0 0.0 2.0093 2.0 51.01 12.66 16321000000.0 11363000000.0 -1.53 -99.0 -99.0 -99.0 -99.0 2038 aegis-28-G141_02038 2.06179
aegis 24107 3 1 0 2.4956 2.386 2.43 2.558 2.59 24.405 13.587 10.818 124650000000.0 45113000000.0 0.0 2.4956 3.0 18.64 12.2 49812000000.0 30075000000.0 -1.79 -99.0 -99.0 -99.0 -99.0 24107 00000 -1.0
aegis 18873 2 1 1 2.3052 2.298 2.3008 2.3069 2.3101 15.735 7.6596 8.0757 70272000000.0 33677000000.0 0.0 2.3987 2.0 12.76 10.95 37935000000.0 22451000000.0 -1.84 -99.0 -99.0 -99.0 -99.0 18873 aegis-29-G141_18873 2.30521
aegis 10802 3 1 0 2.4309 2.292 2.365 2.5 2.549 22.97 18.184 4.7861 166820000000.0 19959000000.0 0.0 2.4309 3.0 28.53 12.79 18429000000.0 13306000000.0 -1.52 -99.0 -99.0 -99.0 -99.0 10802 aegis-30-G141_10802 2.37198
aegis 4853 2 1 1 2.3036 2.2979 2.3006 2.3056 2.3083 47.342 41.112 6.2303 377180000000.0 25981000000.0 0.0 2.3023 2.0 79.21 13.75 22952000000.0 17321000000.0 -1.42 -99.0 -99.0 -99.0 -99.0 4853 aegis-06-G141_04853 2.30356
aegis 8747 3 1 0 2.4998 2.335 2.399 2.594 2.658 24.655 18.629 6.0258 170910000000.0 25129000000.0 0.0 2.4998 3.0 25.32 12.1 20772000000.0 16752000000.0 -1.29 -99.0 -99.0 -99.0 -99.0 8747 00000 -1.0
aegis 31102 2 1 1 2.3669 2.3453 2.3585 2.3773 2.4652 55.902 46.639 9.2632 427880000000.0 38629000000.0 0.0 2.4861 2.0 65.35 10.76 29537000000.0 25752000000.0 -1.15 -99.0 -99.0 -99.0 -99.0 31102 aegis-05-G141_31102 2.36693
aegis 8713 3 1 0 2.1958 2.046 2.113 2.278 2.33 18.312 14.402 3.9101 132130000000.0 16306000000.0 0.0 2.1958 3.0 32.55 12.37 15950000000.0 10870000000.0 -1.56 -99.0 -99.0 -99.0 -99.0 8713 aegis-06-G141_08713 2.23329
aegis 23458 2 1 1 2.297 2.0685 2.1414 2.3176 2.3395 34.734 28.229 6.5051 258980000000.0 27127000000.0 0.0 2.2755 2.0 56.49 10.05 25896000000.0 18085000000.0 -1.55 -99.0 -99.0 -99.0 -99.0 23458 aegis-24-G141_23458 2.29696
aegis 21822 3 1 0 2.4481 2.289 2.354 2.539 2.638 32.617 30.468 2.1492 279520000000.0 8962300000.0 0.0 2.4481 3.0 46.21 15.24 7254000000.0 5974900000.0 -1.3 -99.0 -99.0 -99.0 -99.0 21822 00000 -1.0
aegis 1648 3 1 0 2.1467 2.036 2.087 2.21 2.249 152.53 140.94 11.584 1293100000000.0 48309000000.0 0.0 2.1467 3.0 343.2 24.57 39244000000.0 32206000000.0 -1.27 -99.0 -99.0 -99.0 -99.0 1648 00000 -1.0
aegis 3092 3 1 0 2.4672 2.359 2.399 2.544 2.584 180.33 159.59 20.745 1464100000000.0 86511000000.0 0.0 2.4672 3.0 232.9 21.84 58923000000.0 57674000000.0 -0.76 -99.0 -99.0 -99.0 -99.0 3092 00000 -1.0
aegis 20679 3 1 0 2.2475 2.16 2.194 2.304 2.346 85.79 75.705 10.085 694540000000.0 42057000000.0 0.0 2.2475 3.0 157.9 12.74 33302000000.0 28038000000.0 -1.19 -99.0 -99.0 -99.0 -99.0 20679 00000 -1.0
aegis 20806 3 1 0 2.4542 2.362 2.397 2.513 2.551 110.87 100.92 9.9429 925910000000.0 41463000000.0 0.0 2.4542 3.0 151.2 26.75 23861000000.0 27642000000.0 -0.43 -99.0 -99.0 -99.0 -99.0 20806 00000 -1.0
aegis 27187 2 1 1 2.3168 2.3117 2.3137 2.3182 2.3201 95.794 73.735 22.059 676460000000.0 91990000000.0 0.0 2.5304 2.0 93.26 11.53 79197000000.0 61326000000.0 -1.32 -99.0 -99.0 -99.0 -99.0 27187 aegis-01-G141_27187 2.3168
aegis 31082 2 1 1 2.3135 2.3086 2.3108 2.3164 2.3192 66.577 48.144 18.432 441690000000.0 76866000000.0 0.0 2.4881 2.0 67.16 10.42 63507000000.0 51244000000.0 -1.24 -99.0 -99.0 -99.0 -99.0 31082 aegis-11-G141_31082 2.31348
aegis 779 3 1 0 2.0565 1.915 1.973 2.149 2.187 247.34 245.41 1.9332 2251500000000.0 8061600000.0 0.0 2.0565 3.0 682.5 21.32 2797800000.0 5374400000.0 -0.02 -99.0 -99.0 -99.0 -99.0 779 00000 -1.0
aegis 25330 3 1 0 2.4441 2.366 2.396 2.495 2.52 177.75 157.75 19.994 1447300000000.0 83377000000.0 0.0 2.4441 3.0 241.2 14.72 59969000000.0 55585000000.0 -1.02 -99.0 -99.0 -99.0 -99.0 25330 00000 -1.0
aegis 17563 2 1 1 2.447 2.4267 2.4398 2.5639 2.5838 817.19 801.02 16.167 7348800000000.0 67419000000.0 0.0 2.537 2.0 997.0 12.24 32516000000.0 44946000000.0 -0.34 -99.0 -99.0 -99.0 -99.0 17563 aegis-10-G141_17563 2.44699
aegis 33192 2 1 1 2.5591 2.5508 2.554 2.5601 2.5625 0.011837 0.0091873 0.0026498 84287000.0 11050000.0 0.0 0.047 2.0 206.9 11.5 11141000.0 7366800.0 -1.69 -99.0 -99.0 -99.0 -99.0 33192 aegis-23-G141_33192 2.55907
aegis 25154 2 1 1 2.6437 2.6261 2.6347 2.6542 2.6675 2.547 -99.0 2.547 -99.0 10621000000.0 2.0 2.6158 2.0 -22.09 11.78 2234200000.0 7080900000.0 1.14 -99.0 -99.0 -99.0 -99.0 25154 aegis-24-G141_25154 2.6437
aegis 37206 3 1 0 2.5342 2.388 2.447 2.618 2.724 0.97517 -99.0 0.97517 -99.0 4066600000.0 2.0 2.5342 3.0 -10.89 12.2 448820000.0 2711100000.0 2.22 -99.0 -99.0 -99.0 -99.0 37206 00000 -1.0
aegis 8633 3 1 0 2.6362 2.499 2.562 2.714 2.767 5.3939 -99.0 5.3939 -99.0 22493000000.0 2.0 2.6362 3.0 -21.1 16.0 18106000000.0 14996000000.0 -1.27 -99.0 -99.0 -99.0 -99.0 8633 aegis-12-G141_08633 2.73034
aegis 9030 3 1 0 2.7535 2.579 2.666 2.842 2.902 4.5302 -99.0 4.5302 -99.0 18892000000.0 2.0 2.7535 3.0 -2.071 10.72 17361000000.0 12594000000.0 -1.43 -99.0 -99.0 -99.0 -99.0 9030 00000 -1.0
aegis 14203 3 1 0 2.6006 2.421 2.511 2.695 2.767 3.3193 -99.0 3.3193 -99.0 13842000000.0 2.0 2.6006 3.0 -15.57 15.32 13006000000.0 9228100000.0 -1.51 -99.0 -99.0 -99.0 -99.0 14203 00000 -1.0
aegis 30202 3 1 0 2.7246 2.544 2.631 2.821 2.92 0.68321 -99.0 0.68321 -99.0 2849100000.0 2.0 2.7246 3.0 -26.1 13.99 3359500000.0 1899400000.0 -1.89 -99.0 -99.0 -99.0 -99.0 30202 00000 -1.0
aegis 32165 3 1 0 2.9907 2.838 2.901 3.082 3.161 7.363 -99.0 7.363 -99.0 30705000000.0 2.0 2.9907 3.0 -25.5 12.32 21192000000.0 20470000000.0 -0.95 -99.0 -99.0 -99.0 -99.0 32165 00000 -1.0
aegis 37824 3 1 0 2.6841 2.535 2.6 2.767 2.833 4.8781 -99.0 4.8781 -99.0 20342000000.0 2.0 2.6841 3.0 -15.48 8.926 19768000000.0 13561000000.0 -1.56 -99.0 -99.0 -99.0 -99.0 37824 00000 -1.0
aegis 8903 3 1 0 2.5556 2.389 2.464 2.646 2.707 4.2429 -99.0 4.2429 -99.0 17694000000.0 2.0 2.5556 3.0 -2.552 12.03 21112000000.0 11796000000.0 -1.92 -99.0 -99.0 -99.0 -99.0 8903 aegis-07-G141_08903 2.62916
aegis 161 3 1 0 2.7596 2.631 2.686 2.837 2.886 7.0011 -99.0 7.0011 -99.0 29195000000.0 2.0 2.7596 3.0 -29.87 17.5 27400000000.0 19464000000.0 -1.5 -99.0 -99.0 -99.0 -99.0 161 00000 -1.0
aegis 23289 3 1 0 2.5729 2.433 2.492 2.656 2.722 7.8893 6.1579 1.7314 56495000000.0 7220100000.0 1.0 2.5729 3.0 7.012 9.068 2331500000.0 4813400000.0 0.53 -99.0 -99.0 -99.0 -99.0 23289 00000 -1.0
aegis 29807 3 1 0 2.6286 2.5 2.552 2.704 2.748 8.0273 -99.0 8.0273 -99.0 33475000000.0 2.0 2.6286 3.0 -9.654 11.0 32441000000.0 22317000000.0 -1.58 -99.0 -99.0 -99.0 -99.0 29807 00000 -1.0
aegis 26562 3 1 0 2.8135 2.622 2.729 2.902 2.964 19.117 15.457 3.6593 141810000000.0 15260000000.0 1.0 2.8135 3.0 10.06 11.19 10528000000.0 10173000000.0 -1.11 -99.0 -99.0 -99.0 -99.0 26562 aegis-24-G141_26562 2.91181
aegis 374 3 1 0 2.5975 2.434 2.514 2.687 2.76 6.0842 4.0161 2.0681 36845000000.0 8624300000.0 1.0 2.5975 3.0 4.299 16.57 10103000000.0 5749500000.0 -1.91 -99.0 -99.0 -99.0 -99.0 374 00000 -1.0
aegis 3833 3 1 0 2.6528 2.532 2.576 2.73 2.798 18.005 16.337 1.6684 149880000000.0 6957600000.0 1.0 2.6528 3.0 15.22 21.81 948200000.0 4638400000.0 1.87 -99.0 -99.0 -99.0 -99.0 3833 00000 -1.0
aegis 11120 3 1 0 2.553 2.429 2.473 2.634 2.762 14.813 13.326 1.4871 122250000000.0 6201500000.0 0.0 2.553 3.0 15.95 12.13 1571600000.0 4134400000.0 1.02 -99.0 -99.0 -99.0 -99.0 11120 aegis-12-G141_11120 2.58228
aegis 37884 2 1 1 2.5715 2.4163 2.5427 2.5835 2.5979 17.98 13.619 4.3612 124950000000.0 18187000000.0 0.0 2.5424 2.0 16.73 10.92 14206000000.0 12125000000.0 -1.35 -99.0 -99.0 -99.0 -99.0 37884 aegis-23-G141_37884 2.57155
aegis 6678 3 1 0 2.5486 2.384 2.46 2.636 2.706 18.858 14.438 4.4199 132460000000.0 18432000000.0 1.0 2.5486 3.0 17.47 17.49 12527000000.0 12288000000.0 -1.0 -99.0 -99.0 -99.0 -99.0 6678 00000 -1.0
aegis 570 3 1 0 2.6999 2.574 2.627 2.772 2.872 134.08 132.53 1.5512 1215800000000.0 6468700000.0 0.0 2.6999 3.0 110.1 21.92 557110000.0 4312500000.0 2.46 -99.0 -99.0 -99.0 -99.0 570 00000 -1.0
aegis 6787 2 1 1 2.662 2.4832 2.653 2.7455 2.7853 83.155 79.445 3.7099 728850000000.0 15471000000.0 1.0 2.6977 2.0 66.35 139.5 2289700000.0 10314000000.0 1.72 -99.0 -99.0 -99.0 -99.0 6787 aegis-28-G141_06787 2.66197
aegis 40115 3 1 0 2.7257 2.642 2.675 2.774 2.809 24.631 16.064 8.567 147370000000.0 35726000000.0 1.0 2.7257 3.0 12.56 14.21 11614000000.0 23817000000.0 0.33 -99.0 -99.0 -99.0 -99.0 40115 00000 -1.0
aegis 41013 3 1 0 2.8287 2.678 2.739 2.925 3.005 284.63 281.44 3.1894 2582000000000.0 13300000000.0 0.0 2.8287 3.0 178.2 20.59 681330000.0 8866900000.0 3.11 -99.0 -99.0 -99.0 -99.0 41013 00000 -1.0
aegis 13712 3 1 0 2.716 2.606 2.657 2.774 2.81 7.3402 -99.0 7.3402 -99.0 30610000000.0 2.0 2.716 3.0 -2.411 8.958 33986000000.0 20407000000.0 -1.79 -99.0 -99.0 -99.0 -99.0 13712 aegis-25-G141_13712 2.72475
aegis 25329 3 1 0 2.6671 2.491 2.57 2.761 2.831 4.1118 -99.0 4.1118 -99.0 17147000000.0 2.0 2.6671 3.0 -1.817 12.58 17856000000.0 11431000000.0 -1.64 -99.0 -99.0 -99.0 -99.0 25329 aegis-03-G141_25329 -1.0
aegis 1169 3 1 0 2.7124 2.532 2.621 2.805 2.871 3.5108 -99.0 3.5108 -99.0 14641000000.0 2.0 2.7124 3.0 -33.32 14.56 14838000000.0 9760400000.0 -1.64 -99.0 -99.0 -99.0 -99.0 1169 aegis-26-G141_01169 2.70803
aegis 10315 3 1 0 2.7816 2.663 2.712 2.85 2.893 6.7298 -99.0 6.7298 -99.0 28064000000.0 2.0 2.7816 3.0 -18.26 19.18 27951000000.0 18709000000.0 -1.59 -99.0 -99.0 -99.0 -99.0 10315 00000 -1.0
aegis 16057 3 1 0 2.8562 2.673 2.772 2.943 2.998 16.336 9.245 7.0914 84817000000.0 29572000000.0 1.0 2.8562 3.0 5.572 11.83 23392000000.0 19715000000.0 -1.21 -99.0 -99.0 -99.0 -99.0 16057 00000 -1.0
aegis 23736 3 1 0 2.558 2.426 2.497 2.621 2.663 10.103 -99.0 10.103 -99.0 42133000000.0 2.0 2.558 3.0 -1.093 12.63 38224000000.0 28089000000.0 -1.45 -99.0 -99.0 -99.0 -99.0 23736 00000 -1.0
aegis 31379 3 1 0 2.9185 2.81 2.853 2.988 3.047 8.2215 -99.0 8.2215 -99.0 34285000000.0 2.0 2.9185 3.0 -0.8846 12.65 31892000000.0 22856000000.0 -1.48 -99.0 -99.0 -99.0 -99.0 31379 aegis-19-G141_31379 3.02691
aegis 25649 3 1 0 2.6001 2.469 2.528 2.675 2.729 5.7057 -99.0 5.7057 -99.0 23794000000.0 2.0 2.6001 3.0 -5.517 11.03 23452000000.0 15862000000.0 -1.6 -99.0 -99.0 -99.0 -99.0 25649 aegis-24-G141_25649 2.66746
aegis 38257 2 1 1 2.5254 2.506 2.5185 2.5322 2.5383 22.985 13.214 9.7706 121230000000.0 40745000000.0 0.0 2.4978 2.0 18.04 11.44 35822000000.0 27163000000.0 -1.39 -99.0 -99.0 -99.0 -99.0 38257 aegis-23-G141_38257 2.52542
aegis 245 3 1 0 2.8979 2.819 2.852 2.951 2.966 15.212 -99.0 15.212 -99.0 63438000000.0 2.0 2.8979 3.0 -23.3 15.91 68238000000.0 42292000000.0 -1.69 -99.0 -99.0 -99.0 -99.0 245 00000 -1.0
aegis 37855 3 1 0 2.615 2.493 2.536 2.692 2.737 12.565 6.9063 5.6592 63360000000.0 23600000000.0 1.0 2.615 3.0 7.073 14.57 18930000000.0 15733000000.0 -1.29 -99.0 -99.0 -99.0 -99.0 37855 aegis-23-G141_37855 2.6693
aegis 10570 2 1 1 2.7099 2.6955 2.7037 2.7158 2.7213 55.156 47.634 7.5219 437010000000.0 31367000000.0 0.0 2.7282 2.0 37.03 12.3 18038000000.0 20912000000.0 -0.43 -99.0 -99.0 -99.0 -99.0 10570 aegis-07-G141_10570 2.70988
aegis 28007 2 1 1 2.7472 2.6285 2.7314 2.7534 2.7636 23.005 6.8212 16.184 62580000000.0 67490000000.0 1.0 2.7053 2.0 5.594 12.72 61002000000.0 44993000000.0 -1.42 -99.0 -99.0 -99.0 -99.0 28007 aegis-10-G141_28007 2.74717
aegis 3820 3 1 0 2.9061 2.745 2.816 2.999 3.086 33.463 30.683 2.7805 281490000000.0 11595000000.0 1.0 2.9061 3.0 16.89 20.41 14028000000.0 7730000000.0 -1.94 -99.0 -99.0 -99.0 -99.0 3820 00000 -1.0
aegis 37898 3 1 0 2.6329 2.527 2.569 2.698 2.736 42.362 27.192 15.17 249470000000.0 63260000000.0 0.0 2.6329 3.0 26.62 14.48 54238000000.0 42174000000.0 -1.35 -99.0 -99.0 -99.0 -99.0 37898 00000 -1.0
aegis 8871 2 1 1 2.7099 2.6974 2.7028 2.7128 2.7171 50.465 16.866 33.598 154740000000.0 140110000000.0 0.0 2.7191 2.0 13.39 9.116 131020000000.0 93406000000.0 -1.48 -99.0 -99.0 -99.0 -99.0 8871 aegis-12-G141_08871 2.70988
aegis 31932 3 1 0 2.503 2.392 2.436 2.569 2.627 32.061 14.628 17.433 134200000000.0 72700000000.0 0.0 2.503 3.0 19.74 15.62 59807000000.0 48466000000.0 -1.28 -99.0 -99.0 -99.0 -99.0 31932 00000 -1.0
aegis 32454 3 1 0 2.8685 2.713 2.777 2.968 3.046 76.407 71.757 4.6497 658320000000.0 19390000000.0 0.0 2.8685 3.0 42.31 13.3 10889000000.0 12927000000.0 -0.48 -99.0 -99.0 -99.0 -99.0 32454 aegis-13-G141_32454 3.03094
aegis 3675 2 1 1 2.5841 2.5633 2.5784 2.6014 3.0773 115.13 110.99 4.1421 1018200000000.0 17273000000.0 0.0 2.2174 2.0 242.5 14.14 4533800000.0 11516000000.0 0.68 -99.0 -99.0 -99.0 -99.0 3675 aegis-26-G141_03675 2.58407
aegis 14563 3 1 0 2.5976 2.498 2.533 2.663 2.727 128.96 127.18 1.7829 1166800000000.0 7435000000.0 0.0 2.5976 3.0 136.1 34.8 1367700000.0 4956700000.0 1.14 -99.0 -99.0 -99.0 -99.0 14563 aegis-29-G141_14563 2.13303
aegis 30744 3 1 0 2.5793 2.488 2.522 2.641 2.698 218.13 216.68 1.4571 1987800000000.0 6076300000.0 0.0 2.5793 3.0 242.8 13.07 868100000.0 4050900000.0 1.73 -99.0 -99.0 -99.0 -99.0 30744 00000 -1.0
aegis 25407 3 1 0 2.6229 2.419 2.523 2.722 2.775 101.14 95.915 5.2268 879960000000.0 21797000000.0 0.0 2.6229 3.0 96.29 12.65 15323000000.0 14531000000.0 -1.13 -99.0 -99.0 -99.0 -99.0 25407 aegis-13-G141_25407 2.59125
aegis 20958 2 1 1 2.8787 2.6949 2.72 2.882 2.8919 140.06 129.46 10.602 1187700000000.0 44210000000.0 0.0 2.8414 2.0 80.11 10.68 30858000000.0 29474000000.0 -1.02 -99.0 -99.0 -99.0 -99.0 20958 aegis-25-G141_20958 2.8787
aegis 15984 3 1 0 2.7199 2.63 2.664 2.764 2.965 406.98 402.19 4.7924 3689800000000.0 19985000000.0 0.0 2.7199 3.0 318.7 15.12 8637600000.0 13323000000.0 -0.39 -99.0 -99.0 -99.0 -99.0 15984 00000 -1.0
aegis 39955 2 1 1 2.9393 2.9301 2.9345 2.9456 2.9499 328.4 320.32 8.0786 2938800000000.0 33689000000.0 0.0 2.9407 2.0 165.1 14.52 23078000000.0 22459000000.0 -1.02 -99.0 -99.0 -99.0 -99.0 39955 aegis-23-G141_39955 2.93929
aegis 24320 3 1 0 2.6759 2.514 2.595 2.756 2.832 257.59 252.39 5.1924 2315500000000.0 21653000000.0 0.0 2.6759 3.0 222.1 55.43 13452000000.0 14435000000.0 -0.66 -99.0 -99.0 -99.0 -99.0 24320 00000 -1.0
aegis 39902 3 1 0 2.9509 2.801 2.855 3.05 3.237 604.11 601.87 2.244 5521700000000.0 9357900000.0 0.0 2.9509 3.0 304.0 22.61 3152400000.0 6238600000.0 0.04 -99.0 -99.0 -99.0 -99.0 39902 aegis-11-G141_39902 2.26415
aegis 39853 3 1 0 2.7069 2.576 2.672 2.762 2.773 189.18 180.18 9.002 1653000000000.0 37540000000.0 0.0 2.7069 3.0 147.2 38.93 16557000000.0 25026000000.0 -0.42 -99.0 -99.0 -99.0 -99.0 39853 00000 -1.0
aegis 21498 2 1 1 2.8439 2.5487 2.6789 2.8641 2.889 157.41 153.69 3.7251 1410000000000.0 15534000000.0 0.0 2.9352 2.0 80.08 9.912 4933500000.0 10356000000.0 0.35 -99.0 -99.0 -99.0 -99.0 21498 aegis-01-G141_21498 2.84395
aegis 38315 3 1 0 2.6147 2.514 2.558 2.676 2.719 17.023 10.079 6.9446 92466000000.0 28960000000.0 1.0 2.6147 3.0 10.33 14.37 33047000000.0 19307000000.0 -1.85 -99.0 -99.0 -99.0 -99.0 38315 00000 -1.0
aegis 27239 3 1 0 2.8499 2.759 2.793 2.908 2.938 7.3236 -99.0 7.3236 -99.0 30541000000.0 2.0 2.8499 3.0 -1.726 12.02 36833000000.0 20360000000.0 -1.91 -99.0 -99.0 -99.0 -99.0 27239 aegis-09-G141_27239 2.85357
aegis 10612 3 1 0 2.6807 2.567 2.618 2.745 2.788 11.905 5.8489 6.056 53659000000.0 25255000000.0 1.0 2.6807 3.0 5.088 17.37 29275000000.0 16836000000.0 -1.85 -99.0 -99.0 -99.0 -99.0 10612 00000 -1.0
aegis 33038 3 1 0 2.8145 2.643 2.724 2.907 2.971 42.148 37.066 5.0817 340060000000.0 21192000000.0 0.0 2.8145 3.0 24.08 13.72 16020000000.0 14128000000.0 -1.12 -99.0 -99.0 -99.0 -99.0 33038 aegis-23-G141_33038 2.84779
aegis 16206 2 1 1 2.6711 2.5085 2.6027 2.7249 2.7554 24.806 15.553 9.2523 142690000000.0 38583000000.0 0.0 2.6093 2.0 16.16 15.51 38838000000.0 25722000000.0 -1.61 -99.0 -99.0 -99.0 -99.0 16206 aegis-10-G141_16206 2.67113
aegis 18078 2 1 1 2.7716 2.7563 2.7638 2.7787 2.7878 51.84 36.48 15.36 334680000000.0 64052000000.0 0.0 2.785 2.0 25.07 11.75 61009000000.0 42701000000.0 -1.49 -99.0 -99.0 -99.0 -99.0 18078 aegis-08-G141_18078 2.7716
aegis 7931 3 1 0 2.8618 2.705 2.785 2.94 2.998 44.392 35.411 8.9816 324870000000.0 37455000000.0 0.0 2.8618 3.0 21.13 12.1 32426000000.0 24970000000.0 -1.37 -99.0 -99.0 -99.0 -99.0 7931 aegis-12-G141_07931 2.85743
aegis 11569 3 1 0 2.5224 2.356 2.435 2.598 2.667 16.669 10.755 5.9146 98667000000.0 24665000000.0 0.0 2.5224 3.0 13.87 11.36 20849000000.0 16443000000.0 -1.33 -99.0 -99.0 -99.0 -99.0 11569 aegis-06-G141_11569 2.57512
aegis 19317 3 1 0 2.7774 2.654 2.709 2.847 2.894 45.633 39.912 5.7208 366160000000.0 23857000000.0 0.0 2.7774 3.0 27.86 13.88 23624000000.0 15904000000.0 -1.61 -99.0 -99.0 -99.0 -99.0 19317 aegis-25-G141_19317 2.77538
aegis 38042 3 1 0 2.8591 2.738 2.787 2.929 2.989 64.092 58.573 5.5191 537370000000.0 23015000000.0 0.0 2.8591 3.0 35.12 22.84 25749000000.0 15344000000.0 -1.81 -99.0 -99.0 -99.0 -99.0 38042 aegis-04-G141_38042 2.83819
aegis 24927 3 1 0 2.6763 2.499 2.581 2.763 2.845 58.811 47.319 11.492 434120000000.0 47923000000.0 0.0 2.6763 3.0 41.6 16.32 34731000000.0 31948000000.0 -1.01 -99.0 -99.0 -99.0 -99.0 24927 00000 -1.0
aegis 4312 2 1 1 2.8344 2.6726 2.7335 2.8373 2.8521 100.89 90.79 10.105 832930000000.0 42140000000.0 0.0 2.734 2.0 69.64 14.23 29987000000.0 28093000000.0 -0.93 -99.0 -99.0 -99.0 -99.0 4312 aegis-26-G141_04312 2.83435
aegis 34231 2 1 1 2.8594 2.8536 2.8561 2.8616 2.8644 114.17 94.384 19.788 865900000000.0 82517000000.0 0.0 2.8253 2.0 60.13 10.81 70271000000.0 55011000000.0 -1.31 -99.0 -99.0 -99.0 -99.0 34231 aegis-04-G141_34231 2.85935
aegis 31050 2 1 1 2.7848 2.3642 2.7407 2.8267 2.8641 166.27 156.92 9.3564 1439600000000.0 39018000000.0 0.0 2.6798 2.0 136.8 31.47 30731000000.0 26012000000.0 -1.2 -99.0 -99.0 -99.0 -99.0 31050 aegis-17-G141_31050 2.78483
aegis 6419 3 1 0 2.6973 2.587 2.636 2.761 2.803 128.31 112.17 16.138 1029100000000.0 67298000000.0 0.0 2.6973 3.0 93.77 11.82 45334000000.0 44865000000.0 -0.71 -99.0 -99.0 -99.0 -99.0 6419 00000 -1.0
aegis 19801 2 1 1 2.7025 2.6819 2.6961 2.7992 2.8256 161.82 148.17 13.658 1359300000000.0 56957000000.0 0.0 2.8199 2.0 95.32 13.3 40265000000.0 37972000000.0 -1.04 -99.0 -99.0 -99.0 -99.0 19801 aegis-08-G141_19801 2.70247
aegis 23092 3 1 0 2.9717 2.775 2.881 3.069 3.167 248.48 243.25 5.2304 2231600000000.0 21812000000.0 0.0 2.9717 3.0 117.9 14.01 9403900000.0 14541000000.0 -0.13 -99.0 -99.0 -99.0 -99.0 23092 aegis-09-G141_23092 3.18706
aegis 27246 3 1 0 2.6289 2.512 2.557 2.703 2.765 436.13 434.77 1.365 3988700000000.0 5692400000.0 0.0 2.6289 3.0 429.9 14.78 274010000.0 3794900000.0 3.24 -99.0 -99.0 -99.0 -99.0 27246 00000 -1.0
