# field phot_id z_best_s use_phot use_zgrism z_best z_best_l95 z_best_l68 z_best_u68 z_best_u95 sfr sfr_IR sfr_UV L_IR L_UV flag z_sfr z_type f24tot ef24tot L_1600 L_2800 beta Ha_FLUX Ha_FLUX_ERR Ha_EQW Ha_EQW_ERR number grism_id z_max_grism
# Author: I. Momcheva (Sat Oct  3 21:18:14 2015)
aegis 8966 2 1 1 1.1924 1.1889 1.1901 1.1927 1.194 4.018 2.3817 1.6364 21850000000.0 6823800000.0 0.0 1.0153 2.0 35.22 20.84 6730700000.0 4549200000.0 -1.59 9.86 0.61 310.61 21.62 8966 aegis-02-G141_08966 1.19241
aegis 11190 2 1 1 0.9435 0.9358 0.9391 0.9448 0.948 2.2043 0.066448 2.1379 609620000.0 8915300000.0 1.0 0.9818 2.0 1.115 11.07 9348300000.0 5943500000.0 -1.79 12.94 1.08 368.86 35.69 11190 aegis-12-G141_11190 0.94352
aegis 21568 2 1 1 0.7586 0.749 0.7525 0.7602 0.7629 3.3873 1.1578 2.2295 10622000000.0 9297500000.0 0.0 0.7889 2.0 31.29 28.22 9768300000.0 6198400000.0 -1.77 15.1 1.46 238.62 26.25 21568 aegis-14-G141_21568 0.75857
aegis 26818 2 1 1 1.22 1.2166 1.218 1.9155 1.9186 0.0050098 0.0031785 0.0018313 29160000.0 7636700.0 1.0 0.0508 2.0 60.49 140.2 7909600.0 5091100.0 -1.76 13.88 1.07 381.13 33.99 26818 aegis-14-G141_26818 1.21998
aegis 11189 2 1 1 1.074 1.0686 1.071 1.0751 1.077 3.5838 1.0835 2.5002 9940700000.0 10426000000.0 0.0 1.0368 2.0 14.8 11.69 10801000000.0 6950900000.0 -1.77 12.01 1.1 311.11 30.76 11189 aegis-26-G141_11189 1.07404
aegis 14734 1 1 1 1.2316 -1.0 -1.0 -1.0 -1.0 5.6978 2.5551 3.1427 23441000000.0 13105000000.0 0.0 1.2316 1.0 17.57 16.95 15568000000.0 8736900000.0 -1.94 9.98 0.6 1157.25 122.36 14734 aegis-30-G141_14734 1.23223
aegis 2547 1 1 1 0.7644 -1.0 -1.0 -1.0 -1.0 9.4464 4.6038 4.8426 42236000000.0 20194000000.0 0.0 0.7644 1.0 132.3 17.58 21291000000.0 13463000000.0 -1.75 28.7 2.37 121.27 10.54 2547 aegis-02-G141_02547 0.76827
aegis 28515 2 1 1 1.3361 1.3311 1.3332 1.3367 1.3381 9.2296 5.9034 3.3261 54160000000.0 13871000000.0 0.0 1.3674 2.0 25.23 11.32 16221000000.0 9247000000.0 -1.96 8.88 0.83 1296.17 240.25 28515 aegis-23-G141_28515 1.33614
aegis 19843 2 1 1 0.9513 0.9483 0.9494 0.9516 0.9526 19.354 14.189 5.1655 130170000000.0 21541000000.0 0.0 0.8543 2.0 346.7 12.89 21665000000.0 14361000000.0 -1.75 52.75 1.05 385.45 9.49 19843 aegis-01-G141_19843 0.95131
aegis 24497 1 1 1 1.0048 -1.0 -1.0 -1.0 -1.0 23.265 18.344 4.9205 168290000000.0 20519000000.0 0.0 1.0048 1.0 282.5 12.95 18813000000.0 13679000000.0 -1.58 31.2 1.37 190.39 8.74 24497 aegis-01-G141_24497 1.00772
aegis 33333 1 1 1 1.2414 -1.0 -1.0 -1.0 -1.0 5.9659 1.7784 4.1875 16316000000.0 17462000000.0 1.0 1.2414 1.0 11.77 13.96 16460000000.0 11642000000.0 -1.58 15.96 1.13 392.36 31.63 33333 aegis-27-G141_33333 1.23334
aegis 11441 2 1 1 1.037 1.0328 1.0344 1.0382 1.0398 4.2184 2.1275 2.0909 19518000000.0 8719300000.0 0.0 1.0337 2.0 29.4 11.54 10139000000.0 5812900000.0 -1.93 12.22 1.07 1004.35 132.5 11441 aegis-07-G141_11441 1.03704
aegis 23269 2 1 1 1.2614 1.2581 1.2593 1.2621 1.2634 1.7462 0.42323 1.323 3882800000.0 5517100000.0 1.0 1.2502 2.0 2.708 9.139 2293700000.0 3678100000.0 -0.04 8.29 0.61 144.17 11.22 23269 aegis-13-G141_23269 1.26144
aegis 17515 2 1 1 1.3561 1.3515 1.3535 1.3578 1.3598 98.863 88.51 10.353 812020000000.0 43171000000.0 0.0 1.355 2.0 390.9 20.26 27939000000.0 28781000000.0 -0.73 40.77 1.88 292.96 15.09 17515 aegis-14-G141_17515 1.35608
aegis 25323 2 1 1 0.9581 0.9552 0.9565 0.9593 0.9606 6.5199 4.8897 1.6302 44859000000.0 6798300000.0 0.0 0.9383 2.0 95.87 11.81 6817600000.0 4532200000.0 -1.71 9.59 0.89 308.33 32.46 25323 aegis-14-G141_25323 0.95815
aegis 31478 2 1 1 1.0865 1.0825 1.0843 1.0876 1.0893 4.1142 2.9513 1.1629 27076000000.0 4849400000.0 0.0 1.0827 2.0 34.06 18.65 4105800000.0 3232900000.0 -1.43 6.74 0.65 384.21 42.78 31478 aegis-17-G141_31478 1.08652
aegis 19769 2 1 1 1.2322 1.2283 1.2299 1.233 1.2344 23.972 22.595 1.3771 207300000000.0 5742900000.0 0.0 1.2124 2.0 167.4 14.02 1235800000.0 3828600000.0 1.24 20.35 1.26 179.62 11.71 19769 aegis-03-G141_19769 1.23223
aegis 14827 2 1 1 1.3573 1.3537 1.3549 1.3577 1.3592 21.24 14.624 6.6163 134160000000.0 27591000000.0 0.0 1.3606 2.0 63.58 10.46 22134000000.0 18394000000.0 -1.31 26.91 1.15 574.68 32.42 14827 aegis-03-G141_14827 1.35726
aegis 26951 2 1 1 1.034 1.0308 1.0321 1.0344 1.0356 32.515 30.606 1.9094 280790000000.0 7962400000.0 0.0 1.0185 2.0 447.3 12.84 2846700000.0 5308200000.0 0.16 25.39 0.95 179.24 7.1 26951 aegis-05-G141_26951 1.03399
aegis 28956 2 1 1 1.1782 1.1736 1.1753 1.1796 1.1818 53.101 51.672 1.4285 474060000000.0 5957000000.0 0.0 1.1649 2.0 455.3 19.59 2584800000.0 3971300000.0 -0.41 16.95 1.11 106.6 7.18 28956 aegis-23-G141_28956 1.1782
aegis 35477 1 1 1 0.8975 -1.0 -1.0 -1.0 -1.0 23.318 22.278 1.0406 204380000000.0 4339500000.0 0.0 0.8975 1.0 495.3 44.53 1413300000.0 2893000000.0 0.36 30.51 1.06 252.98 9.39 35477 aegis-19-G141_35477 0.89743
aegis 5872 2 1 1 1.1717 1.1674 1.1689 1.172 1.1735 15.288 10.471 4.8167 96067000000.0 20086000000.0 0.0 1.1588 2.0 94.19 11.86 15007000000.0 13391000000.0 -1.11 26.64 0.91 366.51 13.61 5872 aegis-18-G141_05872 1.17168
aegis 26106 1 1 1 1.1731 -1.0 -1.0 -1.0 -1.0 15.059 9.0488 6.0099 83017000000.0 25062000000.0 0.0 1.1731 1.0 77.44 11.14 21564000000.0 16708000000.0 -1.4 20.78 1.12 270.56 16.32 26106 aegis-16-G141_26106 1.17059
aegis 30281 1 1 1 1.2337 -1.0 -1.0 -1.0 -1.0 20.146 15.557 4.5887 142730000000.0 19135000000.0 0.0 1.2337 1.0 106.1 12.75 16913000000.0 12757000000.0 -1.5 17.91 0.99 422.34 27.17 30281 aegis-19-G141_30281 1.23111
aegis 33767 2 1 1 1.1096 1.1064 1.1075 1.1099 1.1111 9.3645 7.4181 1.9464 68056000000.0 8116700000.0 0.0 1.0598 2.0 93.0 12.33 6782000000.0 5411100000.0 -1.42 13.79 0.73 242.35 13.75 33767 aegis-24-G141_33767 1.1096
aegis 22870 1 1 1 0.7585 -1.0 -1.0 -1.0 -1.0 13.238 12.505 0.7336 114720000000.0 3059200000.0 0.0 0.7585 1.0 365.1 15.68 726660000.0 2039500000.0 1.16 21.85 1.6 123.53 9.54 22870 aegis-03-G141_22870 0.76033
aegis 2030 2 1 1 1.1001 1.0962 1.0977 1.1011 1.1029 47.348 46.058 1.2895 422550000000.0 5377300000.0 0.0 1.1704 2.0 398.0 17.25 705900000.0 3584900000.0 1.94 18.48 1.4 117.09 8.98 2030 aegis-26-G141_02030 1.10013
aegis 37226 2 1 1 1.5345 1.5312 1.5326 1.5355 1.5369 16.862 11.243 5.6186 103150000000.0 23430000000.0 0.0 1.5972 2.0 38.06 10.97 19874000000.0 15620000000.0 -1.38 20.42 0.91 1282.49 119.41 37226 aegis-19-G141_37226 1.53451
aegis 26224 2 1 1 1.0616 1.0568 1.0589 1.0633 1.0653 20.751 19.292 1.4591 176990000000.0 6084800000.0 0.0 1.0489 2.0 251.8 10.48 3107200000.0 4056600000.0 -0.41 12.39 1.15 108.47 10.34 26224 aegis-16-G141_26224 1.06164
aegis 26811 2 1 1 0.9041 0.9013 0.9025 0.9051 0.9066 11.392 10.624 0.76765 97468000000.0 3201200000.0 0.0 0.7871 2.0 288.2 14.11 1475900000.0 2134100000.0 -0.18 20.14 1.49 130.39 10.17 26811 aegis-29-G141_26811 0.90408
aegis 17555 2 1 1 1.5383 1.5346 1.5364 1.5408 1.5434 114.48 102.77 11.712 942860000000.0 48841000000.0 0.0 1.5103 2.0 361.9 26.64 37168000000.0 32561000000.0 -1.28 38.81 1.65 369.65 19.06 17555 aegis-14-G141_17555 1.53831
aegis 14380 2 1 1 1.0782 1.0751 1.0765 1.0797 1.0815 9.5814 7.4667 2.1147 68502000000.0 8818600000.0 0.0 1.0059 2.0 114.5 12.3 8131700000.0 5879100000.0 -1.63 19.54 1.25 357.31 25.02 14380 aegis-06-G141_14380 1.0782
aegis 13626 2 1 1 1.1652 1.1617 1.1632 1.1663 1.168 9.4539 9.0946 0.35929 83436000000.0 1498300000.0 0.0 1.1873 2.0 73.96 11.46 779420000.0 998870000.0 -0.47 6.6 0.53 451.8 43.51 13626 aegis-01-G141_13626 1.16517
aegis 3696 2 1 1 1.4645 1.4612 1.4627 1.4657 1.467 123.84 122.12 1.7223 1120400000000.0 7182200000.0 0.0 1.37 2.0 518.5 15.55 3181400000.0 4788200000.0 -0.22 16.72 0.95 300.4 22.96 3696 aegis-28-G141_03696 1.46453
aegis 3977 2 1 1 1.4559 1.4524 1.4539 1.4569 1.4584 -99.0 -99.0 7.7013 -99.0 32116000000.0 2.0 1.4733 2.0 -21.67 19.19 25045000000.0 21410000000.0 -1.27 26.27 1.24 500.62 33.02 3977 aegis-28-G141_03977 1.45592
aegis 21587 1 1 1 1.3598 -1.0 -1.0 -1.0 -1.0 9.1236 4.7263 4.3973 43360000000.0 18337000000.0 0.0 1.3598 1.0 20.59 12.87 19850000000.0 12225000000.0 -1.78 9.12 0.62 499.78 45.4 21587 aegis-16-G141_21587 1.35962
aegis 11261 2 1 1 0.748 0.7449 0.7465 0.7494 0.7511 90.753 86.74 4.0131 795780000000.0 16735000000.0 0.0 0.9167 2.0 1825.0 17.8 4889100000.0 11157000000.0 0.57 65.11 3.56 87.86 5.11 11261 aegis-18-G141_11261 0.74805
aegis 27266 2 1 1 1.3514 1.3479 1.3493 1.3527 1.3545 3.7569 1.0537 2.7032 9667100000.0 11273000000.0 1.0 1.3255 2.0 5.101 10.0 12423000000.0 7515100000.0 -1.86 6.35 0.6 462.0 57.08 27266 aegis-13-G141_27266 1.35137
aegis 5657 2 1 1 1.0938 1.0845 1.0901 1.0989 1.102 2.4008 1.5167 0.88411 13915000000.0 3686900000.0 0.0 1.007 2.0 23.16 9.845 3664800000.0 2457900000.0 -1.71 14.42 0.94 911.64 80.87 5657 aegis-18-G141_05657 1.09384
aegis 16663 1 1 1 1.087 -1.0 -1.0 -1.0 -1.0 26.992 23.595 3.3967 216470000000.0 14165000000.0 0.0 1.087 1.0 268.3 12.87 11864000000.0 9443000000.0 -1.44 16.89 1.48 165.67 15.11 16663 aegis-03-G141_16663 1.0782
