# field phot_id z_best_s use_phot use_zgrism z_best z_best_l95 z_best_l68 z_best_u68 z_best_u95 sfr sfr_IR sfr_UV L_IR L_UV flag z_sfr z_type f24tot ef24tot L_1600 L_2800 beta Ha_FLUX Ha_FLUX_ERR Ha_EQW Ha_EQW_ERR number grism_id z_max_grism uvj
# Author: I. Momcheva (Sat Oct  3 21:18:14 2015)
aegis 36257 2 1 1 2.1393 2.1325 2.1352 2.1402 2.1425 12.497 3.2221 9.2747 29560000000.0 38677000000.0 1.0 2.2011 2.0 7.222 12.03 32962000000.0 25784000000.0 -1.35 -99.0 -99.0 -99.0 -99.0 36257 aegis-04-G141_36257 2.1393 1.0
aegis 33808 2 1 1 2.2268 2.2167 2.2214 2.2299 2.2375 12.649 -99.0 12.649 -99.0 52746000000.0 2.0 2.2355 2.0 -16.93 9.087 46479000000.0 35164000000.0 -1.39 -99.0 -99.0 -99.0 -99.0 33808 aegis-04-G141_33808 2.22683 1.0
aegis 32354 2 1 1 2.1377 2.1315 2.134 2.1392 2.1425 18.331 -99.0 18.331 -99.0 76443000000.0 2.0 2.198 2.0 -0.4018 8.807 79721000000.0 50962000000.0 -1.72 -99.0 -99.0 -99.0 -99.0 32354 aegis-13-G141_32354 2.13773 1.0
aegis 17437 2 1 1 2.3135 2.2824 2.2992 2.3215 2.3346 101.05 96.727 4.3242 887400000000.0 18032000000.0 0.0 2.2865 2.0 190.5 8.81 10589000000.0 12022000000.0 -0.49 -99.0 -99.0 -99.0 -99.0 17437 aegis-09-G141_17437 2.31348 1.0
aegis 16390 2 1 1 2.1315 2.1191 2.1252 2.1328 2.1363 8.0961 1.7577 6.3384 16126000000.0 26432000000.0 1.0 2.1895 2.0 4.012 13.34 21140000000.0 17621000000.0 -1.21 -99.0 -99.0 -99.0 -99.0 16390 aegis-09-G141_16390 2.13146 1.0
aegis 14957 2 1 1 2.3085 2.3017 2.3047 2.3108 2.3142 23.98 18.06 5.9207 165680000000.0 24690000000.0 0.0 2.4069 2.0 29.63 12.68 20324000000.0 16460000000.0 -1.28 -99.0 -99.0 -99.0 -99.0 14957 aegis-28-G141_14957 2.30852 1.0
aegis 10471 3 1 0 2.3459 2.212 2.267 2.424 2.469 57.561 53.313 4.248 489110000000.0 17715000000.0 0.0 2.3459 3.0 96.58 12.71 10088000000.0 11810000000.0 -0.43 -99.0 -99.0 -99.0 -99.0 10471 aegis-28-G141_10471 2.39736 1.0
aegis 10494 2 1 1 2.2953 2.2876 2.2908 2.2963 2.2987 83.979 66.214 17.765 607460000000.0 74084000000.0 0.0 2.1137 2.0 169.3 12.37 25991000000.0 49389000000.0 0.34 -99.0 -99.0 -99.0 -99.0 10494 aegis-28-G141_10494 2.29531 1.0
aegis 8540 3 1 0 2.2726 2.153 2.205 2.341 2.38 5.6972 -99.0 5.6972 -99.0 23758000000.0 2.0 2.2726 3.0 -13.8 9.561 24353000000.0 15839000000.0 -1.7 -99.0 -99.0 -99.0 -99.0 8540 aegis-28-G141_08540 2.08484 1.0
aegis 3668 2 1 1 2.1883 2.184 2.1857 2.1892 2.1909 23.214 -99.0 23.214 -99.0 96804000000.0 2.0 2.2107 2.0 -2.646 15.16 92464000000.0 64536000000.0 -1.54 -99.0 -99.0 -99.0 -99.0 3668 aegis-28-G141_03668 2.18834 1.0
aegis 4711 2 1 1 2.1867 2.1826 2.1842 2.1877 2.1893 0.0021683 0.0014861 0.00068212 13634000.0 2844500.0 0.0 0.0213 2.0 176.5 8.717 3322600.0 1896400.0 -1.91 -99.0 -99.0 -99.0 -99.0 4711 aegis-30-G141_04711 2.18674 1.0
aegis 30163 3 1 0 1.6048 1.562 1.571 1.636 1.662 39.235 31.727 7.5074 291070000000.0 31307000000.0 0.0 1.6048 3.0 107.4 16.89 29234000000.0 20871000000.0 -1.52 -99.0 -99.0 -99.0 -99.0 30163 00000 -1.0 1.0
aegis 31323 3 1 0 1.6442 1.564 1.594 1.691 1.718 4.6254 -99.0 4.6254 -99.0 19288000000.0 2.0 1.6442 3.0 -1.1 11.12 22908000000.0 12859000000.0 -1.92 -99.0 -99.0 -99.0 -99.0 31323 00000 -1.0 1.0
aegis 25896 3 1 0 1.434 1.353 1.387 1.485 1.507 68.154 63.325 4.8288 580960000000.0 20137000000.0 0.0 1.434 3.0 239.8 18.02 14986000000.0 13425000000.0 -1.21 -99.0 -99.0 -99.0 -99.0 25896 00000 -1.0 1.0
aegis 19375 1 1 1 1.3978 -1.0 -1.0 -1.0 -1.0 34.882 28.659 6.223 262920000000.0 25951000000.0 0.0 1.4169 1.0 111.0 10.78 20185000000.0 17301000000.0 -1.27 11.44 1.57 210.13 32.28 19375 aegis-03-G141_19375 1.39049 1.0
aegis 18964 3 1 0 1.3964 1.317 1.367 2.062 2.131 5.005 -99.0 5.005 -99.0 20872000000.0 2.0 1.3964 3.0 -2.717 12.33 21550000000.0 13914000000.0 -1.67 7.78 0.75 506.31 67.81 18964 aegis-03-G141_18964 1.39768 1.0
aegis 21112 2 1 1 1.5818 1.4735 1.4951 1.5833 1.5914 152.17 144.24 7.9368 1323300000000.0 33097000000.0 0.0 1.5193 2.0 504.6 18.32 15716000000.0 22065000000.0 -0.32 -99.0 -99.0 -99.0 -99.0 21112 aegis-03-G141_21112 1.58183 1.0
aegis 20136 2 1 1 1.4596 1.4126 1.4418 1.4713 1.4871 8.9333 -99.0 8.9333 -99.0 37253000000.0 2.0 1.457 2.0 -8.907 21.65 21722000000.0 24835000000.0 -0.44 19.97 8.74 245.72 118.61 20136 aegis-03-G141_20136 1.4596 1.0
aegis 13890 3 1 0 1.3992 1.314 1.35 1.449 1.477 13.832 6.6385 7.1932 60903000000.0 29997000000.0 0.0 1.3992 3.0 26.47 12.71 28252000000.0 19998000000.0 -1.58 -99.0 -99.0 -99.0 -99.0 13890 00000 -1.0 1.0
aegis 12983 3 1 0 1.3836 1.301 1.335 1.433 1.469 6.5057 0.43014 6.0755 3946300000.0 25336000000.0 1.0 1.3836 3.0 1.768 13.13 27531000000.0 16891000000.0 -1.8 -99.0 -99.0 -99.0 -99.0 12983 00000 -1.0 1.0
aegis 10309 3 1 0 1.6016 1.536 1.566 1.638 1.672 58.332 54.09 4.2428 496240000000.0 17693000000.0 0.0 1.6016 3.0 183.1 12.55 12049000000.0 11795000000.0 -1.01 -99.0 -99.0 -99.0 -99.0 10309 00000 -1.0 1.0
aegis 5499 2 1 1 1.4559 1.4528 1.4541 1.4568 1.4582 4.9993 -99.0 4.9993 -99.0 20848000000.0 2.0 1.4679 2.0 -21.94 12.19 23372000000.0 13899000000.0 -1.83 15.02 0.62 1602.83 203.3 5499 aegis-12-G141_05499 1.45592 1.0
aegis 2567 3 1 0 1.4161 1.324 1.366 1.468 1.506 9.8833 6.4645 3.4188 59307000000.0 14257000000.0 0.0 1.4161 3.0 25.07 11.17 14204000000.0 9504600000.0 -1.69 -99.0 -99.0 -99.0 -99.0 2567 00000 -1.0 1.0
aegis 39567 2 1 1 1.5883 1.5838 1.5856 1.5894 1.5919 57.366 47.443 9.9231 435260000000.0 41381000000.0 0.0 1.6029 2.0 160.6 11.77 28197000000.0 27587000000.0 -1.01 -99.0 -99.0 -99.0 -99.0 39567 aegis-11-G141_39567 1.5883 1.0
aegis 39897 2 1 1 1.5831 1.5743 1.5791 1.5875 1.592 19.157 17.303 1.8547 158740000000.0 7734500000.0 0.0 1.5203 2.0 60.49 11.2 5911800000.0 5156400000.0 -1.17 -99.0 -99.0 -99.0 -99.0 39897 aegis-11-G141_39897 1.58313 1.0
aegis 34308 2 1 1 1.537 1.5282 1.5333 1.5443 1.5497 49.884 44.079 5.805 404390000000.0 24208000000.0 0.0 1.4597 2.0 162.1 10.22 15710000000.0 16138000000.0 -0.68 15.95 1.79 240.2 30.58 34308 aegis-11-G141_34308 1.53704 1.0
aegis 33801 2 1 1 1.5282 1.5237 1.5254 1.5287 1.5303 120.02 117.37 2.6423 1076800000000.0 11019000000.0 0.0 1.4765 2.0 424.7 13.78 4084500000.0 7345800000.0 0.17 32.9 1.12 648.03 32.68 33801 aegis-11-G141_33801 1.52818 1.0
aegis 25383 2 1 1 1.3965 1.393 1.3945 1.398 1.3998 13.05 11.741 1.3093 107710000000.0 5460100000.0 0.0 1.2537 2.0 74.12 14.39 3638000000.0 3640000000.0 -1.05 13.81 1.09 316.53 31.34 25383 aegis-16-G141_25383 1.39648 2.0
aegis 24447 2 1 1 1.5396 1.5291 1.5339 1.5435 1.5482 13.559 7.4757 6.083 68585000000.0 25367000000.0 0.0 1.5167 2.0 26.2 9.751 27209000000.0 16911000000.0 -1.82 15.48 1.71 509.63 73.68 24447 aegis-16-G141_24447 1.53958 1.0
aegis 16933 3 1 0 1.5412 1.413 1.47 1.611 1.683 6.198 2.3219 3.876 21302000000.0 16164000000.0 1.0 1.5412 3.0 8.005 9.226 17142000000.0 10776000000.0 -1.76 -99.0 -99.0 -99.0 -99.0 16933 aegis-01-G141_16933 1.65382 1.0
aegis 15221 3 0 0 1.4984 1.42 1.447 1.553 1.608 9.5562 4.0422 5.514 37085000000.0 22994000000.0 0.0 1.4984 3.0 14.37 13.44 14779000000.0 15330000000.0 -0.69 16.59 1.44 237.22 24.4 15221 aegis-01-G141_15221 1.52565 1.0
aegis 16026 2 1 1 1.5587 1.5371 1.5507 1.5602 1.5634 221.8 218.3 3.4943 2002800000000.0 14572000000.0 0.0 1.5321 2.0 757.0 34.71 4460100000.0 9714500000.0 0.6 30.19 2.1 541.81 46.65 16026 aegis-16-G141_16026 1.5587 2.0
aegis 17556 1 1 1 1.3977 -1.0 -1.0 -1.0 -1.0 55.404 31.125 24.279 285550000000.0 101250000000.0 0.0 1.4013 1.0 123.6 13.78 91628000000.0 67499000000.0 -1.48 56.86 1.16 563.72 16.53 17556 aegis-16-G141_17556 1.40488 1.0
aegis 10386 2 1 1 1.6671 1.6579 1.6608 1.6706 1.674 75.939 65.79 10.149 603570000000.0 42323000000.0 0.0 1.62 2.0 223.8 16.86 32424000000.0 28215000000.0 -1.19 -99.0 -99.0 -99.0 -99.0 10386 aegis-06-G141_10386 1.66712 1.0
aegis 40738 3 1 0 2.4215 2.318 2.362 2.48 2.542 52.49 41.129 11.361 377330000000.0 47376000000.0 0.0 2.4215 3.0 65.67 10.75 37088000000.0 31584000000.0 -1.22 -99.0 -99.0 -99.0 -99.0 40738 00000 -1.0 1.0
aegis 36741 3 0 0 2.4478 2.289 2.366 2.531 2.615 11.262 6.5419 4.7196 60017000000.0 19681000000.0 1.0 2.4478 3.0 9.928 11.94 17929000000.0 13121000000.0 -1.42 -99.0 -99.0 -99.0 -99.0 36741 aegis-23-G141_36741 2.68585 1.0
aegis 37776 3 1 0 2.1951 1.508 1.993 2.427 2.631 29.023 26.492 2.5317 243040000000.0 10558000000.0 0.0 2.1951 3.0 59.94 19.17 8609000000.0 7038400000.0 -1.29 -99.0 -99.0 -99.0 -99.0 37776 00000 -1.0 1.0
aegis 37033 3 1 0 2.4189 2.325 2.364 2.475 2.513 16.001 4.5331 11.468 41588000000.0 47822000000.0 1.0 2.4189 3.0 7.273 15.89 44812000000.0 31881000000.0 -1.53 -99.0 -99.0 -99.0 -99.0 37033 00000 -1.0 1.0
aegis 33958 2 1 1 2.1756 2.0902 2.1446 2.2365 2.2853 7.3858 -99.0 7.3858 -99.0 30800000000.0 2.0 2.219 2.0 -3.493 13.57 30561000000.0 20533000000.0 -1.65 -99.0 -99.0 -99.0 -99.0 33958 aegis-23-G141_33958 2.17561 1.0
aegis 28473 2 1 1 2.0404 2.0368 2.0386 2.0422 2.044 16.62 12.283 4.3375 112690000000.0 18088000000.0 0.0 2.137 2.0 30.34 10.75 15765000000.0 12059000000.0 -1.38 -99.0 -99.0 -99.0 -99.0 28473 aegis-14-G141_28473 2.04043 1.0
aegis 27252 2 1 1 2.2805 2.2506 2.2734 2.286 2.3014 18.835 13.644 5.1906 125170000000.0 21646000000.0 0.0 2.2068 2.0 30.31 8.871 15623000000.0 14430000000.0 -1.06 -99.0 -99.0 -99.0 -99.0 27252 aegis-01-G141_27252 2.28051 1.0
aegis 24846 3 1 0 2.2024 2.027 2.111 2.294 2.35 1.8346 -99.0 1.8346 -99.0 7650500000.0 2.0 2.2024 3.0 -5.236 7.325 7659100000.0 5100300000.0 -1.68 -99.0 -99.0 -99.0 -99.0 24846 00000 -1.0 1.0
aegis 15457 2 1 1 2.2236 2.2082 2.2151 2.2299 2.2485 36.405 28.644 7.7613 262790000000.0 32366000000.0 0.0 2.2813 2.0 56.84 11.64 22618000000.0 21577000000.0 -0.99 -99.0 -99.0 -99.0 -99.0 15457 aegis-30-G141_15457 2.2236 1.0
aegis 15171 3 1 0 2.3469 2.223 2.278 2.415 2.471 5.8698 -99.0 5.8698 -99.0 24478000000.0 2.0 2.3469 3.0 -12.58 11.66 26367000000.0 16319000000.0 -1.76 -99.0 -99.0 -99.0 -99.0 15171 aegis-01-G141_15171 2.2756 1.0
aegis 6311 2 1 1 2.1915 2.1648 2.1786 2.2043 2.2231 46.197 33.755 12.442 309680000000.0 51886000000.0 0.0 2.27 2.0 68.09 14.28 40367000000.0 34590000000.0 -1.18 -99.0 -99.0 -99.0 -99.0 6311 aegis-30-G141_06311 2.19153 1.0
aegis 6315 3 1 0 2.239 2.118 2.171 2.308 2.365 14.12 6.9232 7.1969 63515000000.0 30012000000.0 0.0 2.239 3.0 14.63 9.87 29221000000.0 20008000000.0 -1.57 -99.0 -99.0 -99.0 -99.0 6315 aegis-02-G141_06315 1.88637 1.0
aegis 37943 3 1 0 2.3104 2.19 2.244 2.377 2.415 18.114 7.6831 10.431 70487000000.0 43500000000.0 1.0 2.3104 3.0 14.64 14.89 41032000000.0 29000000000.0 -1.53 -99.0 -99.0 -99.0 -99.0 37943 00000 -1.0 1.0
aegis 38310 3 1 0 2.2047 1.934 2.083 2.323 2.41 5.0 2.2528 2.7472 20668000000.0 11456000000.0 1.0 2.2047 3.0 5.021 7.705 10521000000.0 7637500000.0 -1.46 -99.0 -99.0 -99.0 -99.0 38310 aegis-11-G141_38310 2.45561 1.0
aegis 36858 2 1 1 2.297 2.2828 2.2889 2.3016 2.3078 11.181 3.4417 7.7394 31575000000.0 32275000000.0 1.0 2.3882 2.0 5.833 9.203 30777000000.0 21516000000.0 -1.56 -99.0 -99.0 -99.0 -99.0 36858 aegis-11-G141_36858 2.29696 1.0
aegis 33768 3 1 0 2.382 2.12 2.284 2.485 2.555 56.187 51.666 4.5212 474000000000.0 18854000000.0 0.0 2.382 3.0 88.46 19.0 9462400000.0 12569000000.0 -0.41 -99.0 -99.0 -99.0 -99.0 33768 00000 -1.0 2.0
aegis 28659 2 1 1 2.4178 2.3151 2.3232 2.4217 2.5453 60.218 50.829 9.3892 466320000000.0 39154000000.0 0.0 2.4315 2.0 79.66 11.94 25930000000.0 26103000000.0 -0.71 -99.0 -99.0 -99.0 -99.0 28659 aegis-11-G141_28659 2.41781 1.0
aegis 27252 2 1 1 2.2805 2.2506 2.2734 2.286 2.3014 18.835 13.644 5.1906 125170000000.0 21646000000.0 0.0 2.2068 2.0 30.31 8.871 15623000000.0 14430000000.0 -1.06 -99.0 -99.0 -99.0 -99.0 27252 aegis-01-G141_27252 2.28051 1.0
aegis 28038 3 1 0 2.4775 2.386 2.418 2.544 2.593 11.542 -99.0 11.542 -99.0 48132000000.0 2.0 2.4775 3.0 -3.696 9.758 37560000000.0 32088000000.0 -1.13 -99.0 -99.0 -99.0 -99.0 28038 aegis-11-G141_28038 2.57155 1.0
aegis 28421 2 1 1 2.2333 2.1895 2.2177 2.2918 2.3455 74.103 68.273 5.8298 626360000000.0 24311000000.0 0.0 2.2863 2.0 134.5 16.38 12364000000.0 16207000000.0 -0.39 -99.0 -99.0 -99.0 -99.0 28421 aegis-16-G141_28421 2.23329 1.0
aegis 22935 2 1 1 2.3821 2.37 2.3772 2.4 2.5222 9.0914 1.5966 7.4948 14648000000.0 31254000000.0 1.0 2.4517 2.0 2.404 12.27 27989000000.0 20836000000.0 -1.42 -99.0 -99.0 -99.0 -99.0 22935 aegis-01-G141_22935 2.38211 1.0
aegis 20924 3 1 0 2.2356 2.076 2.15 2.325 2.416 34.353 31.323 3.0292 287370000000.0 12632000000.0 0.0 2.2356 3.0 66.54 12.35 7565500000.0 8421400000.0 -0.55 -99.0 -99.0 -99.0 -99.0 20924 aegis-01-G141_20924 2.85164 1.0
aegis 14776 2 1 1 2.1424 2.0247 2.1045 2.2288 2.2915 25.316 18.148 7.1682 166500000000.0 29892000000.0 0.0 2.14 2.0 44.63 11.53 24829000000.0 19928000000.0 -1.32 -99.0 -99.0 -99.0 -99.0 14776 aegis-16-G141_14776 -1.0 1.0
aegis 12512 2 1 1 2.3251 2.3161 2.3205 2.3315 2.3384 42.657 32.773 9.8837 300670000000.0 41216000000.0 0.0 2.2572 2.0 67.35 11.23 43338000000.0 27478000000.0 -1.75 -99.0 -99.0 -99.0 -99.0 12512 aegis-21-G141_12512 2.3251 1.0
aegis 10970 2 1 1 2.2268 2.2223 2.2241 2.2277 2.2294 66.754 37.396 29.358 343080000000.0 122430000000.0 0.0 2.4291 2.0 58.87 13.38 106120000000.0 81618000000.0 -1.35 -99.0 -99.0 -99.0 -99.0 10970 aegis-21-G141_10970 2.22683 1.0
aegis 4519 3 1 0 2.2544 2.03 2.157 2.348 2.401 5.6341 1.3272 4.3069 12176000000.0 17960000000.0 1.0 2.2544 3.0 2.739 13.47 20075000000.0 11973000000.0 -1.82 -99.0 -99.0 -99.0 -99.0 4519 aegis-21-G141_04519 2.13616 1.0
aegis 29690 3 1 0 2.2535 2.078 2.164 2.342 2.411 2.4344 -99.0 2.4344 -99.0 10152000000.0 2.0 2.2535 3.0 -15.26 13.19 6774000000.0 6767800000.0 -0.71 -99.0 -99.0 -99.0 -99.0 29690 aegis-23-G141_29690 2.28708 1.0
aegis 38393 2 1 1 2.2091 2.1032 2.1393 2.2327 2.2914 88.973 86.047 2.9263 789420000000.0 12203000000.0 0.0 2.2 2.0 193.2 12.95 5410100000.0 8135400000.0 -0.14 -99.0 -99.0 -99.0 -99.0 38393 aegis-05-G141_38393 2.20913 2.0
aegis 36205 3 1 0 2.3578 2.251 2.294 2.42 2.475 5.5599 -99.0 5.5599 -99.0 23186000000.0 2.0 2.3578 3.0 -5.597 12.25 23862000000.0 15457000000.0 -1.68 -99.0 -99.0 -99.0 -99.0 36205 aegis-05-G141_36205 2.25112 1.0
aegis 34559 2 1 1 2.3218 2.3045 2.3117 2.3271 2.3334 119.57 103.7 15.869 951390000000.0 66177000000.0 0.0 2.3382 2.0 190.0 16.3 39154000000.0 44118000000.0 -0.48 -99.0 -99.0 -99.0 -99.0 34559 aegis-05-G141_34559 2.32178 1.0
aegis 31102 2 1 1 2.3669 2.3453 2.3585 2.3773 2.4652 55.902 46.639 9.2632 427880000000.0 38629000000.0 0.0 2.4861 2.0 65.35 10.76 29537000000.0 25752000000.0 -1.15 -99.0 -99.0 -99.0 -99.0 31102 aegis-05-G141_31102 2.36693 1.0
aegis 28655 2 1 1 2.2365 2.1591 2.215 2.2671 2.325 7.8257 -99.0 7.8257 -99.0 32634000000.0 2.0 2.2687 2.0 -36.09 15.59 31424000000.0 21756000000.0 -1.56 -99.0 -99.0 -99.0 -99.0 28655 aegis-05-G141_28655 2.23652 1.0
aegis 30074 2 1 1 2.2156 0.2183 0.5339 2.2119 2.2551 25.456 0.12779 25.328 1172400000.0 105620000000.0 1.0 2.2106 2.0 0.2822 24.02 69552000000.0 70414000000.0 -0.7 -99.0 -99.0 -99.0 -99.0 30074 aegis-24-G141_30074 2.21556 1.0
aegis 27704 2 1 1 2.1629 2.1551 2.1582 2.1644 2.1671 10.728 2.0916 8.6365 19189000000.0 36015000000.0 1.0 2.1229 2.0 5.275 14.0 36288000000.0 24010000000.0 -1.63 -99.0 -99.0 -99.0 -99.0 27704 aegis-04-G141_27704 2.16293 1.0
aegis 28068 2 1 1 2.2822 2.261 2.2733 2.2963 2.3072 24.086 13.935 10.151 127850000000.0 42330000000.0 0.0 2.2016 2.0 31.21 11.98 34933000000.0 28220000000.0 -1.28 -99.0 -99.0 -99.0 -99.0 28068 aegis-04-G141_28068 2.28215 1.0
aegis 23409 2 1 1 2.5841 2.4229 2.48 2.5929 2.613 16.361 5.9524 10.409 54609000000.0 43407000000.0 1.0 2.4851 2.0 8.359 12.53 39510000000.0 28938000000.0 -1.45 -99.0 -99.0 -99.0 -99.0 23409 aegis-13-G141_23409 2.58407 1.0
aegis 21561 2 1 1 2.5166 2.4997 2.5097 2.5194 2.5236 23.336 15.323 8.0135 140580000000.0 33417000000.0 0.0 2.4697 2.0 22.25 10.04 33845000000.0 22278000000.0 -1.66 -99.0 -99.0 -99.0 -99.0 21561 aegis-09-G141_21561 2.51662 1.0
aegis 18015 2 1 1 2.2625 2.2043 2.2177 2.2747 2.2892 10.861 5.8633 4.9973 53792000000.0 20839000000.0 1.0 2.1679 2.0 13.83 13.84 16698000000.0 13893000000.0 -1.3 -99.0 -99.0 -99.0 -99.0 18015 aegis-25-G141_18015 2.26252 1.0
aegis 17028 2 1 1 2.4591 2.4512 2.4551 2.4627 2.4668 60.226 37.291 22.934 342120000000.0 95640000000.0 0.0 2.525 2.0 47.79 10.19 86490000000.0 63760000000.0 -1.43 -99.0 -99.0 -99.0 -99.0 17028 aegis-25-G141_17028 2.45907 1.0
aegis 15485 3 1 0 2.2125 2.067 2.127 2.295 2.347 8.299 4.6645 3.6345 42794000000.0 15156000000.0 1.0 2.2125 3.0 10.27 10.47 12674000000.0 10104000000.0 -1.32 -99.0 -99.0 -99.0 -99.0 15485 aegis-25-G141_15485 2.22199 1.0
aegis 10134 3 1 0 2.3747 2.26 2.315 2.44 2.488 5.9311 -99.0 5.9311 -99.0 24734000000.0 2.0 2.3747 3.0 -1.392 15.74 24212000000.0 16489000000.0 -1.6 -99.0 -99.0 -99.0 -99.0 10134 aegis-12-G141_10134 2.29366 1.0
aegis 3658 2 1 1 2.174 2.1681 2.171 2.1755 2.1774 66.062 43.152 22.91 395890000000.0 95539000000.0 0.0 2.3347 2.0 79.47 16.85 93677000000.0 63693000000.0 -1.59 -99.0 -99.0 -99.0 -99.0 3658 aegis-18-G141_03658 2.17402 1.0
aegis 3126 2 1 1 1.9329 1.8976 1.9244 1.982 2.055 15.228 11.202 4.0261 102770000000.0 16789000000.0 0.0 2.1161 2.0 28.54 17.49 9768300000.0 11193000000.0 -0.47 -99.0 -99.0 -99.0 -99.0 3126 aegis-18-G141_03126 1.93292 1.0
aegis 33203 3 1 0 2.1829 2.064 2.104 2.258 2.31 40.293 32.424 7.8688 297470000000.0 32814000000.0 0.0 2.1829 3.0 74.76 10.0 28021000000.0 21876000000.0 -1.36 -99.0 -99.0 -99.0 -99.0 33203 aegis-20-G141_33203 2.22522 1.0
aegis 37316 3 1 0 2.2208 2.052 2.135 2.305 2.355 11.703 7.5324 4.1711 69104000000.0 17394000000.0 0.0 2.2208 3.0 16.37 12.71 18683000000.0 11596000000.0 -1.77 -99.0 -99.0 -99.0 -99.0 37316 aegis-19-G141_37316 2.16768 1.0
aegis 35764 2 1 1 2.377 2.3704 2.3735 2.3791 2.3818 85.167 75.863 9.3034 695990000000.0 38796000000.0 0.0 2.3117 2.0 144.3 12.48 25872000000.0 25864000000.0 -0.71 -99.0 -99.0 -99.0 -99.0 35764 aegis-19-G141_35764 2.37704 1.0
aegis 25817 2 1 1 2.2904 2.2841 2.2871 2.293 2.2957 20.335 10.274 10.061 94261000000.0 41955000000.0 0.0 2.4657 2.0 15.04 8.452 39511000000.0 27970000000.0 -1.51 -99.0 -99.0 -99.0 -99.0 25817 aegis-08-G141_25817 2.29037 1.0
aegis 19416 2 1 1 2.2043 2.1982 2.2006 2.2056 2.2082 8.6469 1.6521 6.9948 15157000000.0 29169000000.0 1.0 2.0856 2.0 4.405 8.092 34815000000.0 19446000000.0 -1.92 -99.0 -99.0 -99.0 -99.0 19416 aegis-10-G141_19416 2.20432 1.0
aegis 20297 2 1 1 2.1598 2.1539 2.1562 2.161 2.1629 30.601 13.92 16.681 127710000000.0 69561000000.0 0.0 2.3622 2.0 24.62 13.73 68566000000.0 46374000000.0 -1.59 -99.0 -99.0 -99.0 -99.0 20297 aegis-08-G141_20297 2.15977 1.0
aegis 19004 2 1 1 2.1582 2.096 2.1492 2.1814 2.2007 9.5972 3.4868 6.1104 31989000000.0 25481000000.0 1.0 2.1117 2.0 8.942 13.86 25007000000.0 16988000000.0 -1.63 -99.0 -99.0 -99.0 -99.0 19004 aegis-08-G141_19004 2.15819 1.0
aegis 14627 3 1 0 2.232 2.078 2.155 2.31 2.367 6.6 2.0533 4.5467 18837000000.0 18961000000.0 1.0 2.232 3.0 4.386 9.29 21389000000.0 12640000000.0 -1.85 -99.0 -99.0 -99.0 -99.0 14627 aegis-07-G141_14627 2.34511 1.0
aegis 11250 2 1 1 2.4834 2.4706 2.4765 2.4873 2.4925 17.769 9.2144 8.5544 84536000000.0 35673000000.0 0.0 2.5039 2.0 12.41 9.648 30988000000.0 23782000000.0 -1.37 -99.0 -99.0 -99.0 -99.0 11250 aegis-07-G141_11250 2.48337 1.0
aegis 8907 2 0 1 1.5896 1.5743 1.5851 1.5958 1.6457 31.963 18.668 13.295 171270000000.0 55441000000.0 0.0 1.6137 2.0 63.32 12.69 63734000000.0 36961000000.0 -1.9 -99.0 -99.0 -99.0 -99.0 8907 aegis-07-G141_08907 1.58959 1.0
aegis 5805 2 1 1 2.2756 2.266 2.2704 2.2869 2.3404 9.1925 3.0817 6.1108 28273000000.0 25483000000.0 1.0 2.3681 2.0 5.398 14.38 21472000000.0 16989000000.0 -1.34 -99.0 -99.0 -99.0 -99.0 5805 aegis-07-G141_05805 2.2756 1.0
aegis 5082 2 1 1 2.394 2.3848 2.3889 2.3979 2.404 14.82 2.1872 12.633 20066000000.0 52682000000.0 1.0 2.4416 2.0 3.361 10.72 51256000000.0 35121000000.0 -1.58 -99.0 -99.0 -99.0 -99.0 5082 aegis-07-G141_05082 2.39397 1.0
aegis 3094 3 1 0 2.4662 2.36 2.403 2.529 2.577 48.166 40.92 7.2452 375420000000.0 30213000000.0 0.0 2.4662 3.0 59.84 13.71 28438000000.0 20142000000.0 -1.52 -99.0 -99.0 -99.0 -99.0 3094 aegis-07-G141_03094 2.55374 1.0
aegis 33942 2 1 1 2.155 2.1491 2.1515 2.1561 2.1581 21.978 12.059 9.9193 110630000000.0 41365000000.0 0.0 2.3676 2.0 21.14 15.55 36345000000.0 27577000000.0 -1.41 -99.0 -99.0 -99.0 -99.0 33942 aegis-17-G141_33942 2.15504 1.0
aegis 33455 2 1 1 2.2381 2.2304 2.2339 2.2395 2.2415 152.48 147.69 4.7863 1355000000000.0 19960000000.0 0.0 2.2986 2.0 286.0 9.497 12594000000.0 13306000000.0 -0.65 -99.0 -99.0 -99.0 -99.0 33455 aegis-17-G141_33455 2.23814 1.0
aegis 31353 2 1 1 2.3301 2.3145 2.3202 2.3366 2.3564 362.06 353.29 8.7688 3241200000000.0 36567000000.0 0.0 2.3164 2.0 667.7 34.03 24439000000.0 24378000000.0 -1.05 -99.0 -99.0 -99.0 -99.0 31353 aegis-17-G141_31353 2.33009 2.0
aegis 29650 2 1 1 2.256 2.2317 2.2407 2.2597 2.3189 19.995 12.662 7.3328 116170000000.0 30579000000.0 0.0 2.2426 2.0 26.61 11.71 23718000000.0 20386000000.0 -1.23 -99.0 -99.0 -99.0 -99.0 29650 aegis-08-G141_29650 2.256 1.0
aegis 31704 2 1 1 2.2479 2.2362 2.2403 2.2509 2.2556 33.069 16.082 16.988 147540000000.0 70840000000.0 0.0 2.2732 2.0 32.29 14.45 63556000000.0 47227000000.0 -1.43 -99.0 -99.0 -99.0 -99.0 31704 aegis-27-G141_31704 2.24787 1.0
aegis 28648 3 1 0 1.4129 1.323 1.357 1.466 1.496 27.362 19.313 8.0492 177180000000.0 33566000000.0 0.0 1.4129 3.0 75.28 11.78 28376000000.0 22378000000.0 -1.39 18.8 1.01 162.27 9.42 28648 aegis-27-G141_28648 1.39169 1.0
aegis 25062 2 1 1 2.1081 2.1022 2.105 2.11 2.1124 17.172 7.7454 9.4262 71059000000.0 39309000000.0 0.0 2.1607 2.0 18.47 11.04 38964000000.0 26206000000.0 -1.62 -99.0 -99.0 -99.0 -99.0 25062 aegis-08-G141_25062 2.10806 1.0
aegis 20817 3 1 0 2.546 2.424 2.486 2.611 2.657 8.923 -99.0 8.923 -99.0 37210000000.0 2.0 2.546 3.0 -12.97 10.77 37406000000.0 24807000000.0 -1.62 -99.0 -99.0 -99.0 -99.0 20817 aegis-08-G141_20817 2.5787 1.0
aegis 18635 2 1 1 2.1836 2.1795 2.1814 2.1859 2.1884 20.815 13.838 6.9769 126950000000.0 29095000000.0 0.0 2.2177 2.0 30.22 13.55 25604000000.0 19396000000.0 -1.38 -99.0 -99.0 -99.0 -99.0 18635 aegis-29-G141_18635 2.18356 1.0
aegis 17520 3 1 0 2.5409 2.389 2.448 2.638 2.724 29.833 23.189 6.6441 212740000000.0 27707000000.0 0.0 2.5409 3.0 28.59 13.82 20536000000.0 18471000000.0 -1.08 -99.0 -99.0 -99.0 -99.0 17520 aegis-29-G141_17520 2.98684 1.0
aegis 15737 2 1 1 2.3003 2.2939 2.2966 2.3044 2.3084 40.604 27.598 13.006 253190000000.0 54235000000.0 0.0 2.4131 2.0 44.76 16.44 56943000000.0 36157000000.0 -1.71 -99.0 -99.0 -99.0 -99.0 15737 aegis-29-G141_15737 2.30026 1.0
aegis 15435 3 1 0 2.4546 2.343 2.393 2.515 2.556 7.4946 2.7102 4.7844 24864000000.0 19952000000.0 1.0 2.4546 3.0 4.057 10.07 20553000000.0 13301000000.0 -1.67 -99.0 -99.0 -99.0 -99.0 15435 00000 -1.0 1.0
aegis 13218 3 1 0 2.297 2.171 2.228 2.367 2.411 6.1511 -99.0 6.1511 -99.0 25651000000.0 2.0 2.297 3.0 -34.48 15.6 26713000000.0 17101000000.0 -1.7 -99.0 -99.0 -99.0 -99.0 13218 aegis-26-G141_13218 2.39736 1.0
aegis 11284 3 1 0 2.2068 2.038 2.119 2.293 2.36 10.064 7.4364 2.6274 68224000000.0 10957000000.0 0.0 2.2068 3.0 16.52 12.21 8122200000.0 7304500000.0 -1.1 -99.0 -99.0 -99.0 -99.0 11284 aegis-26-G141_11284 2.25275 1.0
aegis 9314 2 1 1 2.2937 2.2866 2.2901 2.2973 2.3015 56.85 43.246 13.604 396750000000.0 56730000000.0 0.0 2.2157 2.0 94.74 10.41 37109000000.0 37820000000.0 -0.7 -99.0 -99.0 -99.0 -99.0 9314 aegis-26-G141_09314 2.29366 1.0
aegis 7432 2 1 1 2.2937 2.2851 2.2892 2.2951 2.2982 14.747 7.9494 6.7975 72931000000.0 28346000000.0 0.0 2.3127 2.0 15.1 12.62 28090000000.0 18898000000.0 -1.64 -99.0 -99.0 -99.0 -99.0 7432 aegis-26-G141_07432 2.29366 1.0
aegis 6981 3 1 0 2.4993 2.363 2.414 2.586 2.66 10.385 4.9712 5.4138 45607000000.0 22576000000.0 1.0 2.4993 3.0 6.764 14.19 14879000000.0 15051000000.0 -0.64 -99.0 -99.0 -99.0 -99.0 6981 aegis-26-G141_06981 2.66746 1.0
aegis 5510 3 1 0 2.2021 1.947 2.081 2.329 2.418 29.1 26.927 2.1728 247040000000.0 9060700000.0 0.0 2.2021 3.0 60.26 10.27 6615800000.0 6040500000.0 -1.09 -99.0 -99.0 -99.0 -99.0 5510 aegis-26-G141_05510 2.28544 1.0
aegis 4181 3 1 0 2.3367 2.213 2.268 2.406 2.461 3.6768 -99.0 3.6768 -99.0 15333000000.0 2.0 2.3367 3.0 -20.31 14.42 15897000000.0 10222000000.0 -1.71 -99.0 -99.0 -99.0 -99.0 4181 aegis-26-G141_04181 2.28708 1.0
aegis 2904 3 1 0 2.1628 1.953 2.063 2.266 2.345 11.461 7.9426 3.5187 72868000000.0 14674000000.0 0.0 2.1628 3.0 18.88 12.76 12280000000.0 9782400000.0 -1.29 -99.0 -99.0 -99.0 -99.0 2904 aegis-26-G141_02904 2.1174 1.0
aegis 2650 2 1 1 2.2236 2.1142 2.2035 2.2585 2.33 8.1767 -99.0 8.1767 -99.0 34098000000.0 2.0 2.2281 2.0 -38.67 15.08 39851000000.0 22732000000.0 -1.89 -99.0 -99.0 -99.0 -99.0 2650 aegis-26-G141_02650 2.2236 1.0
aegis 28522 2 1 1 1.5549 1.548 1.5519 1.5577 1.5609 5.3066 1.4251 3.8815 13075000000.0 16186000000.0 1.0 1.8022 2.0 5.362 9.951 17507000000.0 10791000000.0 -1.77 -99.0 -99.0 -99.0 -99.0 28522 aegis-23-G141_28522 1.55487 1.0
aegis 19338 2 0 1 1.4584 1.455 1.4567 1.4603 1.462 6.22 -99.0 6.22 -99.0 25938000000.0 2.0 1.4786 2.0 -2.398 12.18 25608000000.0 17292000000.0 -1.63 12.67 0.77 435.79 37.88 19338 aegis-14-G141_19338 1.45837 1.0
aegis 15882 2 1 1 1.467 1.4567 1.4622 1.4704 1.4764 7.0765 4.0078 3.0686 36769000000.0 12797000000.0 1.0 1.5738 2.0 13.61 17.12 15455000000.0 8531100000.0 -1.94 2.72 0.71 181.73 56.4 15882 aegis-01-G141_15882 1.46699 1.0
aegis 13360 2 1 1 1.4109 1.4071 1.4085 1.4112 1.4125 17.918 17.006 0.91257 156010000000.0 3805500000.0 0.0 1.3315 2.0 80.66 8.394 2704900000.0 2537000000.0 -1.23 14.65 0.62 877.99 63.35 13360 aegis-09-G141_13360 1.4109 1.0
aegis 15230 2 1 1 1.5831 1.5795 1.5813 1.585 1.5867 8.8042 4.5563 4.2479 41801000000.0 17714000000.0 0.0 1.6594 2.0 15.89 9.049 19150000000.0 11810000000.0 -1.77 -99.0 -99.0 -99.0 -99.0 15230 aegis-15-G141_15230 1.58313 1.0
aegis 16821 2 1 1 1.5396 1.5357 1.5371 1.54 1.5414 9.7054 4.1748 5.5306 38301000000.0 23064000000.0 1.0 1.5338 2.0 14.46 17.66 16887000000.0 15376000000.0 -1.06 16.54 0.75 535.51 32.75 16821 aegis-25-G141_16821 1.53958 1.0
aegis 16958 2 1 1 1.4364 1.4283 1.4328 1.4432 1.4477 23.821 19.487 4.3337 178780000000.0 18072000000.0 0.0 1.4947 2.0 69.48 20.39 20892000000.0 12048000000.0 -1.9 5.58 0.75 333.91 57.1 16958 aegis-25-G141_16958 1.43635 1.0
aegis 19633 3 1 0 1.4683 1.389 1.43 1.507 1.531 17.29 12.511 4.7795 114780000000.0 19931000000.0 0.0 1.4683 3.0 45.57 10.36 18511000000.0 13287000000.0 -1.53 -99.0 -99.0 -99.0 -99.0 19633 aegis-25-G141_19633 2.38042 1.0
aegis 26886 2 1 1 1.6379 1.6327 1.6351 1.6409 1.644 14.965 7.9436 7.021 72877000000.0 29278000000.0 0.0 1.608 2.0 26.89 10.52 27422000000.0 19519000000.0 -1.59 -99.0 -99.0 -99.0 -99.0 26886 aegis-24-G141_26886 1.63794 1.0
aegis 34377 2 1 1 1.5922 1.5854 1.59 1.609 1.6148 8.9877 -99.0 8.9877 -99.0 37480000000.0 2.0 1.6101 2.0 -9.339 12.18 36081000000.0 24987000000.0 -1.58 -99.0 -99.0 -99.0 -99.0 34377 aegis-04-G141_34377 1.59218 1.0
aegis 34089 2 1 1 1.63 1.5966 1.6128 1.6831 1.7029 34.339 23.589 10.75 216410000000.0 44830000000.0 0.0 1.6094 2.0 79.85 13.89 41321000000.0 29886000000.0 -1.5 -99.0 -99.0 -99.0 -99.0 34089 aegis-05-G141_34089 1.63004 1.0
aegis 35075 3 1 0 1.6185 1.432 1.511 1.707 1.804 5.2329 3.3065 1.9264 30335000000.0 8033600000.0 1.0 1.6185 3.0 11.24 11.72 7834800000.0 5355700000.0 -1.59 -99.0 -99.0 -99.0 -99.0 35075 aegis-05-G141_35075 1.65249 1.0
aegis 11452 2 1 1 1.6751 1.6715 1.6729 1.6759 1.6773 16.521 6.3044 10.216 57839000000.0 42603000000.0 0.0 1.6103 2.0 21.35 14.2 47616000000.0 28402000000.0 -1.81 -99.0 -99.0 -99.0 -99.0 11452 aegis-28-G141_11452 1.67514 1.0
aegis 7984 2 1 1 1.5256 1.5206 1.5229 1.5279 1.5303 6.6135 3.2117 3.4018 29465000000.0 14186000000.0 1.0 1.4798 2.0 11.59 13.05 11430000000.0 9457300000.0 -1.28 9.9 0.75 415.74 41.92 7984 aegis-15-G141_07984 1.52565 1.0
aegis 17555 2 1 1 1.5383 1.5346 1.5364 1.5408 1.5434 113.83 102.77 11.063 942860000000.0 46133000000.0 0.0 1.5103 2.0 361.9 26.64 36237000000.0 30755000000.0 -1.3 38.81 1.65 369.65 19.06 17555 aegis-14-G141_17555 1.53831 1.0
aegis 18105 2 1 1 1.5131 1.3937 1.4228 1.5325 1.5623 89.283 84.373 4.9098 774070000000.0 20474000000.0 0.0 1.5074 2.0 297.8 14.43 8219200000.0 13650000000.0 0.05 3.06 2.23 27.37 20.3 18105 aegis-09-G141_18105 1.51306 2.0
aegis 19391 2 1 1 1.5896 1.568 1.5783 1.5945 1.6061 55.776 53.085 2.6911 487020000000.0 11222000000.0 0.0 1.6023 2.0 179.7 17.62 8171000000.0 7481400000.0 -1.15 -99.0 -99.0 -99.0 -99.0 19391 aegis-09-G141_19391 1.58959 1.0
aegis 21413 2 1 1 1.5447 1.5338 1.5387 1.5488 1.556 3.3355 -99.0 3.3355 -99.0 13909000000.0 2.0 1.5294 2.0 -18.68 9.919 17083000000.0 9273000000.0 -1.97 2.6 1.04 342.72 167.39 21413 aegis-09-G141_21413 1.54467 1.0
aegis 25290 2 1 1 1.4682 1.4647 1.4661 1.4689 1.4702 29.133 18.173 10.96 166730000000.0 45704000000.0 0.0 1.3441 2.0 82.82 15.06 41862000000.0 30469000000.0 -1.47 27.24 0.83 431.77 17.97 25290 aegis-13-G141_25290 1.46823 1.0
aegis 26142 2 1 1 1.4608 1.4561 1.4584 1.4627 1.4649 19.679 11.595 8.0844 106370000000.0 33713000000.0 0.0 1.5573 2.0 39.6 10.59 37983000000.0 22475000000.0 -1.83 12.77 1.21 626.72 91.01 26142 aegis-13-G141_26142 1.46083 1.0
aegis 34377 2 1 1 1.5922 1.5854 1.59 1.609 1.6148 8.9877 -99.0 8.9877 -99.0 37480000000.0 2.0 1.6101 2.0 -9.339 12.18 36081000000.0 24987000000.0 -1.58 -99.0 -99.0 -99.0 -99.0 34377 aegis-04-G141_34377 1.59218 1.0
aegis 3075 2 1 1 1.4206 1.4162 1.4182 1.4217 1.424 4.4012 1.6062 2.795 14736000000.0 11656000000.0 1.0 1.3697 2.0 6.825 11.48 12508000000.0 7770300000.0 -1.81 8.05 1.05 330.68 52.29 3075 aegis-26-G141_03075 1.42056 1.0
aegis 3080 2 1 1 1.4037 1.4002 1.4016 1.4046 1.406 4.7578 1.6498 3.108 15136000000.0 12961000000.0 1.0 1.3881 2.0 6.722 11.6 11137000000.0 8640500000.0 -1.45 12.08 0.59 610.11 45.56 3080 aegis-07-G141_03080 1.40368 1.0
aegis 5315 2 1 1 1.3941 1.3852 1.3903 1.3977 1.4015 7.4593 5.877 1.5823 53917000000.0 6598600000.0 0.0 1.3628 2.0 25.41 11.58 4376200000.0 4399100000.0 -1.03 5.76 0.9 261.33 45.32 5315 aegis-07-G141_05315 1.39408 1.0
aegis 10307 2 0 1 1.6026 1.5975 1.5996 1.6053 1.608 5.945 1.5489 4.396 14210000000.0 18332000000.0 1.0 1.6518 2.0 5.372 9.561 22851000000.0 12221000000.0 -2.02 -99.0 -99.0 -99.0 -99.0 10307 aegis-07-G141_10307 1.60257 1.0
aegis 10170 2 0 1 1.6845 1.6753 1.6796 1.687 1.6917 20.159 13.869 6.2901 127240000000.0 26231000000.0 0.0 1.6651 2.0 48.59 12.8 26894000000.0 17487000000.0 -1.68 -99.0 -99.0 -99.0 -99.0 10170 aegis-07-G141_10170 1.68451 1.0
aegis 16569 2 1 1 1.508 1.4372 1.4902 1.6442 1.8779 10.167 4.602 5.5653 42220000000.0 23208000000.0 0.0 1.6483 2.0 15.92 10.63 16650000000.0 15472000000.0 -1.08 7.07 1.49 232.64 54.19 16569 aegis-08-G141_16569 1.50804 1.0
aegis 24341 2 1 1 1.5844 1.5737 1.5784 1.5879 1.5925 16.961 9.8049 7.1558 89954000000.0 29841000000.0 0.0 1.6178 2.0 33.32 17.51 27577000000.0 19894000000.0 -1.52 -99.0 -99.0 -99.0 -99.0 24341 aegis-10-G141_24341 1.58442 1.0
aegis 27627 2 1 1 1.6765 1.6669 1.6694 1.677 1.6807 87.292 78.777 8.5153 722720000000.0 35510000000.0 0.0 1.6129 2.0 267.1 12.24 31494000000.0 23673000000.0 -1.51 -99.0 -99.0 -99.0 -99.0 27627 aegis-19-G141_27627 1.67647 1.0
aegis 27539 2 1 1 1.503 1.4969 1.4995 1.5054 1.508 39.452 33.697 5.7546 309150000000.0 23997000000.0 0.0 1.5179 2.0 118.0 11.81 16392000000.0 15998000000.0 -0.92 16.01 1.28 362.46 37.11 27539 aegis-10-G141_27539 1.50302 1.0
aegis 35262 2 1 1 1.5106 1.5065 1.5079 1.5108 1.5122 10.159 3.7151 6.4435 34083000000.0 26870000000.0 1.0 1.6118 2.0 12.59 14.66 27011000000.0 17913000000.0 -1.66 13.83 0.64 839.46 64.97 35262 aegis-19-G141_35262 1.51055 1.0
aegis 34848 2 1 1 1.5231 1.5199 1.5213 1.5242 1.5256 7.5009 3.1859 4.315 29228000000.0 17994000000.0 0.0 1.7751 2.0 12.0 10.29 19786000000.0 11996000000.0 -1.82 7.68 0.54 833.3 112.91 34848 aegis-19-G141_34848 1.52313 1.0
aegis 37226 2 1 1 1.5345 1.5312 1.5326 1.5355 1.5369 16.794 11.243 5.5506 103150000000.0 23147000000.0 0.0 1.5972 2.0 38.06 10.97 19538000000.0 15431000000.0 -1.35 20.42 0.91 1282.49 119.41 37226 aegis-19-G141_37226 1.53451 1.0
aegis 3478 3 1 0 1.6578 1.566 1.596 1.709 1.833 19.472 7.1625 12.309 65711000000.0 51330000000.0 0.0 1.6578 3.0 24.95 16.58 57795000000.0 34220000000.0 -1.81 -99.0 -99.0 -99.0 -99.0 3478 00000 -1.0 1.0
aegis 4428 2 1 1 1.6805 1.6767 1.6784 1.6818 1.6834 10.714 2.9984 7.7159 27508000000.0 32176000000.0 1.0 1.6413 2.0 10.32 14.49 31839000000.0 21451000000.0 -1.6 -99.0 -99.0 -99.0 -99.0 4428 aegis-26-G141_04428 1.68049 1.0
aegis 7904 2 1 1 1.4085 1.4043 1.4064 1.411 1.4137 26.951 24.408 2.5429 223920000000.0 10604000000.0 0.0 1.4438 2.0 91.39 14.77 7334200000.0 7069600000.0 -1.03 8.06 0.98 249.0 35.7 7904 aegis-26-G141_07904 1.40849 1.0
aegis 11930 2 1 1 1.569 1.5656 1.5669 1.5697 1.5711 45.682 19.123 26.559 175440000000.0 110760000000.0 0.0 1.7523 2.0 71.51 13.69 122460000000.0 73838000000.0 -1.8 -99.0 -99.0 -99.0 -99.0 11930 aegis-26-G141_11930 1.56896 1.0
aegis 12824 2 1 1 1.3869 1.3835 1.3849 1.3877 1.3891 20.863 17.506 3.3567 160610000000.0 13998000000.0 0.0 1.3431 2.0 80.01 13.29 10560000000.0 9331900000.0 -1.21 15.79 0.83 750.35 64.37 12824 aegis-26-G141_12824 1.38691 1.0
aegis 15846 1 1 1 1.4161 -1.0 -1.0 -1.0 -1.0 43.853 25.259 18.593 231740000000.0 77536000000.0 0.0 1.4462 1.0 94.32 10.38 85390000000.0 51691000000.0 -1.81 32.82 1.13 531.6 26.7 15846 aegis-29-G141_15846 1.41211 1.0
aegis 19286 2 1 1 1.6261 1.5922 1.6167 1.6919 1.7025 13.077 4.0577 9.0194 37226000000.0 37612000000.0 0.0 1.6637 2.0 14.2 9.848 39357000000.0 25075000000.0 -1.73 -99.0 -99.0 -99.0 -99.0 19286 aegis-29-G141_19286 1.6261 1.0
aegis 18728 2 1 1 1.5651 1.5598 1.5618 1.5663 1.5693 43.008 36.811 6.1971 337720000000.0 25843000000.0 0.0 1.5125 2.0 129.4 7.653 19432000000.0 17229000000.0 -1.15 -99.0 -99.0 -99.0 -99.0 18728 aegis-29-G141_18728 1.56511 1.0
aegis 18669 2 1 1 1.4013 1.3972 1.399 1.4024 1.4041 1.8664 -99.0 1.8664 -99.0 7783200000.0 2.0 1.4352 2.0 -6.277 10.94 5631000000.0 5188800000.0 -0.98 6.48 0.62 644.22 97.4 18669 aegis-29-G141_18669 1.40128 1.0
aegis 23277 1 1 1 1.3889 -1.0 -1.0 -1.0 -1.0 4.8333 0.20181 4.6315 1851400000.0 19314000000.0 1.0 1.4544 1.0 0.7466 12.38 23349000000.0 12876000000.0 -1.94 4.71 0.97 338.37 83.91 23277 aegis-29-G141_23277 1.3893 1.0
aegis 39367 2 1 1 1.698 1.6941 1.6956 1.6986 1.7001 4.6253 -99.0 4.6253 -99.0 19288000000.0 2.0 1.7368 2.0 -6.664 11.45 17986000000.0 12859000000.0 -1.49 -99.0 -99.0 -99.0 -99.0 39367 aegis-27-G141_39367 1.69797 1.0
aegis 3677 3 1 0 2.2213 2.133 2.167 2.276 2.315 65.535 55.167 10.368 506120000000.0 43235000000.0 0.0 2.2213 3.0 119.8 12.65 31273000000.0 28823000000.0 -1.01 -99.0 -99.0 -99.0 -99.0 3677 00000 -1.0 1.0
aegis 4805 3 1 0 2.258 2.094 2.175 2.341 2.397 7.2558 1.9404 5.3153 17802000000.0 22166000000.0 1.0 2.258 3.0 3.983 18.98 21260000000.0 14777000000.0 -1.56 -99.0 -99.0 -99.0 -99.0 4805 00000 -1.0 1.0
aegis 9319 3 1 0 2.4086 2.321 2.356 2.464 2.512 27.433 12.186 15.247 111800000000.0 63584000000.0 0.0 2.4086 3.0 19.93 12.47 61127000000.0 42389000000.0 -1.58 -99.0 -99.0 -99.0 -99.0 9319 00000 -1.0 1.0
aegis 14536 3 1 0 1.5978 1.506 1.55 1.649 1.687 31.413 16.697 14.717 153180000000.0 61371000000.0 0.0 1.5978 3.0 56.52 14.73 51396000000.0 40914000000.0 -1.29 -99.0 -99.0 -99.0 -99.0 14536 00000 -1.0 1.0
aegis 18407 3 1 0 2.3995 2.247 2.317 2.481 2.568 102.39 95.826 6.561 879130000000.0 27360000000.0 0.0 2.3995 3.0 159.4 15.72 17487000000.0 18240000000.0 -0.65 -99.0 -99.0 -99.0 -99.0 18407 00000 -1.0 1.0
aegis 19490 3 1 0 2.3061 2.185 2.237 2.377 2.425 18.887 10.189 8.6974 93480000000.0 36269000000.0 1.0 2.3061 3.0 19.53 22.51 31555000000.0 24180000000.0 -1.4 -99.0 -99.0 -99.0 -99.0 19490 00000 -1.0 1.0
aegis 20148 3 1 0 1.681 1.492 1.584 1.767 1.809 4.8817 0.76141 4.1203 6985400000.0 17182000000.0 1.0 1.681 3.0 2.702 38.06 21713000000.0 11455000000.0 -2.05 -99.0 -99.0 -99.0 -99.0 20148 00000 -1.0 1.0
aegis 15451 3 1 0 2.1186 1.822 2.001 2.248 2.34 13.445 9.4004 4.045 86242000000.0 16868000000.0 0.0 2.1186 3.0 23.86 17.03 14239000000.0 11246000000.0 -1.35 -99.0 -99.0 -99.0 -99.0 15451 aegis-29-G141_15451 2.12364 1.0
aegis 22731 3 1 0 2.249 2.149 2.191 2.311 2.365 128.91 114.37 14.537 1049300000000.0 60621000000.0 0.0 2.249 3.0 238.0 14.41 49802000000.0 40414000000.0 -1.24 -99.0 -99.0 -99.0 -99.0 22731 00000 -1.0 1.0
aegis 24172 3 1 0 1.6285 1.564 1.582 1.677 1.724 11.359 8.5531 2.8056 78469000000.0 11700000000.0 0.0 1.6285 3.0 29.21 13.33 9574200000.0 7799800000.0 -1.25 -99.0 -99.0 -99.0 -99.0 24172 00000 -1.0 1.0
aegis 20671 3 1 0 2.3786 2.211 2.292 2.465 2.539 4.5348 -99.0 4.5348 -99.0 18911000000.0 2.0 2.3786 3.0 -1.406 12.76 15974000000.0 12607000000.0 -1.34 -99.0 -99.0 -99.0 -99.0 20671 00000 -1.0 1.0
aegis 22370 3 1 0 2.2533 2.144 2.182 2.321 2.417 100.67 94.96 5.7072 871190000000.0 23800000000.0 0.0 2.2533 3.0 196.3 11.54 17352000000.0 15867000000.0 -1.04 -99.0 -99.0 -99.0 -99.0 22370 00000 -1.0 1.0
aegis 25975 3 1 0 2.2625 2.132 2.194 2.334 2.382 95.283 90.767 4.516 832730000000.0 18833000000.0 0.0 2.2625 3.0 185.1 13.34 10097000000.0 12555000000.0 -0.41 -99.0 -99.0 -99.0 -99.0 25975 00000 -1.0 1.0
aegis 28037 3 1 0 2.4017 2.272 2.332 2.473 2.529 5.7954 -99.0 5.7954 -99.0 24168000000.0 2.0 2.4017 3.0 -3.367 12.96 23561000000.0 16112000000.0 -1.6 -99.0 -99.0 -99.0 -99.0 28037 00000 -1.0 1.0
aegis 29114 3 1 0 2.3144 2.155 2.239 2.391 2.448 3.6357 -99.0 3.6357 -99.0 15161000000.0 2.0 2.3144 3.0 -29.35 15.1 17084000000.0 10108000000.0 -1.85 -99.0 -99.0 -99.0 -99.0 29114 00000 -1.0 1.0
aegis 29045 3 1 0 2.5659 2.352 2.442 2.69 2.771 3.4635 -99.0 3.4635 -99.0 14443000000.0 2.0 2.5659 3.0 -25.32 14.2 16715000000.0 9628900000.0 -1.88 -99.0 -99.0 -99.0 -99.0 29045 00000 -1.0 1.0
aegis 33172 3 1 0 2.474 2.357 2.4 2.554 2.59 15.588 5.2431 10.345 48102000000.0 43138000000.0 1.0 2.474 3.0 7.547 11.23 37143000000.0 28759000000.0 -1.37 -99.0 -99.0 -99.0 -99.0 33172 00000 -1.0 1.0
aegis 35054 3 1 0 2.1636 2.054 2.101 2.225 2.271 10.382 2.9766 7.4056 27308000000.0 30882000000.0 1.0 2.1636 3.0 7.067 14.24 24164000000.0 20588000000.0 -1.17 -99.0 -99.0 -99.0 -99.0 35054 00000 -1.0 1.0
aegis 36050 3 1 0 2.4738 2.371 2.41 2.54 2.581 33.119 18.965 14.155 173990000000.0 59028000000.0 0.0 2.4738 3.0 27.31 13.17 61576000000.0 39352000000.0 -1.72 -99.0 -99.0 -99.0 -99.0 36050 00000 -1.0 1.0
aegis 36180 3 1 0 2.604 2.497 2.536 2.679 2.734 144.3 130.67 13.631 1198800000000.0 56845000000.0 0.0 2.604 3.0 137.6 12.99 43100000000.0 37896000000.0 -1.12 -99.0 -99.0 -99.0 -99.0 36180 00000 -1.0 1.0
aegis 34091 3 1 0 2.2061 2.047 2.124 2.289 2.346 10.527 7.2709 3.2559 66706000000.0 13578000000.0 0.0 2.2061 3.0 16.17 11.14 13937000000.0 9051800000.0 -1.68 -99.0 -99.0 -99.0 -99.0 34091 aegis-27-G141_34091 2.20272 1.0
aegis 5834 2 1 1 2.1598 1.9598 1.9912 2.2937 2.3435 4.8115 -99.0 4.8115 -99.0 20065000000.0 2.0 2.0367 2.0 -0.8846 15.06 16095000000.0 13376000000.0 -1.21 -99.0 -99.0 -99.0 -99.0 5834 aegis-30-G141_05834 2.15977 1.0
aegis 6569 2 1 1 2.3501 2.3032 2.3425 2.3687 2.4543 11.716 4.6012 7.115 42213000000.0 29671000000.0 1.0 2.3052 2.0 8.83 81.21 22798000000.0 19780000000.0 -1.15 -99.0 -99.0 -99.0 -99.0 6569 aegis-30-G141_06569 2.35013 1.0
aegis 16556 2 1 1 1.5447 1.5373 1.5411 1.547 1.5497 8.4786 5.6498 2.8288 51833000000.0 11796000000.0 0.0 1.6122 2.0 19.15 13.24 11537000000.0 7864300000.0 -1.65 7.16 1.13 549.88 106.49 16556 aegis-14-G141_16556 1.54467 1.0
aegis 12311 2 1 1 2.119 2.1112 2.1149 2.1256 2.1349 34.191 24.833 9.3585 227820000000.0 39026000000.0 0.0 2.1769 2.0 57.78 12.77 36374000000.0 26017000000.0 -1.5 -99.0 -99.0 -99.0 -99.0 12311 aegis-28-G141_12311 2.11896 1.0
aegis 11101 3 1 0 2.2057 1.977 2.102 2.302 2.354 20.38 17.436 2.9439 159960000000.0 12277000000.0 0.0 2.2057 3.0 38.8 14.06 12830000000.0 8184400000.0 -1.73 -99.0 -99.0 -99.0 -99.0 11101 aegis-28-G141_11101 2.2756 1.0
aegis 18318 3 1 0 2.4772 2.344 2.397 2.563 2.645 38.995 35.376 3.6184 324550000000.0 15089000000.0 0.0 2.4772 3.0 50.56 12.51 13609000000.0 10059000000.0 -1.47 -99.0 -99.0 -99.0 -99.0 18318 aegis-14-G141_18318 2.37029 1.0
aegis 17555 2 1 1 1.5383 1.5346 1.5364 1.5408 1.5434 113.83 102.77 11.063 942860000000.0 46133000000.0 0.0 1.5103 2.0 361.9 26.64 36237000000.0 30755000000.0 -1.3 38.81 1.65 369.65 19.06 17555 aegis-14-G141_17555 1.53831 1.0
aegis 15082 2 1 1 2.3036 2.2352 2.2592 2.3109 2.3425 8.5949 -99.0 8.5949 -99.0 35842000000.0 2.0 2.3165 2.0 -3.345 7.466 31322000000.0 23895000000.0 -1.38 -99.0 -99.0 -99.0 -99.0 15082 aegis-09-G141_15082 2.30356 1.0
aegis 25944 3 1 0 1.6061 1.545 1.569 1.64 1.687 3.8918 -99.0 3.8918 -99.0 16229000000.0 2.0 1.6061 3.0 -2.214 10.12 16710000000.0 10820000000.0 -1.64 -99.0 -99.0 -99.0 -99.0 25944 aegis-22-G141_25944 1.42056 1.0
aegis 28710 2 1 1 2.1867 2.1795 2.184 2.2032 2.2116 51.937 45.403 6.5341 416540000000.0 27248000000.0 0.0 2.3629 2.0 80.21 11.88 20344000000.0 18165000000.0 -1.14 -99.0 -99.0 -99.0 -99.0 28710 aegis-22-G141_28710 2.18674 1.0
aegis 30032 3 1 0 2.3466 2.228 2.286 2.41 2.465 5.6389 1.4759 4.1629 13541000000.0 17360000000.0 1.0 2.3466 3.0 2.671 7.357 18042000000.0 11573000000.0 -1.69 -99.0 -99.0 -99.0 -99.0 30032 aegis-22-G141_30032 2.16135 1.0
aegis 30596 2 1 1 2.2204 2.2118 2.2156 2.2231 2.2273 15.675 9.1305 6.5445 83766000000.0 27291000000.0 0.0 2.1329 2.0 22.69 13.14 32918000000.0 18194000000.0 -1.94 -99.0 -99.0 -99.0 -99.0 30596 aegis-13-G141_30596 2.22038 1.0
aegis 34661 2 1 1 2.2625 2.1264 2.138 2.3237 2.4042 13.054 2.9549 10.099 27109000000.0 42116000000.0 1.0 2.2695 2.0 5.965 11.41 39766000000.0 28077000000.0 -1.51 -99.0 -99.0 -99.0 -99.0 34661 aegis-22-G141_34661 2.26252 1.0
aegis 31977 3 1 0 2.2518 2.097 2.178 2.33 2.378 6.2411 1.2056 5.0355 11061000000.0 20999000000.0 1.0 2.2518 3.0 2.498 12.12 20254000000.0 13999000000.0 -1.58 -99.0 -99.0 -99.0 -99.0 31977 aegis-13-G141_31977 2.13773 1.0
aegis 30758 3 1 0 0.0522 0.027 0.039 0.066 0.075 0.0030322 0.0015252 0.001507 13993000.0 6284300.0 0.0 0.0522 3.0 27.38 10.68 6932100.0 4189500.0 -1.79 -99.0 -99.0 -99.0 -99.0 30758 aegis-04-G141_30758 2.13146 1.0
aegis 22931 2 1 1 2.2953 2.2915 2.2933 2.297 2.2988 0.0024993 0.00046332 0.0020359 4250700.0 8490100.0 1.0 0.0453 2.0 11.29 12.42 9205500.0 5660100.0 -1.77 -99.0 -99.0 -99.0 -99.0 22931 aegis-01-G141_22931 2.29531 1.0
aegis 13673 2 1 1 2.2349 2.2219 2.2287 2.2506 2.2647 35.56 29.908 5.6513 274390000000.0 23567000000.0 0.0 2.2205 2.0 65.03 12.1 22139000000.0 15711000000.0 -1.55 -99.0 -99.0 -99.0 -99.0 13673 aegis-21-G141_13673 2.23491 1.0
aegis 17849 2 1 1 2.3923 2.3857 2.389 2.3966 2.4015 49.086 38.777 10.308 355760000000.0 42988000000.0 0.0 2.503 2.0 52.33 7.86 39791000000.0 28659000000.0 -1.48 -99.0 -99.0 -99.0 -99.0 17849 aegis-16-G141_17849 2.39227 1.0
aegis 18543 2 1 1 2.1424 2.1383 2.14 2.1434 2.145 11.97 1.3076 10.662 11996000000.0 44464000000.0 1.0 2.2052 2.0 2.912 9.661 54974000000.0 29643000000.0 -1.97 -99.0 -99.0 -99.0 -99.0 18543 aegis-10-G141_18543 2.14244 1.0
aegis 17450 3 0 0 2.274 2.145 2.21 2.341 2.383 7.4292 0.83569 6.5935 7666900000.0 27496000000.0 1.0 2.274 3.0 1.676 10.23 24856000000.0 18330000000.0 -1.47 -99.0 -99.0 -99.0 -99.0 17450 aegis-10-G141_17450 2.15346 1.0
aegis 27825 3 1 0 2.4725 2.359 2.409 2.54 2.583 120.93 108.87 12.058 998830000000.0 50282000000.0 0.0 2.4725 3.0 157.2 58.62 27220000000.0 33521000000.0 -0.44 -99.0 -99.0 -99.0 -99.0 27825 aegis-16-G141_27825 2.29366 3.0
aegis 28526 2 1 1 2.2641 2.1678 2.2334 2.2877 2.3669 49.642 44.364 5.2784 407010000000.0 22012000000.0 0.0 2.2306 2.0 94.97 13.42 14355000000.0 14675000000.0 -0.69 -99.0 -99.0 -99.0 -99.0 28526 aegis-16-G141_28526 2.26415 1.0
aegis 34818 2 1 1 2.4643 2.4595 2.4618 2.4741 2.4777 171.49 153.41 18.082 1407400000000.0 75406000000.0 0.0 2.4521 2.0 230.8 14.85 56376000000.0 50270000000.0 -1.1 -99.0 -99.0 -99.0 -99.0 34818 aegis-20-G141_34818 2.46426 1.0
aegis 32803 2 1 1 2.1519 2.1248 2.1384 2.1526 2.1573 15.551 8.6878 6.8634 79705000000.0 28621000000.0 0.0 2.2616 2.0 17.74 10.94 32696000000.0 19081000000.0 -1.87 -99.0 -99.0 -99.0 -99.0 32803 aegis-20-G141_32803 2.15188 1.0
aegis 32638 2 1 1 2.5254 2.453 2.5011 2.5356 2.6019 12.082 -99.0 12.082 -99.0 50385000000.0 2.0 2.4989 2.0 -4.041 10.93 47454000000.0 33590000000.0 -1.52 -99.0 -99.0 -99.0 -99.0 32638 aegis-19-G141_32638 2.52542 1.0
aegis 39088 2 1 1 2.1393 2.1355 2.1372 2.1407 2.1424 13.862 6.0606 7.801 55601000000.0 32531000000.0 0.0 2.3477 2.0 10.95 8.475 31768000000.0 21687000000.0 -1.57 -99.0 -99.0 -99.0 -99.0 39088 aegis-19-G141_39088 2.1393 1.0
aegis 28537 2 1 1 2.4281 2.3789 2.4119 2.4543 2.5188 103.41 86.757 16.649 795930000000.0 69427000000.0 0.0 2.4454 2.0 132.3 13.95 51940000000.0 46285000000.0 -1.11 -99.0 -99.0 -99.0 -99.0 28537 aegis-08-G141_28537 2.42808 1.0
aegis 27510 2 1 1 1.6117 1.4358 1.6047 1.6823 1.6946 92.965 91.246 1.7188 837120000000.0 7167700000.0 0.0 1.518 2.0 319.5 12.41 5738500000.0 4778500000.0 -1.34 -99.0 -99.0 -99.0 -99.0 27510 aegis-08-G141_27510 1.6117 1.0
aegis 38767 2 0 1 2.3151 2.3091 2.3116 2.3164 2.3187 17.286 7.9627 9.3237 73052000000.0 38881000000.0 1.0 2.5272 2.0 10.15 10.94 37737000000.0 25921000000.0 -1.58 -99.0 -99.0 -99.0 -99.0 38767 aegis-19-G141_38767 2.31514 1.0
aegis 31108 2 1 1 2.3535 2.3458 2.3493 2.3564 2.3599 17.44 6.7699 10.67 62110000000.0 44494000000.0 1.0 2.3737 2.0 11.75 50.82 26807000000.0 29663000000.0 -0.52 -99.0 -99.0 -99.0 -99.0 31108 aegis-17-G141_31108 2.35348 1.0
aegis 34606 3 1 0 2.578 2.435 2.507 2.653 2.709 31.388 26.303 5.0857 241310000000.0 21208000000.0 0.0 2.578 3.0 29.57 11.33 20079000000.0 14139000000.0 -1.56 -99.0 -99.0 -99.0 -99.0 34606 aegis-19-G141_34606 2.6346 1.0
aegis 39088 2 1 1 2.1393 2.1355 2.1372 2.1407 2.1424 13.862 6.0606 7.801 55601000000.0 32531000000.0 0.0 2.3477 2.0 10.95 8.475 31768000000.0 21687000000.0 -1.57 -99.0 -99.0 -99.0 -99.0 39088 aegis-19-G141_39088 2.1393 1.0
