# field phot_id z_best_s use_phot use_zgrism z_best z_best_l95 z_best_l68 z_best_u68 z_best_u95 sfr sfr_IR sfr_UV L_IR L_UV flag z_sfr z_type f24tot ef24tot L_1600 L_2800 beta Ha_FLUX Ha_FLUX_ERR Ha_EQW Ha_EQW_ERR number grism_id z_max_grism uvj
# Author: I. Momcheva (Sat Oct  3 21:18:14 2015)
cosmos 3324 2 0 1 2.3003 2.2608 2.2808 2.3188 2.3368 96.214 82.628 13.586 758060000000.0 56654000000.0 0.0 2.3 2.0 159.7 25.81 36274000000.0 37770000000.0 -0.67 -99.0 -99.0 -99.0 -99.0 3324 cosmos-02-G141_03324 2.30026 1.0
cosmos 3626 2 1 1 2.3251 2.3188 2.3219 2.3277 2.3302 27.781 10.376 17.405 95188000000.0 72583000000.0 1.0 2.325 2.0 19.38 23.14 85632000000.0 48389000000.0 -1.9 -99.0 -99.0 -99.0 -99.0 3626 cosmos-14-G141_03626 2.3251 1.0
cosmos 4945 3 1 0 2.152 1.941 2.014 2.272 2.32 28.858 25.922 2.9356 237820000000.0 12242000000.0 0.0 2.152 3.0 62.63 22.12 13273000000.0 8161300000.0 -1.81 -99.0 -99.0 -99.0 -99.0 4945 cosmos-06-G141_04945 2.0756 1.0
cosmos 3974 2 1 1 2.1003 2.0914 2.0961 2.1023 2.1054 85.871 82.878 2.9927 760350000000.0 12480000000.0 0.0 2.1 2.0 216.3 31.9 10667000000.0 8320000000.0 -1.47 -99.0 -99.0 -99.0 -99.0 3974 cosmos-06-G141_03974 2.1003 1.0
cosmos 3895 3 0 0 2.6006 2.48 2.532 2.671 2.724 12.726 9.1865 3.5397 84279000000.0 14761000000.0 1.0 2.601 3.0 9.747 20.05 15593000000.0 9840800000.0 -1.77 -99.0 -99.0 -99.0 -99.0 3895 cosmos-06-G141_03895 2.30356 1.0
cosmos 3666 2 0 1 0.2269 0.1689 0.212 0.2307 0.2448 0.2155 0.1359 0.079603 1246700000.0 331960000.0 0.0 0.2269 2.0 81.11 22.75 359090000.0 221300000.0 -1.8 -99.0 -99.0 -99.0 -99.0 3666 cosmos-06-G141_03666 0.22691 1.0
cosmos 4497 2 1 1 2.4573 2.4369 2.4508 2.471 2.483 69.518 56.528 12.99 518600000000.0 54171000000.0 0.0 2.457 2.0 84.21 27.89 37078000000.0 36114000000.0 -0.88 -99.0 -99.0 -99.0 -99.0 4497 cosmos-06-G141_04497 2.45734 1.0
cosmos 4078 3 1 0 2.5206 2.394 2.458 2.583 2.625 6.0462 -99.0 6.0462 -99.0 25213000000.0 2.0 2.521 3.0 -11.75 25.66 21532000000.0 16809000000.0 -1.38 -99.0 -99.0 -99.0 -99.0 4078 cosmos-06-G141_04078 2.5787 1.0
cosmos 964 3 1 0 2.4948 2.368 2.426 2.565 2.595 16.07 9.0848 6.9853 83347000000.0 29130000000.0 1.0 2.495 3.0 12.48 31.37 27398000000.0 19420000000.0 -1.54 -99.0 -99.0 -99.0 -99.0 964 00000 -1.0 1.0
cosmos 234 3 1 0 2.227 1.948 2.112 2.332 2.396 1.6351 -99.0 1.6351 -99.0 6818700000.0 2.0 2.227 3.0 -10.75 24.1 7675700000.0 4545800000.0 -1.86 -99.0 -99.0 -99.0 -99.0 234 00000 -1.0 1.0
cosmos 1740 3 1 0 2.3713 2.257 2.303 2.44 2.485 15.526 11.157 4.3688 102360000000.0 18219000000.0 1.0 2.371 3.0 19.45 26.08 13860000000.0 12146000000.0 -1.17 -99.0 -99.0 -99.0 -99.0 1740 00000 -1.0 1.0
cosmos 10280 2 1 1 2.1947 2.1907 2.1925 2.1962 2.1979 27.993 17.119 10.873 157060000000.0 45343000000.0 0.0 2.195 2.0 38.74 22.58 49667000000.0 30229000000.0 -1.75 -99.0 -99.0 -99.0 -99.0 10280 cosmos-23-G141_10280 2.19472 1.0
cosmos 13364 3 1 0 2.1224 2.011 2.058 2.186 2.237 20.303 16.034 4.2691 147100000000.0 17803000000.0 0.0 2.122 3.0 40.49 21.89 17755000000.0 11869000000.0 -1.67 -99.0 -99.0 -99.0 -99.0 13364 cosmos-20-G141_13364 2.15031 1.0
cosmos 10056 2 1 1 2.2838 2.253 2.274 2.3592 2.3951 117.64 111.6 6.0326 1023900000000.0 25157000000.0 0.0 2.284 2.0 220.6 29.6 8678700000.0 16771000000.0 0.32 -99.0 -99.0 -99.0 -99.0 10056 cosmos-12-G141_10056 2.2838 2.0
cosmos 11530 2 1 1 2.0987 2.0947 2.0963 2.0997 2.1013 411.39 402.48 8.9104 3692500000000.0 37158000000.0 0.0 2.099 2.0 1052.0 82.76 48051000000.0 24772000000.0 -2.01 -99.0 -99.0 -99.0 -99.0 11530 cosmos-12-G141_11530 2.09875 1.0
cosmos 13296 2 1 1 2.1724 2.1394 2.1581 2.1875 2.2049 50.518 39.111 11.407 358810000000.0 47569000000.0 0.0 2.172 2.0 91.68 30.73 32492000000.0 31713000000.0 -0.89 -99.0 -99.0 -99.0 -99.0 13296 cosmos-24-G141_13296 2.17244 1.0
cosmos 13701 2 1 1 2.2123 2.1713 2.1795 2.2119 2.2186 94.06 75.563 18.497 693240000000.0 77136000000.0 0.0 2.212 2.0 166.5 22.56 51104000000.0 51424000000.0 -0.72 -99.0 -99.0 -99.0 -99.0 13701 cosmos-24-G141_13701 2.21234 1.0
cosmos 13299 2 1 1 2.3085 2.2965 2.3029 2.3127 2.3186 4.5173 -99.0 4.5173 -99.0 18838000000.0 2.0 2.309 2.0 -10.83 17.67 11424000000.0 12558000000.0 -0.53 -99.0 -99.0 -99.0 -99.0 13299 cosmos-24-G141_13299 2.30852 1.0
cosmos 11597 3 1 0 2.5243 2.393 2.464 2.584 2.619 11.392 7.5226 3.869 69015000000.0 16134000000.0 1.0 2.524 3.0 9.664 21.21 16603000000.0 10756000000.0 -1.76 -99.0 -99.0 -99.0 -99.0 11597 cosmos-24-G141_11597 2.63642 1.0
cosmos 10143 2 1 1 2.2691 2.1511 2.2084 2.2738 2.344 23.204 10.93 12.274 100280000000.0 51184000000.0 1.0 2.269 2.0 22.08 23.21 57246000000.0 34123000000.0 -1.8 -99.0 -99.0 -99.0 -99.0 10143 cosmos-26-G141_10143 2.26905 1.0
cosmos 5094 2 1 1 2.1979 2.1558 2.1698 2.1992 2.2072 69.929 62.824 7.1052 576360000000.0 29630000000.0 0.0 2.198 2.0 141.5 23.38 18609000000.0 19753000000.0 -0.61 -99.0 -99.0 -99.0 -99.0 5094 cosmos-02-G141_05094 2.19792 1.0
cosmos 4930 2 1 1 2.3855 2.2875 2.3738 2.3918 2.3996 31.436 17.949 13.487 164670000000.0 56242000000.0 0.0 2.385 2.0 30.58 28.57 34510000000.0 37495000000.0 -0.61 -99.0 -99.0 -99.0 -99.0 4930 cosmos-13-G141_04930 2.38549 1.0
cosmos 3112 2 1 1 2.5698 2.2907 2.306 2.5701 2.5763 9.0487 -99.0 9.0487 -99.0 37734000000.0 2.0 2.57 2.0 -8.352 23.96 29147000000.0 25156000000.0 -1.21 -99.0 -99.0 -99.0 -99.0 3112 cosmos-14-G141_03112 2.56977 1.0
cosmos 2786 3 1 0 2.5193 2.419 2.463 2.576 2.611 307.25 300.91 6.3363 2760700000000.0 26423000000.0 0.0 2.519 3.0 391.3 25.16 21225000000.0 17615000000.0 -1.22 -99.0 -99.0 -99.0 -99.0 2786 00000 -1.0 1.0
cosmos 11343 2 1 1 1.6459 1.6405 1.6435 1.6512 1.6734 34.65 27.849 6.8007 255500000000.0 28360000000.0 0.0 1.646 2.0 96.18 20.53 27408000000.0 18906000000.0 -1.59 -99.0 -99.0 -99.0 -99.0 11343 cosmos-23-G141_11343 1.64587 1.0
cosmos 13894 2 1 1 1.375 1.345 1.3723 1.4762 1.502 2.6277 1.2558 1.3719 11521000000.0 5721100000.0 1.0 1.375 2.0 5.265 19.53 4536500000.0 3814100000.0 -1.29 1.2 1.46 78.0 99.86 13894 cosmos-20-G141_13894 1.37501 1.0
cosmos 12476 2 1 1 1.5131 1.5098 1.5112 1.514 1.5154 60.085 48.38 11.705 443850000000.0 48811000000.0 0.0 1.513 2.0 170.0 22.34 44846000000.0 32541000000.0 -1.5 39.77 1.12 1272.52 89.35 12476 cosmos-24-G141_12476 1.51306 1.0
cosmos 11968 2 1 1 1.467 1.4529 1.4602 1.474 1.4801 19.814 13.802 6.0117 126630000000.0 25070000000.0 0.0 1.467 2.0 50.34 25.92 16793000000.0 16713000000.0 -1.01 11.88 2.79 232.68 65.82 11968 cosmos-26-G141_11968 1.46699 1.0
cosmos 21440 2 1 1 1.4097 1.3189 1.3649 1.4459 1.4905 2.5669 -99.0 2.5669 -99.0 10704000000.0 2.0 1.41 2.0 -18.99 17.45 11701000000.0 7136100000.0 -1.83 3.96 1.77 2455098.57 139414874581.71 21440 cosmos-16-G141_21440 1.40969 1.0
cosmos 22221 2 1 1 1.4351 1.359 1.4277 1.44 1.4475 2.5929 -99.0 2.5929 -99.0 10813000000.0 2.0 1.435 2.0 -5.936 17.88 9933500000.0 7208500000.0 -1.5 -2.73 2.31 -51795.55 106374.43 22221 cosmos-28-G141_22221 1.43513 1.0
cosmos 21972 2 1 1 1.5664 1.5501 1.5613 1.5746 1.5814 6.1932 3.7433 2.4499 34342000000.0 10216000000.0 1.0 1.566 2.0 12.74 18.37 9778500000.0 6810900000.0 -1.59 -99.0 -99.0 -99.0 -99.0 21972 cosmos-01-G141_21972 1.56639 1.0
cosmos 22939 3 1 0 1.4901 1.431 1.458 1.526 1.535 2.9842 -99.0 2.9842 -99.0 12444000000.0 2.0 1.49 3.0 -9.614 21.14 11533000000.0 8296300000.0 -1.43 -99.0 -99.0 -99.0 -99.0 22939 00000 -1.0 1.0
cosmos 18633 3 1 0 1.5776 1.42 1.508 1.662 1.722 8.2539 7.0317 1.2222 64511000000.0 5096900000.0 0.0 1.578 3.0 23.85 17.79 5773100000.0 3397900000.0 -1.87 -99.0 -99.0 -99.0 -99.0 18633 cosmos-17-G141_18633 1.57539 1.0
cosmos 16594 2 1 1 2.2838 2.2691 2.2761 2.3037 2.3975 61.737 52.362 9.3747 480390000000.0 39094000000.0 0.0 2.284 2.0 103.5 14.85 29964000000.0 26062000000.0 -1.12 -99.0 -99.0 -99.0 -99.0 16594 cosmos-10-G141_16594 2.2838 1.0
cosmos 16342 2 1 1 2.4556 2.3206 2.3683 2.4522 2.4674 92.32 78.246 14.074 717860000000.0 58690000000.0 0.0 2.456 2.0 116.8 24.51 33005000000.0 39127000000.0 -0.44 -99.0 -99.0 -99.0 -99.0 16342 cosmos-10-G141_16342 2.45561 1.0
cosmos 16141 2 1 1 2.3485 2.2696 2.291 2.403 2.4524 8.662 1.0499 7.6121 9631700000.0 31744000000.0 1.0 2.348 2.0 1.896 26.51 30946000000.0 21162000000.0 -1.59 -99.0 -99.0 -99.0 -99.0 16141 cosmos-10-G141_16141 2.34846 1.0
cosmos 19439 2 1 1 2.7416 2.5406 2.5683 2.7479 2.7725 87.748 76.639 11.109 703110000000.0 46325000000.0 0.0 2.742 2.0 57.71 23.29 36013000000.0 30884000000.0 -1.21 -99.0 -99.0 -99.0 -99.0 19439 cosmos-25-G141_19439 2.74155 1.0
cosmos 18924 2 1 1 2.2756 2.267 2.2712 2.2796 2.285 13.482 6.2459 7.2362 57302000000.0 30176000000.0 1.0 2.276 2.0 12.49 21.65 33542000000.0 20117000000.0 -1.81 -99.0 -99.0 -99.0 -99.0 18924 cosmos-25-G141_18924 2.2756 1.0
cosmos 16545 2 1 1 2.2756 2.2708 2.2731 2.2794 2.2826 21.856 8.5012 13.355 77993000000.0 55691000000.0 0.0 2.276 2.0 17.0 15.96 60801000000.0 37128000000.0 -1.73 -99.0 -99.0 -99.0 -99.0 16545 cosmos-03-G141_16545 2.2756 1.0
cosmos 15776 3 1 0 2.6416 2.538 2.578 2.705 2.759 26.377 22.507 3.8697 206490000000.0 16137000000.0 1.0 2.642 3.0 21.54 23.79 11589000000.0 10758000000.0 -1.07 -99.0 -99.0 -99.0 -99.0 15776 cosmos-03-G141_15776 2.71359 1.0
cosmos 19753 2 1 1 2.4781 2.4721 2.48 2.5717 2.593 147.14 117.9 29.238 1081600000000.0 121930000000.0 0.0 2.478 2.0 168.2 26.21 102830000000.0 81285000000.0 -1.3 -99.0 -99.0 -99.0 -99.0 19753 cosmos-27-G141_19753 2.47815 1.0
cosmos 20062 2 1 1 2.1883 2.1842 2.1858 2.1893 2.1909 226.15 205.87 20.286 1888700000000.0 84594000000.0 0.0 2.188 2.0 471.0 20.21 62206000000.0 56396000000.0 -1.05 -99.0 -99.0 -99.0 -99.0 20062 cosmos-01-G141_20062 2.18834 1.0
cosmos 19985 3 1 0 2.473 2.419 2.431 2.518 2.549 232.85 195.15 37.691 1790400000000.0 157180000000.0 0.0 2.473 3.0 281.5 18.84 118330000000.0 104790000000.0 -1.1 -99.0 -99.0 -99.0 -99.0 19985 00000 -1.0 1.0
cosmos 19917 3 1 0 2.2326 2.032 2.164 2.309 2.353 6.7789 0.6761 6.1028 6202800000.0 25450000000.0 1.0 2.233 3.0 1.442 14.91 20106000000.0 16966000000.0 -1.2 -99.0 -99.0 -99.0 -99.0 19917 00000 -1.0 1.0
cosmos 18396 2 1 1 2.5698 2.5305 2.5567 2.5853 2.6159 10.325 -99.0 10.325 -99.0 43059000000.0 2.0 2.57 2.0 -1.031 25.15 38699000000.0 28706000000.0 -1.43 -99.0 -99.0 -99.0 -99.0 18396 cosmos-17-G141_18396 2.56977 1.0
cosmos 19013 2 1 1 2.4435 2.3981 2.4202 2.4554 2.4691 60.382 47.179 13.202 432840000000.0 55056000000.0 0.0 2.444 2.0 72.15 18.81 51731000000.0 36704000000.0 -1.54 -99.0 -99.0 -99.0 -99.0 19013 cosmos-25-G141_19013 2.44354 1.0
cosmos 22552 2 1 1 2.5166 2.5076 2.5121 2.5223 2.5327 30.46 21.19 9.27 194410000000.0 38657000000.0 0.0 2.517 2.0 27.69 18.45 30562000000.0 25771000000.0 -1.21 -99.0 -99.0 -99.0 -99.0 22552 cosmos-28-G141_22552 2.51662 1.0
cosmos 22882 3 1 0 2.324 2.133 2.259 2.397 2.492 15.195 10.682 4.5124 98001000000.0 18817000000.0 1.0 2.324 3.0 19.98 20.06 21282000000.0 12545000000.0 -1.86 -99.0 -99.0 -99.0 -99.0 22882 cosmos-28-G141_22882 2.67848 1.0
cosmos 23663 3 1 0 2.6182 2.558 2.57 2.661 2.711 47.785 36.029 11.756 330540000000.0 49024000000.0 0.0 2.618 3.0 36.62 19.98 35169000000.0 32683000000.0 -1.01 -99.0 -99.0 -99.0 -99.0 23663 00000 -1.0 1.0
cosmos 9044 2 1 1 2.2043 2.1935 2.199 2.2103 2.2975 16.603 8.9053 7.6981 81700000000.0 32102000000.0 1.0 2.204 2.0 19.87 20.26 28533000000.0 21402000000.0 -1.43 -99.0 -99.0 -99.0 -99.0 9044 cosmos-21-G141_09044 2.20432 1.0
cosmos 10066 2 0 1 2.4178 2.4059 2.4133 2.5577 2.6324 14.701 7.1868 7.5139 65934000000.0 31334000000.0 1.0 2.418 2.0 11.55 21.4 27301000000.0 20889000000.0 -1.36 -99.0 -99.0 -99.0 -99.0 10066 cosmos-23-G141_10066 2.41781 1.0
cosmos 7160 3 1 0 2.211 2.092 2.141 2.281 2.343 4.0882 -99.0 4.0882 -99.0 17048000000.0 2.0 2.211 3.0 -1.843 31.05 17509000000.0 11366000000.0 -1.68 -99.0 -99.0 -99.0 -99.0 7160 cosmos-13-G141_07160 2.15188 1.0
cosmos 9638 3 1 0 2.4115 2.296 2.347 2.482 2.524 11.256 5.8844 5.3713 53985000000.0 22399000000.0 1.0 2.411 3.0 9.581 19.9 24211000000.0 14933000000.0 -1.78 -99.0 -99.0 -99.0 -99.0 9638 cosmos-12-G141_09638 2.42465 1.0
cosmos 6283 2 0 1 2.2236 2.2188 2.2205 2.2242 2.226 10.445 -99.0 10.445 -99.0 43557000000.0 2.0 2.224 2.0 -0.1773 30.26 44057000000.0 29038000000.0 -1.62 -99.0 -99.0 -99.0 -99.0 6283 cosmos-13-G141_06283 2.2236 1.0
cosmos 7747 3 1 0 2.6005 2.504 2.546 2.655 2.696 6.4263 -99.0 6.4263 -99.0 26798000000.0 2.0 2.6 3.0 -6.359 30.15 23202000000.0 17866000000.0 -1.41 -99.0 -99.0 -99.0 -99.0 7747 cosmos-12-G141_07747 2.6693 1.0
cosmos 6079 2 1 1 2.3669 2.3009 2.3343 2.405 2.4473 98.069 89.184 8.8848 818210000000.0 37051000000.0 0.0 2.367 2.0 156.5 24.93 23897000000.0 24701000000.0 -0.68 -99.0 -99.0 -99.0 -99.0 6079 cosmos-13-G141_06079 2.36693 1.0
cosmos 7735 2 1 1 2.602 2.4902 2.5177 2.6004 2.6277 42.023 26.041 15.982 238910000000.0 66647000000.0 1.0 2.602 2.0 27.56 28.09 59320000000.0 44431000000.0 -1.42 -99.0 -99.0 -99.0 -99.0 7735 cosmos-12-G141_07735 2.60204 1.0
cosmos 6379 3 1 0 2.4842 2.367 2.407 2.563 2.657 22.066 17.141 4.9251 157250000000.0 20538000000.0 0.0 2.484 3.0 24.13 23.44 17672000000.0 13692000000.0 -1.34 -99.0 -99.0 -99.0 -99.0 6379 cosmos-06-G141_06379 2.73594 1.0
cosmos 8280 2 1 1 2.749 2.6923 2.7386 2.7608 2.7731 1027.1 1014.8 12.29 9309900000000.0 51252000000.0 0.0 2.749 2.0 751.9 29.05 37438000000.0 34168000000.0 -1.14 -99.0 -99.0 -99.0 -99.0 8280 cosmos-05-G141_08280 2.74904 1.0
cosmos 8081 3 1 0 2.2394 2.067 2.149 2.335 2.407 15.172 11.925 3.2465 109400000000.0 13538000000.0 0.0 2.239 3.0 25.2 23.59 13391000000.0 9025600000.0 -1.61 -99.0 -99.0 -99.0 -99.0 8081 cosmos-05-G141_08081 2.53955 1.0
cosmos 6963 2 1 1 2.2871 2.2766 2.2824 2.2958 2.3104 7.8146 1.9634 5.8512 18013000000.0 24400000000.0 1.0 2.287 2.0 3.864 21.63 16971000000.0 16267000000.0 -1.09 -99.0 -99.0 -99.0 -99.0 6963 cosmos-05-G141_06963 2.28708 2.0
cosmos 20928 3 1 0 1.4353 1.391 1.409 1.473 1.484 70.929 66.28 4.6492 608070000000.0 19388000000.0 0.0 1.435 3.0 250.7 21.7 9682000000.0 12925000000.0 -0.41 -99.0 -99.0 -99.0 -99.0 20928 cosmos-16-G141_20928 1.98172 1.0
cosmos 18435 2 1 1 1.4242 1.4186 1.421 1.4261 1.4283 27.499 25.246 2.2526 231620000000.0 9393500000.0 0.0 1.424 2.0 96.71 22.77 4514600000.0 6262300000.0 -0.41 15.28 1.44 378.89 44.9 18435 cosmos-17-G141_18435 1.4242 1.0
cosmos 19325 2 1 1 1.6065 1.5869 1.6 1.6156 1.6869 14.729 10.983 3.7461 100760000000.0 15622000000.0 0.0 1.606 2.0 37.18 24.77 17797000000.0 10415000000.0 -1.86 -99.0 -99.0 -99.0 -99.0 19325 cosmos-17-G141_19325 1.60648 1.0
cosmos 17539 2 1 1 1.5282 1.5227 1.5251 1.5292 1.5314 2.9685 -99.0 2.9685 -99.0 12379000000.0 2.0 1.528 2.0 -6.141 20.63 12148000000.0 8252600000.0 -1.62 4.91 0.69 443.01 86.58 17539 cosmos-10-G141_17539 1.52818 1.0
cosmos 20449 2 1 1 1.6605 1.6433 1.651 1.6787 1.7328 17.228 7.7011 9.5271 70653000000.0 39730000000.0 0.0 1.66 2.0 26.87 25.47 36707000000.0 26486000000.0 -1.51 -99.0 -99.0 -99.0 -99.0 20449 cosmos-25-G141_20449 1.66046 1.0
cosmos 17038 2 0 1 1.537 1.4932 1.5174 1.5459 1.5634 37.017 30.093 6.9245 276080000000.0 28876000000.0 0.0 1.537 2.0 104.0 19.9 18727000000.0 19251000000.0 -0.8 35.08 2.7 736.93 67.17 17038 cosmos-10-G141_17038 1.53704 1.0
cosmos 17652 2 1 1 1.5421 1.5012 1.524 1.5488 1.7358 11.624 9.1325 2.4919 83784000000.0 10391000000.0 0.0 1.542 2.0 31.47 20.63 9364300000.0 6927600000.0 -1.45 4.87 2.3 233.1 120.68 17652 cosmos-27-G141_17652 1.54212 1.0
cosmos 18064 2 1 1 1.6393 1.6314 1.6353 1.6413 1.6453 14.059 3.5477 10.512 32548000000.0 43835000000.0 1.0 1.639 2.0 12.19 20.52 39518000000.0 29223000000.0 -1.48 -99.0 -99.0 -99.0 -99.0 18064 cosmos-27-G141_18064 1.63926 1.0
cosmos 2291 3 1 0 1.5738 1.488 1.528 1.619 1.646 94.925 92.147 2.7783 845380000000.0 11586000000.0 0.0 1.574 3.0 312.9 28.86 5470300000.0 7724000000.0 -0.37 -99.0 -99.0 -99.0 -99.0 2291 00000 -1.0 1.0
cosmos 1544 3 1 0 1.6032 1.512 1.557 1.651 1.67 5.0586 -99.0 5.0586 -99.0 21095000000.0 2.0 1.603 3.0 -0.07179 28.29 18812000000.0 14063000000.0 -1.43 -99.0 -99.0 -99.0 -99.0 1544 00000 -1.0 1.0
cosmos 4064 2 1 1 1.508 1.5043 1.5056 1.5085 1.5098 29.815 22.475 7.3394 206200000000.0 30606000000.0 0.0 1.508 2.0 79.29 18.13 35427000000.0 20404000000.0 -1.89 18.59 2.64 648.08 160.24 4064 cosmos-06-G141_04064 1.50804 1.0
cosmos 2058 3 1 0 1.4991 1.397 1.442 1.57 1.636 47.195 45.451 1.7444 416980000000.0 7274600000.0 0.0 1.499 3.0 161.5 32.78 7802000000.0 4849700000.0 -1.79 2.32 0.75 1411.07 740.88 2058 cosmos-02-G141_02058 1.4633 1.0
cosmos 7983 2 1 1 1.4658 1.4622 1.4637 1.4669 1.4683 31.35 24.393 6.9569 223790000000.0 29011000000.0 0.0 1.466 2.0 89.07 21.65 19944000000.0 19341000000.0 -1.05 25.4 1.12 483.4 31.58 7983 cosmos-05-G141_07983 1.46576 1.0
cosmos 9368 2 1 1 1.2434 1.2398 1.241 1.2436 1.2448 34.847 30.588 4.2583 280630000000.0 17758000000.0 0.0 1.243 2.0 201.2 26.26 18618000000.0 11839000000.0 -1.71 24.64 1.13 752.22 55.51 9368 cosmos-26-G141_09368 1.24342 1.0
cosmos 8093 2 1 1 1.4351 1.4312 1.4331 1.437 1.4389 91.811 88.091 3.7203 808170000000.0 15514000000.0 0.0 1.435 2.0 333.2 25.13 8615100000.0 10343000000.0 -0.5 21.15 1.74 320.46 32.69 8093 cosmos-05-G141_08093 1.43513 1.0
cosmos 5702 2 1 1 1.4303 1.426 1.4281 1.431 1.4323 106.51 90.608 15.904 831270000000.0 66323000000.0 0.0 1.43 2.0 344.7 21.06 53255000000.0 44215000000.0 -1.32 34.91 1.71 246.97 13.64 5702 cosmos-06-G141_05702 1.43026 1.0
cosmos 8442 2 1 1 1.6104 1.6063 1.6082 1.6125 1.6146 3.2614 0.081924 3.1794 751600000.0 13259000000.0 1.0 1.61 2.0 0.2774 21.82 13258000000.0 8839100000.0 -1.63 -99.0 -99.0 -99.0 -99.0 8442 cosmos-21-G141_08442 1.61039 1.0
cosmos 21780 3 1 0 2.5277 2.454 2.48 2.578 2.607 7.7811 -99.0 7.7811 -99.0 32448000000.0 2.0 2.528 3.0 -3.821 21.95 31895000000.0 21632000000.0 -1.63 -99.0 -99.0 -99.0 -99.0 21780 cosmos-01-G141_21780 2.52014 1.0
cosmos 22193 3 1 0 2.6363 2.559 2.577 2.699 2.735 64.104 43.173 20.931 396090000000.0 87285000000.0 0.0 2.636 3.0 41.94 25.86 62363000000.0 58190000000.0 -0.98 -99.0 -99.0 -99.0 -99.0 22193 00000 -1.0 1.0
cosmos 21955 3 1 0 2.4168 2.318 2.359 2.478 2.516 16.851 12.266 4.5848 112530000000.0 19119000000.0 1.0 2.417 3.0 19.75 23.26 13960000000.0 12746000000.0 -1.09 -99.0 -99.0 -99.0 -99.0 21955 cosmos-28-G141_21955 2.46426 1.0
cosmos 23334 2 1 1 2.4921 2.4244 2.4609 2.4979 2.5084 42.375 34.94 7.4347 320550000000.0 31004000000.0 0.0 2.492 2.0 48.32 20.06 26382000000.0 20669000000.0 -1.33 -99.0 -99.0 -99.0 -99.0 23334 cosmos-28-G141_23334 2.49209 1.0
cosmos 25229 2 1 1 2.1772 2.1725 2.1743 2.1783 2.1802 18.098 4.2151 13.883 38670000000.0 57896000000.0 1.0 2.177 2.0 9.806 15.11 55193000000.0 38597000000.0 -1.53 -99.0 -99.0 -99.0 -99.0 25229 cosmos-08-G141_25229 2.1772 1.0
cosmos 24020 2 1 1 2.0972 2.0895 2.0931 2.0998 2.1031 4.4257 -99.0 4.4257 -99.0 18456000000.0 2.0 2.097 2.0 -19.69 18.54 15822000000.0 12304000000.0 -1.39 -99.0 -99.0 -99.0 -99.0 24020 cosmos-28-G141_24020 2.0972 1.0
cosmos 24713 2 1 1 1.3953 1.3861 1.3911 1.407 1.417 2.4682 -99.0 2.4682 -99.0 10293000000.0 2.0 1.395 2.0 -1.899 20.5 10041000000.0 6861900000.0 -1.64 3.56 1.05 299.73 100.98 24713 cosmos-15-G141_24713 1.39528 1.0
cosmos 24574 3 1 0 2.6099 2.501 2.559 2.662 2.709 6.6798 0.95568 5.7241 8767700000.0 23870000000.0 1.0 2.61 3.0 0.9912 25.85 22014000000.0 15914000000.0 -1.5 -99.0 -99.0 -99.0 -99.0 24574 cosmos-15-G141_24574 2.55019 1.0
cosmos 24813 3 1 0 2.0161 1.916 1.957 2.076 2.127 4.1165 -99.0 4.1165 -99.0 17166000000.0 2.0 2.016 3.0 -22.01 19.61 18878000000.0 11444000000.0 -1.8 -99.0 -99.0 -99.0 -99.0 24813 cosmos-15-G141_24813 2.09875 1.0
cosmos 24763 2 1 1 2.4695 2.3979 2.4244 2.478 2.5008 73.945 60.937 13.008 559060000000.0 54245000000.0 0.0 2.469 2.0 88.61 16.89 37791000000.0 36163000000.0 -0.94 -99.0 -99.0 -99.0 -99.0 24763 cosmos-07-G141_24763 2.46946 1.0
cosmos 28440 3 1 0 2.3526 2.27 2.302 2.404 2.436 14.732 5.2875 9.4449 48509000000.0 39387000000.0 1.0 2.353 3.0 9.479 17.28 38549000000.0 26258000000.0 -1.61 -99.0 -99.0 -99.0 -99.0 28440 00000 -1.0 1.0
cosmos 26043 3 0 0 2.3424 2.199 2.268 2.417 2.475 3.3625 -99.0 3.3625 -99.0 14022000000.0 2.0 2.342 3.0 -2.18 17.76 11732000000.0 9348100000.0 -1.38 -99.0 -99.0 -99.0 -99.0 26043 cosmos-07-G141_26043 2.2838 1.0
cosmos 27216 3 1 0 2.3883 2.301 2.336 2.441 2.475 9.4495 4.1153 5.3342 37755000000.0 22244000000.0 1.0 2.388 3.0 6.977 17.22 25057000000.0 14830000000.0 -1.86 -99.0 -99.0 -99.0 -99.0 27216 00000 -1.0 1.0
cosmos 27120 2 1 1 2.4764 2.4653 2.4695 2.4792 2.484 48.379 30.586 17.794 280600000000.0 74202000000.0 0.0 2.476 2.0 43.83 16.38 65208000000.0 49468000000.0 -1.4 -99.0 -99.0 -99.0 -99.0 27120 cosmos-08-G141_27120 2.47641 1.0
cosmos 25229 2 1 1 2.1772 2.1725 2.1743 2.1783 2.1802 18.098 4.2151 13.883 38670000000.0 57896000000.0 1.0 2.177 2.0 9.806 15.11 55193000000.0 38597000000.0 -1.53 -99.0 -99.0 -99.0 -99.0 25229 cosmos-08-G141_25229 2.1772 1.0
cosmos 29230 3 1 0 2.5775 2.5 2.533 2.635 2.66 51.51 33.077 18.432 303460000000.0 76864000000.0 0.0 2.577 3.0 37.28 21.29 68860000000.0 51243000000.0 -1.48 -99.0 -99.0 -99.0 -99.0 29230 00000 -1.0 1.0
cosmos 27748 3 1 0 2.1183 1.937 2.042 2.193 2.248 31.651 27.774 3.8762 254810000000.0 16164000000.0 0.0 2.118 3.0 70.56 24.57 16499000000.0 10776000000.0 -1.73 -99.0 -99.0 -99.0 -99.0 27748 cosmos-11-G141_27748 2.27396 1.0
cosmos 27056 3 1 0 2.3485 2.263 2.298 2.401 2.435 6.2944 -99.0 6.2944 -99.0 26249000000.0 2.0 2.348 3.0 -0.4422 18.67 30749000000.0 17499000000.0 -1.91 -99.0 -99.0 -99.0 -99.0 27056 cosmos-11-G141_27056 2.33009 1.0
cosmos 1331 3 1 0 2.4879 2.289 2.374 2.568 2.589 24.289 11.603 12.686 106450000000.0 52902000000.0 1.0 2.488 3.0 16.19 22.24 45868000000.0 35268000000.0 -1.38 -99.0 -99.0 -99.0 -99.0 1331 00000 -1.0 1.0
cosmos 2239 3 1 0 2.1195 2.019 2.065 2.18 2.241 11.455 7.7621 3.6924 71212000000.0 15398000000.0 1.0 2.119 3.0 19.69 24.86 13488000000.0 10265000000.0 -1.4 -99.0 -99.0 -99.0 -99.0 2239 00000 -1.0 1.0
cosmos 2260 3 1 0 2.3038 2.094 2.197 2.406 2.489 24.891 21.116 3.7745 193730000000.0 15740000000.0 0.0 2.304 3.0 40.59 25.43 13839000000.0 10493000000.0 -1.42 -99.0 -99.0 -99.0 -99.0 2260 00000 -1.0 1.0
cosmos 3773 3 1 0 2.5016 2.43 2.459 2.546 2.568 11.056 -99.0 11.056 -99.0 46103000000.0 2.0 2.502 3.0 -17.98 24.12 42738000000.0 30736000000.0 -1.49 -99.0 -99.0 -99.0 -99.0 3773 00000 -1.0 1.0
cosmos 4156 3 1 0 2.2341 2.143 2.188 2.282 2.328 12.737 5.7384 6.9987 52646000000.0 29186000000.0 1.0 2.234 3.0 12.22 28.74 35843000000.0 19457000000.0 -1.95 -99.0 -99.0 -99.0 -99.0 4156 cosmos-19-G141_04156 2.19153 1.0
cosmos 4029 3 1 0 2.279 2.185 2.222 2.34 2.385 23.138 19.272 3.8667 176800000000.0 16125000000.0 0.0 2.279 3.0 38.37 28.73 15198000000.0 10750000000.0 -1.54 -99.0 -99.0 -99.0 -99.0 4029 cosmos-02-G141_04029 2.07714 1.0
cosmos 5571 2 1 1 2.2822 2.2646 2.2757 2.2994 2.3108 48.2 34.212 13.988 313870000000.0 58334000000.0 0.0 2.282 2.0 67.82 22.31 41417000000.0 38889000000.0 -0.97 -99.0 -99.0 -99.0 -99.0 5571 cosmos-19-G141_05571 2.28215 1.0
cosmos 5901 2 1 1 2.4781 2.4008 2.409 2.4806 2.4937 29.95 21.35 8.5998 195880000000.0 35863000000.0 0.0 2.478 2.0 30.46 22.62 27538000000.0 23908000000.0 -1.15 -99.0 -99.0 -99.0 -99.0 5901 cosmos-19-G141_05901 2.47815 1.0
cosmos 5814 2 1 1 2.1614 2.1473 2.1574 2.2283 2.2389 98.72 83.489 15.232 765950000000.0 63518000000.0 0.0 2.161 2.0 199.0 26.3 39545000000.0 42346000000.0 -0.6 -99.0 -99.0 -99.0 -99.0 5814 cosmos-19-G141_05814 2.16135 1.0
cosmos 6750 2 1 1 2.1283 2.1229 2.1255 2.1302 2.1326 53.594 41.589 12.006 381550000000.0 50066000000.0 0.0 2.128 2.0 104.1 27.05 44589000000.0 33377000000.0 -1.42 -99.0 -99.0 -99.0 -99.0 6750 cosmos-19-G141_06750 2.12833 1.0
cosmos 7561 2 1 1 2.0895 2.0833 2.0861 2.0928 2.0956 14.625 9.1325 5.4925 83785000000.0 22904000000.0 0.0 2.089 2.0 24.23 21.29 20458000000.0 15270000000.0 -1.43 -99.0 -99.0 -99.0 -99.0 7561 cosmos-22-G141_07561 2.08947 1.0
cosmos 8515 2 1 1 2.4539 2.4454 2.4491 2.4576 2.4624 37.472 21.678 15.794 198880000000.0 65864000000.0 0.0 2.454 2.0 32.49 31.93 69934000000.0 43909000000.0 -1.73 -99.0 -99.0 -99.0 -99.0 8515 cosmos-22-G141_08515 2.45389 1.0
cosmos 9251 3 1 0 2.3008 2.196 2.24 2.363 2.405 2.9316 -99.0 2.9316 -99.0 12225000000.0 2.0 2.301 3.0 -18.38 20.76 14787000000.0 8150200000.0 -1.94 -99.0 -99.0 -99.0 -99.0 9251 00000 -1.0 1.0
cosmos 9393 2 1 1 2.5149 2.4716 2.4944 2.5284 2.5419 77.857 62.547 15.311 573820000000.0 63847000000.0 0.0 2.515 2.0 82.13 20.35 46054000000.0 42565000000.0 -1.06 -99.0 -99.0 -99.0 -99.0 9393 cosmos-21-G141_09393 2.51486 1.0
cosmos 9971 2 0 1 2.6877 2.5628 2.6623 2.6914 2.7031 42.548 14.108 28.44 129430000000.0 118600000000.0 1.0 2.688 2.0 12.06 23.41 91684000000.0 79065000000.0 -1.2 -99.0 -99.0 -99.0 -99.0 9971 cosmos-23-G141_09971 2.68769 1.0
cosmos 8280 2 1 1 2.749 2.6923 2.7386 2.7608 2.7731 1027.1 1014.8 12.29 9309900000000.0 51252000000.0 0.0 2.749 2.0 751.9 29.05 37438000000.0 34168000000.0 -1.14 -99.0 -99.0 -99.0 -99.0 8280 cosmos-05-G141_08280 2.74904 1.0
cosmos 6591 3 1 0 2.6263 2.449 2.519 2.735 2.816 1.9055 -99.0 1.9055 -99.0 7946200000.0 2.0 2.626 3.0 -16.31 24.46 8239600000.0 5297500000.0 -1.67 -99.0 -99.0 -99.0 -99.0 6591 cosmos-13-G141_06591 2.58587 1.0
cosmos 8540 3 1 0 2.1145 1.974 2.041 2.193 2.244 3.1273 -99.0 3.1273 -99.0 13041000000.0 2.0 2.114 3.0 -7.155 26.02 14082000000.0 8694200000.0 -1.78 -99.0 -99.0 -99.0 -99.0 8540 cosmos-21-G141_08540 2.1299 1.0
cosmos 4441 3 1 0 2.2918 2.161 2.222 2.363 2.406 4.7552 -99.0 4.7552 -99.0 19830000000.0 2.0 2.292 3.0 -3.821 19.24 19545000000.0 13220000000.0 -1.64 -99.0 -99.0 -99.0 -99.0 4441 cosmos-19-G141_04441 2.22683 1.0
cosmos 6754 3 1 0 2.1396 2.004 2.057 2.224 2.279 13.43 8.7752 4.6552 80507000000.0 19413000000.0 1.0 2.14 3.0 21.58 29.38 18336000000.0 12942000000.0 -1.54 -99.0 -99.0 -99.0 -99.0 6754 cosmos-19-G141_06754 2.12521 1.0
cosmos 6750 2 1 1 2.1283 2.1229 2.1255 2.1302 2.1326 53.594 41.589 12.006 381550000000.0 50066000000.0 0.0 2.128 2.0 104.1 27.05 44589000000.0 33377000000.0 -1.42 -99.0 -99.0 -99.0 -99.0 6750 cosmos-19-G141_06750 2.12833 1.0
