# field phot_id z_best_s use_phot use_zgrism z_best z_best_l95 z_best_l68 z_best_u68 z_best_u95 sfr sfr_IR sfr_UV L_IR L_UV flag z_sfr z_type f24tot ef24tot L_1600 L_2800 beta Ha_FLUX Ha_FLUX_ERR Ha_EQW Ha_EQW_ERR number grism_id z_max_grism
# Author: I. Momcheva (Sat Oct  3 21:18:14 2015)
cosmos 579 2 1 1 1.9139 1.8746 1.9024 2.0761 2.1632 267.38 266.54 0.83745 2445300000000.0 3492300000.0 0.0 1.914 2.0 910.2 27.68 1109600000.0 2328200000.0 0.26 -99.0 -99.0 -99.0 -99.0 579 cosmos-14-G141_00579 1.91392
cosmos 796 2 1 1 1.1771 1.1679 1.1724 1.1811 1.1852 46.146 44.411 1.7348 407440000000.0 7234300000.0 0.0 1.177 2.0 374.8 37.81 2151300000.0 4822900000.0 0.29 20.07 3.19 75.05 12.03 796 cosmos-14-G141_00796 1.17711
cosmos 937 1 1 1 0.8783 -1.0 -1.0 -1.0 -1.0 20.862 18.244 2.6179 167380000000.0 10917000000.0 0.0 0.8783 1.0 425.7 27.27 2886000000.0 7278100000.0 0.5 25.74 3.3 38.56 5.0 937 cosmos-14-G141_00937 0.87667
cosmos 1489 2 1 1 0.9242 0.9027 0.9147 0.9289 0.9347 1.2534 -99.0 1.2534 -99.0 5226700000.0 2.0 0.9242 2.0 -29.3 21.95 1021000000.0 3484400000.0 0.62 -99.0 -99.0 -99.0 -99.0 1489 cosmos-14-G141_01489 0.92418
cosmos 2033 1 1 1 0.728 -1.0 -1.0 -1.0 -1.0 1.288 0.48769 0.80035 4474200000.0 3337600000.0 1.0 0.728 1.0 15.57 36.09 431370000.0 2225100000.0 2.39 -2.09 1.63 -2.11 1.64 2033 cosmos-14-G141_02033 0.72547
cosmos 2348 2 1 1 1.2592 1.2499 1.2541 1.2615 1.2648 0.68585 -99.0 0.68585 -99.0 2860100000.0 2.0 1.259 2.0 -0.3208 33.51 551930000.0 1906700000.0 1.21 4.33 1.02 30.35 7.2 2348 cosmos-14-G141_02348 1.25918
cosmos 2543 2 1 1 1.3233 1.3113 1.3167 1.3274 1.3325 7.4489 5.3601 2.0888 49176000000.0 8710500000.0 0.0 1.323 2.0 26.17 21.58 561990000.0 5807000000.0 2.96 -0.81 0.89 -3.61 4.0 2543 cosmos-14-G141_02543 1.32333
cosmos 2638 2 1 1 1.1598 1.0267 1.0419 1.1601 1.1646 79.432 76.664 2.7683 703340000000.0 11544000000.0 0.0 1.16 2.0 686.8 62.57 5592700000.0 7696000000.0 -0.44 25.94 2.41 128.91 12.37 2638 cosmos-14-G141_02638 1.15977
cosmos 2816 2 1 1 1.9139 1.9059 1.9112 1.93 1.9366 3.1962 -99.0 3.1962 -99.0 13329000000.0 2.0 1.914 2.0 -20.73 18.44 1175600000.0 8885700000.0 2.5 -99.0 -99.0 -99.0 -99.0 2816 cosmos-02-G141_02816 1.91392
cosmos 3182 2 1 1 1.7997 1.5698 1.625 1.803 1.8208 332.38 331.25 1.1304 3039000000000.0 4713900000.0 0.0 1.8 2.0 1247.0 21.4 645010000.0 3142600000.0 1.67 -99.0 -99.0 -99.0 -99.0 3182 cosmos-06-G141_03182 1.79967
cosmos 3200 2 1 1 1.8477 1.759 1.7976 1.8586 1.8766 381.77 375.04 6.7298 3440700000000.0 28064000000.0 0.0 1.848 2.0 1379.0 33.18 9577200000.0 18709000000.0 0.24 -99.0 -99.0 -99.0 -99.0 3200 cosmos-06-G141_03200 1.84767
cosmos 3206 2 1 1 2.1756 2.1166 2.1562 2.1971 2.2244 97.107 93.693 3.4138 859570000000.0 14236000000.0 1.0 2.176 2.0 218.3 592.6 4342300000.0 9490800000.0 0.48 -99.0 -99.0 -99.0 -99.0 3206 cosmos-02-G141_03206 2.17561
cosmos 3687 2 1 1 0.7762 0.7718 0.7737 0.7778 0.7797 1.3213 0.491 0.8303 4504600000.0 3462500000.0 1.0 0.7762 2.0 13.68 25.62 276970000.0 2308300000.0 2.93 -2.84 1.27 -3.98 1.78 3687 cosmos-19-G141_03687 0.77624
cosmos 3700 2 1 1 0.9572 0.9489 0.9526 0.9601 0.9639 23.99 20.054 3.9359 183980000000.0 16413000000.0 0.0 0.9572 2.0 367.9 23.36 7073300000.0 10942000000.0 -0.29 20.0 3.09 35.35 5.48 3700 cosmos-19-G141_03700 0.95717
cosmos 4536 2 1 1 1.6235 1.4791 1.5974 1.6651 1.699 100.94 99.751 1.193 915150000000.0 4975100000.0 0.0 1.623 2.0 339.8 29.05 1504500000.0 3316800000.0 0.4 -99.0 -99.0 -99.0 -99.0 4536 cosmos-02-G141_04536 1.62348
cosmos 4596 1 1 1 0.7332 -1.0 -1.0 -1.0 -1.0 11.732 9.5791 2.1525 87882000000.0 8976400000.0 0.0 0.7332 1.0 301.1 21.13 2664700000.0 5984300000.0 0.27 -0.82 1.8 -0.66 1.44 4596 cosmos-13-G141_04596 0.73239
cosmos 5238 2 1 1 0.9396 0.9367 0.9378 0.9405 0.9416 79.564 70.94 8.6241 650820000000.0 35964000000.0 0.0 0.9396 2.0 1385.0 389.3 22935000000.0 23976000000.0 -0.71 67.95 3.14 99.04 4.84 5238 cosmos-06-G141_05238 0.93964
cosmos 5530 2 1 1 2.1883 2.0911 2.1505 2.191 2.2086 2.2907 -99.0 2.2907 -99.0 9552500000.0 2.0 2.188 2.0 -26.61 21.64 1549700000.0 6368300000.0 1.71 -99.0 -99.0 -99.0 -99.0 5530 cosmos-02-G141_05530 2.18834
cosmos 5588 2 1 1 1.6104 1.532 1.5831 1.6421 1.6735 258.55 257.67 0.87059 2364000000000.0 3630500000.0 0.0 1.61 2.0 872.5 19.06 1280100000.0 2420300000.0 0.09 -99.0 -99.0 -99.0 -99.0 5588 cosmos-19-G141_05588 1.61039
cosmos 5712 1 1 1 0.7484 -1.0 -1.0 -1.0 -1.0 23.306 19.7 3.6061 180730000000.0 15038000000.0 0.0 0.7484 1.0 592.3 21.65 7811300000.0 10025000000.0 -0.44 14.28 4.89 14.29 4.9 5712 cosmos-13-G141_05712 0.74717
cosmos 6705 2 1 1 0.9223 0.9158 0.9188 0.9241 0.9266 4.6709 2.6672 2.0037 24470000000.0 8355900000.0 0.0 0.9223 2.0 55.1 24.12 799950000.0 5570600000.0 2.66 -2.16 1.63 -2.37 1.78 6705 cosmos-05-G141_06705 0.92226
cosmos 7136 2 1 1 2.1629 1.9063 1.9583 2.1583 2.1849 397.13 395.69 1.4382 3630200000000.0 5997700000.0 0.0 2.163 2.0 940.3 166.7 1062100000.0 3998400000.0 1.46 -99.0 -99.0 -99.0 -99.0 7136 cosmos-13-G141_07136 2.16293
cosmos 7216 2 1 1 1.7649 1.6817 1.6995 1.7732 1.7868 6.9197 5.2479 1.6719 48146000000.0 6971900000.0 1.0 1.765 2.0 19.75 28.25 1921800000.0 4647900000.0 0.26 -99.0 -99.0 -99.0 -99.0 7216 cosmos-22-G141_07216 1.76489
cosmos 7411 2 1 1 1.7538 1.745 1.7501 1.7707 1.7787 2.5356 -99.0 2.5356 -99.0 10574000000.0 2.0 1.754 2.0 -32.19 31.86 965240000.0 7049200000.0 2.47 -99.0 -99.0 -99.0 -99.0 7411 cosmos-22-G141_07411 1.75385
cosmos 7884 2 1 1 2.0771 2.0107 2.0468 2.0856 2.1025 18.56 11.098 7.4625 101810000000.0 31120000000.0 0.0 2.077 2.0 29.96 20.61 15211000000.0 20747000000.0 -0.4 -99.0 -99.0 -99.0 -99.0 7884 cosmos-05-G141_07884 2.07714
cosmos 7951 2 1 1 2.1065 2.0781 2.0981 2.1132 2.1215 3.0931 -99.0 3.0931 -99.0 12899000000.0 2.0 2.107 2.0 -10.88 19.87 2818000000.0 8599100000.0 1.02 -99.0 -99.0 -99.0 -99.0 7951 cosmos-05-G141_07951 2.10651
cosmos 8096 1 1 1 0.9806 -1.0 -1.0 -1.0 -1.0 29.823 26.414 3.4092 242330000000.0 14217000000.0 0.0 0.9806 1.0 445.2 26.87 3102400000.0 9478000000.0 0.89 26.36 2.2 41.49 3.53 8096 cosmos-05-G141_08096 0.9808
cosmos 9111 2 1 1 1.22 1.2134 1.2164 1.2215 1.2232 32.078 26.627 5.451 244280000000.0 22732000000.0 0.0 1.22 2.0 191.6 22.15 6633700000.0 15154000000.0 0.4 17.43 1.57 28.94 2.62 9111 cosmos-23-G141_09111 1.21998
cosmos 9667 2 1 1 1.5068 1.499 1.5038 1.5247 1.5765 22.395 18.628 3.7665 170900000000.0 15707000000.0 0.0 1.507 2.0 65.77 21.3 11957000000.0 10471000000.0 -1.32 4.46 1.82 28.14 11.65 9667 cosmos-23-G141_09667 1.50678
cosmos 9681 1 1 1 0.7511 -1.0 -1.0 -1.0 -1.0 1.1617 0.43981 0.7219 4035000000.0 3010400000.0 1.0 0.7511 1.0 13.12 19.19 339440000.0 2007000000.0 2.04 0.12 2.79 0.14 3.16 9681 cosmos-12-G141_09681 0.74368
cosmos 9871 2 1 1 1.7788 1.7084 1.7521 1.8351 1.8627 197.67 196.74 0.93127 1805000000000.0 3883500000.0 0.0 1.779 2.0 741.3 34.31 792820000.0 2589000000.0 1.18 -99.0 -99.0 -99.0 -99.0 9871 cosmos-26-G141_09871 1.77875
cosmos 10128 2 1 1 1.7538 1.7302 1.7425 1.7825 1.8253 3.0406 1.442 1.5986 13229000000.0 6666500000.0 1.0 1.754 2.0 5.397 23.09 2040500000.0 4444300000.0 0.34 -99.0 -99.0 -99.0 -99.0 10128 cosmos-12-G141_10128 1.75385
cosmos 10703 2 1 1 1.2547 1.2409 1.2493 1.2588 1.2633 8.1172 6.1974 1.9198 56857000000.0 8005900000.0 0.0 1.255 2.0 38.93 19.06 1763100000.0 5337300000.0 0.76 5.57 1.77 20.95 6.7 10703 cosmos-26-G141_10703 1.25466
cosmos 10876 1 1 1 0.361 -1.0 -1.0 -1.0 -1.0 0.95127 0.063302 0.88797 580750000.0 3703000000.0 1.0 0.361 1.0 11.39 20.85 887250000.0 2468600000.0 0.53 -99.0 -99.0 -99.0 -99.0 10876 cosmos-24-G141_10876 0.36684
cosmos 10989 2 1 1 1.6525 1.6205 1.636 1.673 1.6907 9.3273 7.6512 1.6761 70195000000.0 6989500000.0 0.0 1.652 2.0 26.54 26.45 1845300000.0 4659700000.0 0.42 -99.0 -99.0 -99.0 -99.0 10989 cosmos-26-G141_10989 1.65249
cosmos 11337 2 1 1 2.091 2.087 2.0886 2.0919 2.0935 134.93 122.14 12.783 1120600000000.0 53308000000.0 0.0 2.091 2.0 323.1 122.4 28381000000.0 35539000000.0 -0.44 -99.0 -99.0 -99.0 -99.0 11337 cosmos-12-G141_11337 2.09102
cosmos 11363 2 1 1 1.7251 1.7251 1.7251 1.7272 1.7295 116.03 107.93 8.1003 990150000000.0 33780000000.0 0.0 1.725 2.0 396.6 104.0 13777000000.0 22520000000.0 0.1 -99.0 -99.0 -99.0 -99.0 11363 cosmos-12-G141_11363 1.72509
cosmos 11494 2 1 1 2.0787 2.0578 2.067 2.0842 2.0921 8.624 1.6832 6.9407 15442000000.0 28944000000.0 1.0 2.079 2.0 4.531 19.16 2795500000.0 19296000000.0 2.45 -99.0 -99.0 -99.0 -99.0 11494 cosmos-26-G141_11494 2.07868
cosmos 11590 1 1 1 0.7309 -1.0 -1.0 -1.0 -1.0 1.067 -99.0 1.067 -99.0 4449500000.0 2.0 0.7309 1.0 -3.801 24.25 763490000.0 2966400000.0 1.47 0.68 2.52 0.56 2.07 11590 cosmos-26-G141_11590 0.72633
cosmos 11701 2 1 1 1.8306 1.7901 1.8069 1.8381 1.8685 207.38 207.02 0.35454 1899300000000.0 1478500000.0 0.0 1.831 2.0 769.8 28.76 164400000.0 985650000.0 2.23 -99.0 -99.0 -99.0 -99.0 11701 cosmos-04-G141_11701 1.83063
cosmos 11783 2 1 1 1.2682 1.2591 1.2637 1.2706 1.2744 10.401 8.0931 2.3077 74249000000.0 9623400000.0 0.0 1.268 2.0 48.39 23.57 2916600000.0 6415600000.0 0.27 9.19 1.49 38.48 6.37 11783 cosmos-04-G141_11783 1.26823
cosmos 11871 2 1 1 1.6065 1.6019 1.6038 1.6075 1.6091 402.47 391.12 11.35 3588300000000.0 47333000000.0 0.0 1.606 2.0 1324.0 15.73 36557000000.0 31555000000.0 -1.38 -99.0 -99.0 -99.0 -99.0 11871 cosmos-23-G141_11871 1.60648
cosmos 11973 2 1 1 1.5793 1.5429 1.5626 1.5878 1.5986 21.112 19.951 1.1608 183040000000.0 4840800000.0 0.0 1.579 2.0 67.65 28.94 616780000.0 3227200000.0 2.12 -99.0 -99.0 -99.0 -99.0 11973 cosmos-23-G141_11973 1.57925
cosmos 12020 2 1 1 2.1346 2.0914 2.1062 2.1357 2.1406 184.97 180.63 4.3405 1657200000000.0 18101000000.0 0.0 2.135 2.0 447.5 24.97 5607800000.0 12067000000.0 0.28 -99.0 -99.0 -99.0 -99.0 12020 cosmos-26-G141_12020 2.1346
cosmos 12129 2 1 1 0.7437 0.737 0.7401 0.7464 0.7495 6.8281 6.3093 0.51881 57883000000.0 2163500000.0 0.0 0.7437 2.0 192.3 20.43 258800000.0 1442300000.0 2.34 5.49 4.44 8.01 6.48 12129 cosmos-26-G141_12129 0.74368
cosmos 12615 2 1 1 3.0816 3.065 3.0757 3.1169 3.1329 1882.5 1862.6 19.921 17088000000000.0 83072000000.0 0.0 3.082 2.0 705.6 24.57 49547000000.0 55382000000.0 -0.52 -99.0 -99.0 -99.0 -99.0 12615 cosmos-23-G141_12615 3.08164
cosmos 12699 2 1 1 1.0097 0.9522 0.9702 1.0117 1.0164 22.447 20.684 1.7627 189760000000.0 7350800000.0 0.0 1.01 2.0 312.2 27.63 1584600000.0 4900500000.0 0.72 11.94 2.42 40.68 8.33 12699 cosmos-24-G141_12699 1.00973
cosmos 13083 2 1 1 2.0132 1.9942 2.0038 2.0216 2.0311 11.277 8.4861 2.7907 77854000000.0 11638000000.0 0.0 2.013 2.0 25.14 19.74 992500000.0 7758400000.0 2.59 -99.0 -99.0 -99.0 -99.0 13083 cosmos-24-G141_13083 2.01319
cosmos 13524 1 1 1 0.6043 -1.0 -1.0 -1.0 -1.0 1.4801 0.71566 0.76446 6565700000.0 3187900000.0 0.0 0.6043 1.0 32.97 30.68 294940000.0 2125300000.0 2.36 -99.0 -99.0 -99.0 -99.0 13524 cosmos-24-G141_13524 0.60079
cosmos 13837 1 1 1 0.8355 -1.0 -1.0 -1.0 -1.0 2.674 1.4571 1.2169 13368000000.0 5074800000.0 0.0 0.8355 1.0 36.45 25.95 1443400000.0 3383200000.0 0.11 4.37 2.64 6.28 3.81 13837 cosmos-20-G141_13837 0.83125
cosmos 13890 2 1 1 1.5219 1.5135 1.5179 1.5254 1.5307 181.93 178.33 3.5989 1636000000000.0 15008000000.0 0.0 1.522 2.0 622.7 26.56 4033600000.0 10005000000.0 0.54 24.36 2.12 128.4 11.86 13890 cosmos-04-G141_13890 1.52187
cosmos 13901 1 1 1 0.6841 -1.0 -1.0 -1.0 -1.0 5.6749 3.7996 1.8753 34859000000.0 7820300000.0 0.0 0.6841 1.0 138.9 20.44 4094300000.0 5213500000.0 -0.55 16.47 6.48 14.85 5.87 13901 cosmos-09-G141_13901 0.68455
cosmos 13942 1 1 1 0.4757 -1.0 -1.0 -1.0 -1.0 6.0717 4.3398 1.7318 39815000000.0 7222000000.0 0.0 0.4757 1.0 364.5 18.9 3863400000.0 4814700000.0 -0.61 -99.0 -99.0 -99.0 -99.0 13942 cosmos-04-G141_13942 0.47994
cosmos 15066 2 1 1 1.22 1.2134 1.2164 1.2211 1.2238 62.346 61.134 1.2127 560860000000.0 5057100000.0 0.0 1.22 2.0 439.9 24.45 2838000000.0 3371400000.0 -0.55 12.2 2.0 74.17 12.52 15066 cosmos-20-G141_15066 1.21998
cosmos 15387 2 1 1 0.6862 0.6728 0.6793 0.6914 0.697 27.927 22.061 5.8657 202400000000.0 24461000000.0 0.0 0.6862 2.0 801.5 20.87 19574000000.0 16307000000.0 -1.46 5.56 7.89 3.5 4.96 15387 cosmos-09-G141_15387 0.68624
cosmos 16313 2 1 1 0.5365 0.5312 0.5335 0.5385 0.5409 2.297 1.1416 1.1554 10473000000.0 4818200000.0 0.0 0.5365 2.0 69.87 17.2 694730000.0 3212100000.0 1.91 -99.0 -99.0 -99.0 -99.0 16313 cosmos-03-G141_16313 0.53649
cosmos 17089 2 1 1 1.532 1.5122 1.5223 1.5359 1.5425 5.3078 2.4026 2.9052 22042000000.0 12115000000.0 1.0 1.532 2.0 8.332 23.15 1331900000.0 8076600000.0 2.37 5.51 2.1 23.34 9.06 17089 cosmos-27-G141_17089 1.53198
cosmos 17263 2 1 1 1.2144 1.2021 1.2073 1.2183 1.223 1.9485 -99.0 1.9485 -99.0 8125400000.0 2.0 1.214 2.0 -3.527 19.84 601480000.0 5417000000.0 2.9 0.06 1.21 0.22 4.63 17263 cosmos-27-G141_17263 1.21444
cosmos 17406 2 1 1 1.736 1.7253 1.7303 1.7452 1.7599 67.034 59.113 7.921 542320000000.0 33032000000.0 0.0 1.736 2.0 219.1 24.75 16254000000.0 22021000000.0 -0.44 -99.0 -99.0 -99.0 -99.0 17406 cosmos-17-G141_17406 1.73601
cosmos 18252 2 1 1 2.3636 2.3528 2.3596 2.9476 3.038 316.05 314.5 1.5549 2885300000000.0 6484000000.0 0.0 2.364 2.0 554.6 20.08 1478700000.0 4322700000.0 0.8 -99.0 -99.0 -99.0 -99.0 18252 cosmos-25-G141_18252 2.36356
cosmos 18575 1 1 1 0.9269 -1.0 -1.0 -1.0 -1.0 65.565 64.126 1.4381 588320000000.0 5997100000.0 0.0 0.9269 1.0 1305.0 23.13 1845800000.0 3998000000.0 0.18 26.88 2.24 56.76 4.84 18575 cosmos-17-G141_18575 0.92803
cosmos 18688 2 1 1 1.8363 1.6802 1.7582 1.9447 2.0103 76.082 71.123 4.9587 652510000000.0 20679000000.0 0.0 1.836 2.0 263.6 20.46 13316000000.0 13786000000.0 -0.79 -99.0 -99.0 -99.0 -99.0 18688 cosmos-17-G141_18688 1.8363
cosmos 19090 2 1 1 2.4418 2.3901 2.4189 2.4514 2.4703 72.25 69.231 3.0192 635140000000.0 12591000000.0 0.0 2.442 2.0 106.3 20.83 3763400000.0 8393700000.0 0.29 -99.0 -99.0 -99.0 -99.0 19090 cosmos-25-G141_19090 2.44182
cosmos 19134 2 1 1 2.4816 2.2845 2.3989 2.4833 2.4998 1.4813 0.54857 0.93273 5032800000.0 3889600000.0 1.0 2.482 2.0 0.7757 23.75 650310000.0 2593100000.0 1.68 -99.0 -99.0 -99.0 -99.0 19134 cosmos-25-G141_19134 2.48163
cosmos 19153 2 1 1 2.2301 2.1428 2.176 2.2347 2.2603 15.379 14.309 1.0699 131280000000.0 4461500000.0 0.0 2.23 2.0 30.66 20.09 1375900000.0 2974300000.0 0.38 -99.0 -99.0 -99.0 -99.0 19153 cosmos-25-G141_19153 2.23006
cosmos 19736 2 1 1 2.3804 2.3539 2.3669 2.3921 2.404 209.21 203.75 5.4537 1869300000000.0 22743000000.0 0.0 2.38 2.0 350.0 23.5 9136400000.0 15162000000.0 -0.13 -99.0 -99.0 -99.0 -99.0 19736 cosmos-18-G141_19736 2.38042
cosmos 20565 2 1 1 0.8889 0.8788 0.8835 0.8932 0.8983 15.069 12.776 2.2934 117210000000.0 9563700000.0 0.0 0.8889 2.0 290.9 18.85 3606800000.0 6375800000.0 -0.15 8.03 2.95 14.42 5.3 20565 cosmos-25-G141_20565 0.88891
cosmos 20612 2 1 1 0.905 0.8919 0.8973 0.9075 0.9117 15.242 13.492 1.7497 123780000000.0 7296500000.0 0.0 0.905 2.0 293.8 23.22 2118800000.0 4864400000.0 0.5 12.4 3.24 24.62 6.44 20612 cosmos-16-G141_20612 0.90503
cosmos 20839 2 1 1 0.8908 0.88 0.8853 0.8946 0.8979 16.27 13.333 2.9365 122320000000.0 12246000000.0 0.0 0.8908 2.0 302.0 17.8 7142400000.0 8163700000.0 -0.61 16.44 3.15 30.37 5.91 20839 cosmos-16-G141_20839 0.8908
cosmos 20983 2 1 1 1.9359 1.915 1.9286 1.9561 1.9863 12.511 9.107 3.4036 83550000000.0 14193000000.0 0.0 1.936 2.0 30.15 20.95 1735700000.0 9462200000.0 2.02 -99.0 -99.0 -99.0 -99.0 20983 cosmos-25-G141_20983 1.93586
cosmos 21723 2 1 1 1.9256 1.7116 1.8043 1.9405 1.9829 101.65 98.077 3.5737 899790000000.0 14903000000.0 0.0 1.926 2.0 329.3 101.5 8335700000.0 9935200000.0 -0.54 -99.0 -99.0 -99.0 -99.0 21723 cosmos-18-G141_21723 1.9256
cosmos 22995 2 1 1 2.4281 2.297 2.4179 2.4508 2.4649 187.51 172.74 14.764 1584800000000.0 61570000000.0 0.0 2.428 2.0 272.5 34.04 32475000000.0 41046000000.0 -0.42 -99.0 -99.0 -99.0 -99.0 22995 cosmos-01-G141_22995 2.42808
cosmos 23673 2 1 1 2.2317 2.0941 2.1254 2.277 2.3941 1.7924 0.82862 0.96375 7602000000.0 4019000000.0 1.0 2.232 2.0 1.77 13.41 2132300000.0 2679300000.0 -0.48 -99.0 -99.0 -99.0 -99.0 23673 cosmos-07-G141_23673 2.23167
cosmos 23823 1 1 1 0.6554 -1.0 -1.0 -1.0 -1.0 4.8693 4.3728 0.49654 40117000000.0 2070600000.0 0.0 0.6554 1.0 173.6 16.53 340160000.0 1380400000.0 1.21 32.77 10.34 37.29 12.11 23823 cosmos-07-G141_23823 0.6545
cosmos 24028 2 1 1 0.8823 0.8757 0.8786 0.8848 0.8879 1.9656 0.6668 1.2988 6117400000.0 5416200000.0 1.0 0.8823 2.0 15.43 20.61 504220000.0 3610800000.0 2.62 -0.75 1.68 -1.19 2.69 24028 cosmos-07-G141_24028 0.88231
cosmos 24701 2 1 1 2.2317 2.1155 2.1585 2.3538 2.4885 336.11 334.21 1.9036 3066100000000.0 7938300000.0 0.0 2.232 2.0 713.9 21.12 2727900000.0 5292200000.0 0.22 -99.0 -99.0 -99.0 -99.0 24701 cosmos-15-G141_24701 2.23167
cosmos 25515 2 1 1 2.4367 2.152 2.2291 2.4597 2.4822 1461.6 1457.1 4.5206 13368000000000.0 18851000000.0 0.0 2.437 2.0 2260.0 96.57 6170000000.0 12568000000.0 0.23 -99.0 -99.0 -99.0 -99.0 25515 cosmos-07-G141_25515 2.43666
cosmos 25534 2 1 1 1.5269 1.5108 1.5181 1.5344 1.5461 2.9573 0.6572 2.3001 6029400000.0 9591900000.0 1.0 1.527 2.0 2.287 17.44 669720000.0 6394600000.0 2.93 3.69 1.37 24.43 9.23 25534 cosmos-08-G141_25534 1.52692
cosmos 26039 2 1 1 2.1979 2.0062 2.072 2.1993 2.202 39.907 36.788 3.1188 337510000000.0 13006000000.0 0.0 2.198 2.0 82.86 17.42 1909000000.0 8670600000.0 1.79 -99.0 -99.0 -99.0 -99.0 26039 cosmos-07-G141_26039 2.19792
cosmos 26338 2 1 1 1.6222 1.5025 1.5394 1.6285 1.6399 109.56 109.2 0.36888 1001800000000.0 1538300000.0 0.0 1.622 2.0 371.8 28.18 343250000.0 1025500000.0 0.99 -99.0 -99.0 -99.0 -99.0 26338 cosmos-08-G141_26338 1.62216
cosmos 26720 2 1 1 0.7289 0.7224 0.725 0.7303 0.7327 1.7734 0.29324 1.4802 2690300000.0 6172500000.0 1.0 0.7289 2.0 9.337 18.25 675670000.0 4115000000.0 2.46 1.41 4.42 0.99 3.11 26720 cosmos-08-G141_26720 0.72893
cosmos 27723 2 1 1 0.9242 0.9193 0.921 0.9255 0.9277 14.943 11.88 3.0634 108990000000.0 12775000000.0 0.0 0.9242 2.0 243.9 23.46 8296600000.0 8516600000.0 -1.21 15.44 2.08 28.47 3.88 27723 cosmos-11-G141_27723 0.92418
cosmos 28546 2 1 1 2.0496 2.0112 2.032 2.0574 2.0674 5.9892 4.0068 1.9824 36760000000.0 8266800000.0 1.0 2.05 2.0 11.25 20.55 1049100000.0 5511200000.0 2.14 -99.0 -99.0 -99.0 -99.0 28546 cosmos-11-G141_28546 2.04957
cosmos 28565 2 1 1 2.3619 2.337 2.346 2.3623 2.3679 77.873 71.899 5.9741 659620000000.0 24913000000.0 0.0 2.362 2.0 127.2 13.43 5905600000.0 16609000000.0 0.58 -99.0 -99.0 -99.0 -99.0 28565 cosmos-11-G141_28565 2.36188
