# field phot_id z_best_s use_phot use_zgrism z_best z_best_l95 z_best_l68 z_best_u68 z_best_u95 sfr sfr_IR sfr_UV L_IR L_UV flag z_sfr z_type f24tot ef24tot L_1600 L_2800 beta Ha_FLUX Ha_FLUX_ERR Ha_EQW Ha_EQW_ERR number grism_id z_max_grism uvj
# Author: I. Momcheva (Sat Oct  3 21:18:14 2015)
goodss 7781 3 1 0 3.20509004593 3.023 3.056 3.159 3.187 7.2482 -99.0 7.2482 -99.0 30226000000.0 2.0 3.106 3.0 -10.26 8.124 34033000000.0 20151000000.0 -1.81 -99.0 -99.0 -99.0 -99.0 7781 goodss-26-G141_07781 3.11032 1.0
goodss 9553 3 1 0 3.41700005531 3.01 3.063 3.205 3.256 4.7816 1.8162 2.9654 16662000000.0 12366000000.0 1.0 3.135 3.0 0.6042 7.512 16446000000.0 8244100000.0 -2.01 -99.0 -99.0 -99.0 -99.0 9553 00000 -1.0 1.0
goodss 9596 3 1 0 3.02670001984 2.677 2.708 2.801 2.812 2.3519 -99.0 2.3519 -99.0 9807800000.0 2.0 2.752 3.0 -18.76 5.539 11750000000.0 6538500000.0 -1.85 -99.0 -99.0 -99.0 -99.0 9596 goodss-10-G141_09596 2.7603 1.0
goodss 11149 3 1 0 3.11173009872 2.753 2.789 2.911 2.956 3.5508 -99.0 3.5508 -99.0 14807000000.0 2.0 2.849 3.0 -0.3464 7.605 17208000000.0 9871500000.0 -1.78 -99.0 -99.0 -99.0 -99.0 11149 goodss-10-G141_11149 2.83627 1.0
goodss 11397 3 1 0 3.11214995384 0.278 2.732 3.065 3.385 0.60827 -99.0 0.60827 -99.0 2536600000.0 2.0 2.914 3.0 -14.81 8.474 3009600000.0 1691100000.0 -1.8 -99.0 -99.0 -99.0 -99.0 11397 00000 -1.0 1.0
goodss 12539 3 1 0 3.36701011658 0.265 0.767 1.273 1.306 0.1742 0.074111 0.10009 679920000.0 417380000.0 1.0 1.286 3.0 0.4138 8.064 495870000.0 278250000.0 -1.9 -99.0 -99.0 -99.0 -99.0 12539 00000 -1.0 1.0
goodss 12704 3 1 0 3.31472992897 2.992 3.053 3.189 3.235 34.744 30.891 3.8535 283400000000.0 16069000000.0 0.0 3.118 3.0 10.72 9.747 19028000000.0 10713000000.0 -1.9 -99.0 -99.0 -99.0 -99.0 12704 goodss-10-G141_12704 3.09596 1.0
goodss 12923 3 1 0 3.42792010307 3.077 3.143 3.319 3.38 90.644 88.476 2.1675 811710000000.0 9038700000.0 0.0 3.23 3.0 23.32 6.994 11799000000.0 6025800000.0 -1.99 -99.0 -99.0 -99.0 -99.0 12923 00000 -1.0 2.0
goodss 13365 3 1 0 3.06338000298 2.633 2.667 2.764 2.794 5.8546 3.884 1.9706 35633000000.0 8217600000.0 1.0 2.711 3.0 3.142 7.046 9833000000.0 5478400000.0 -1.9 -99.0 -99.0 -99.0 -99.0 13365 00000 -1.0 1.0
goodss 13532 3 1 0 3.02401995659 2.603 2.66 2.786 2.825 1.1177 -99.0 1.1177 -99.0 4661100000.0 2.0 2.722 3.0 -3.129 7.155 5063900000.0 3107400000.0 -1.69 -99.0 -99.0 -99.0 -99.0 13532 00000 -1.0 1.0
goodss 13851 3 1 0 3.37630009651 3.092 3.145 3.287 3.333 36.707 34.055 2.6521 312430000000.0 11060000000.0 1.0 3.216 3.0 9.284 11.48 12503000000.0 7373100000.0 -1.82 -99.0 -99.0 -99.0 -99.0 13851 00000 -1.0 1.0
goodss 14540 3 1 0 3.08069992065 0.072 0.228 2.785 2.798 0.80215 0.43517 0.36698 3992400000.0 1530300000.0 1.0 2.811 3.0 0.2845 9.112 1586700000.0 1020200000.0 -1.54 -99.0 -99.0 -99.0 -99.0 14540 00000 -1.0 1.0
goodss 15158 3 1 0 3.39242005348 3.298 3.339 3.469 3.513 6.5563 -99.0 6.5563 -99.0 27341000000.0 2.0 3.403 3.0 -2.981 6.782 27874000000.0 18227000000.0 -1.68 -99.0 -99.0 -99.0 -99.0 15158 goodss-27-G141_15158 3.38417 1.0
goodss 15601 3 1 0 3.27 3.058 3.116 3.252 3.295 3.4071 -99.0 3.4071 -99.0 14208000000.0 2.0 3.185 3.0 -6.541 8.775 15017000000.0 9472200000.0 -1.74 -99.0 -99.0 -99.0 -99.0 15601 goodss-20-G141_15601 -1.0 1.0
goodss 15737 3 1 0 3.37083005905 2.833 2.946 3.261 3.356 0.60534 -99.0 0.60534 -99.0 2524400000.0 2.0 3.109 3.0 -8.52 8.821 3282300000.0 1682900000.0 -1.98 -99.0 -99.0 -99.0 -99.0 15737 00000 -1.0 2.0
goodss 16198 3 1 0 3.13866996765 2.858 2.899 3.049 3.113 126.62 121.93 4.6858 1118600000000.0 19540000000.0 0.0 2.974 3.0 58.83 8.193 19128000000.0 13027000000.0 -1.55 -99.0 -99.0 -99.0 -99.0 16198 goodss-04-G141_16198 2.86902 1.0
goodss 16269 3 1 0 3.31884002686 0.065 2.857 3.073 3.175 10.639 9.2319 1.4066 84697000000.0 5865700000.0 1.0 2.972 3.0 4.472 9.766 5528100000.0 3910400000.0 -1.53 -99.0 -99.0 -99.0 -99.0 16269 00000 -1.0 1.0
goodss 16589 3 1 0 3.20187997818 2.541 2.687 2.981 3.158 0.46321 -99.0 0.46321 -99.0 1931700000.0 2.0 2.831 3.0 -8.554 9.274 2369900000.0 1287800000.0 -1.94 -99.0 -99.0 -99.0 -99.0 16589 00000 -1.0 1.0
goodss 16651 3 1 0 3.04521989822 0.167 0.264 2.666 2.767 3.077 2.5862 0.49079 23726000000.0 2046600000.0 1.0 2.555 3.0 3.08 10.19 2438000000.0 1364400000.0 -1.89 -99.0 -99.0 -99.0 -99.0 16651 00000 -1.0 1.0
goodss 16754 3 1 0 3.0848801136 2.696 2.725 2.841 2.887 17.859 16.578 1.2804 152100000000.0 5339500000.0 0.0 2.783 3.0 11.44 8.669 5990800000.0 3559700000.0 -1.83 -99.0 -99.0 -99.0 -99.0 16754 00000 -1.0 1.0
goodss 17139 3 1 0 3.30315995216 2.891 2.995 3.236 3.295 4.6906 3.7533 0.93728 34434000000.0 3908600000.0 1.0 3.116 3.0 1.309 7.056 5283900000.0 2605700000.0 -2.03 -99.0 -99.0 -99.0 -99.0 17139 00000 -1.0 1.0
goodss 17356 3 1 0 3.00274991989 2.666 2.679 2.773 2.806 2.7014 -99.0 2.7014 -99.0 11265000000.0 2.0 2.728 3.0 -10.59 6.26 13190000000.0 7510200000.0 -1.81 -99.0 -99.0 -99.0 -99.0 17356 00000 -1.0 1.0
goodss 17485 3 1 0 3.26722002029 3.401 3.437 3.836 4.094 96.749 95.79 0.95846 878810000000.0 3996900000.0 0.0 3.466 3.0 15.07 9.443 4075200000.0 2664600000.0 -1.68 -99.0 -99.0 -99.0 -99.0 17485 00000 -1.0 1.0
goodss 17612 3 1 0 3.29139995575 3.05 3.1 3.246 3.291 130.49 127.7 2.7959 1171500000000.0 11659000000.0 0.0 3.173 3.0 38.67 12.54 13679000000.0 7772900000.0 -1.89 -99.0 -99.0 -99.0 -99.0 17612 00000 -1.0 3.0
goodss 17625 3 1 0 3.31416988373 0.08 0.094 0.136 0.152 0.0041553 0.0016311 0.0025241 14964000.0 10526000.0 1.0 0.1152 3.0 4.968 8.312 1796000.0 7017400.0 1.71 -99.0 -99.0 -99.0 -99.0 17625 00000 -1.0 3.0
goodss 17643 3 1 0 3.2375600338 2.747 2.793 2.945 3.014 9.812 8.4264 1.3856 77306000000.0 5778300000.0 0.0 2.869 3.0 4.964 4.323 7004200000.0 3852200000.0 -1.93 -99.0 -99.0 -99.0 -99.0 17643 00000 -1.0 1.0
goodss 17777 3 1 0 3.33294010162 3.132 3.155 3.27 3.293 24.845 12.668 12.177 116220000000.0 50779000000.0 1.0 3.212 3.0 3.487 6.765 57357000000.0 33852000000.0 -1.83 -99.0 -99.0 -99.0 -99.0 17777 goodss-27-G141_17777 3.22703 1.0
goodss 17879 3 1 0 3.36296010017 0.012 0.05 0.081 0.087 0.00032438 0.00029207 3.2305e-05 2679600.0 134720.0 1.0 0.0633 3.0 3.444 13.72 1931.2 89812.0 8.2 -99.0 -99.0 -99.0 -99.0 17879 00000 -1.0 3.0
goodss 18104 3 1 0 3.4771399498 3.012 3.097 3.311 3.398 44.565 43.252 1.3134 396810000000.0 5477100000.0 0.0 3.201 3.0 12.23 8.365 6134400000.0 3651400000.0 -1.84 -99.0 -99.0 -99.0 -99.0 18104 00000 -1.0 1.0
goodss 18439 3 1 0 3.37243008614 3.092 3.138 3.283 3.328 69.35 61.642 7.7086 565520000000.0 32146000000.0 0.0 3.21 3.0 17.05 7.912 35442000000.0 21431000000.0 -1.78 -99.0 -99.0 -99.0 -99.0 18439 goodss-19-G141_18439 3.16202 1.0
goodss 18702 3 1 0 3.16728997231 2.939 2.975 3.081 3.119 9.7469 -99.0 9.7469 -99.0 40646000000.0 2.0 3.028 3.0 -4.64 8.659 42768000000.0 27097000000.0 -1.64 -99.0 -99.0 -99.0 -99.0 18702 goodss-19-G141_18702 3.06942 1.0
goodss 18863 3 1 0 3.18817996979 2.825 2.965 3.265 3.422 0.52419 -99.0 0.52419 -99.0 2186000000.0 2.0 3.121 3.0 -8.405 10.01 2873000000.0 1457300000.0 -1.99 -99.0 -99.0 -99.0 -99.0 18863 00000 -1.0 1.0
goodss 19148 1 1 1 3.336281 -1.0 -1.0 -1.0 -1.0 3.7415 1.1952 2.5462 10966000000.0 10618000000.0 0.0 0.98 1.0 20.19 8.223 654130000.0 7078700000.0 3.08 -1.49 1.17 -2.29 1.79 19148 goodss-07-G141_19148 0.9808 3.0
goodss 19717 3 1 0 3.41915988922 2.978 3.065 3.269 3.323 75.606 72.287 3.3189 663180000000.0 13840000000.0 0.0 3.168 3.0 22.16 8.636 11425000000.0 9226800000.0 -1.37 -99.0 -99.0 -99.0 -99.0 19717 goodss-07-G141_19717 3.11443 1.0
goodss 20222 3 1 0 3.445273 0.463 0.531 0.671 0.699 0.058231 -99.0 0.058231 -99.0 242830000.0 2.0 0.6029 3.0 -10.15 9.634 207780000.0 161890000.0 -1.42 -99.0 -99.0 -99.0 -99.0 20222 goodss-07-G141_20222 0.55737 1.0
goodss 20458 3 1 0 3.33117008209 2.787 2.946 3.301 3.45 12.869 12.379 0.49019 113570000000.0 2044200000.0 1.0 3.127 3.0 4.201 21.18 1627000000.0 1362800000.0 -1.41 -99.0 -99.0 -99.0 -99.0 20458 00000 -1.0 1.0
goodss 20520 3 1 0 3.102812 2.904 2.956 3.087 3.147 21.241 15.272 5.9695 140110000000.0 24894000000.0 1.0 3.023 3.0 6.63 7.711 15870000000.0 16596000000.0 -0.62 -99.0 -99.0 -99.0 -99.0 20520 goodss-07-G141_20520 3.10621 1.0
goodss 20622 3 1 0 3.17792 1.096 1.394 1.637 1.709 0.96445 0.91625 0.048195 8406000000.0 200980000.0 1.0 1.507 3.0 3.235 6.349 84042000.0 133990000.0 -0.17 -99.0 -99.0 -99.0 -99.0 20622 goodss-07-G141_20622 1.64323 3.0
goodss 20626 3 1 0 3.068861 1.211 1.494 2.064 2.414 2.4879 2.3014 0.18642 21114000000.0 777410000.0 1.0 1.805 3.0 8.653 9.119 895400000.0 518270000.0 -1.87 -99.0 -99.0 -99.0 -99.0 20626 00000 -1.0 1.0
goodss 20653 3 1 0 3.067865 0.558 0.788 3.115 3.469 12.366 11.412 0.9533 104700000000.0 3975400000.0 0.0 2.185 3.0 26.23 9.925 2469900000.0 2650300000.0 -0.48 -99.0 -99.0 -99.0 -99.0 20653 goodss-08-G141_20653 3.41276 1.0
goodss 20884 3 1 0 3.334342 0.43 0.77 1.168 1.313 0.6278 0.54093 0.086874 4962600000.0 362280000.0 1.0 1.028 3.0 7.635 16.05 285350000.0 241520000.0 -1.28 -99.0 -99.0 -99.0 -99.0 20884 00000 -1.0 1.0
goodss 21131 3 1 0 3.113134 2.89 3.041 3.404 3.632 43.102 41.873 1.2289 384150000000.0 5124900000.0 0.0 3.231 3.0 11.01 8.616 4737500000.0 3416600000.0 -1.52 -99.0 -99.0 -99.0 -99.0 21131 00000 -1.0 1.0
goodss 21328 3 1 0 3.306623 2.787 2.931 3.433 3.566 17.933 17.192 0.74038 157730000000.0 3087500000.0 1.0 3.19 3.0 4.994 7.602 3317200000.0 2058300000.0 -1.73 -99.0 -99.0 -99.0 -99.0 21328 00000 -1.0 2.0
goodss 21642 3 1 0 3.322963 0.962 1.038 1.25 2.218 0.051714 -99.0 0.051714 -99.0 215650000.0 2.0 1.186 3.0 -0.2687 6.98 132930000.0 143770000.0 -0.64 -99.0 -99.0 -99.0 -99.0 21642 00000 -1.0 1.0
goodss 21653 3 1 0 3.496754 3.504 3.684 4.273 4.517 1.0669 -99.0 1.0669 -99.0 4449000000.0 2.0 3.906 3.0 -1.154 8.686 4797100000.0 2966000000.0 -1.71 -99.0 -99.0 -99.0 -99.0 21653 00000 -1.0 1.0
goodss 21835 3 1 0 3.062856 0.884 0.908 0.987 1.015 0.31725 -99.0 0.31725 -99.0 1323000000.0 2.0 0.9463 3.0 -11.32 8.074 1574100000.0 881990000.0 -1.92 1.46 0.76 528.34 401.02 21835 goodss-08-G141_21835 0.96207 1.0
goodss 21882 3 1 0 3.46349000931 3.086 3.206 3.466 3.553 1.0484 -99.0 1.0484 -99.0 4372200000.0 2.0 3.338 3.0 -9.796 7.317 5141300000.0 2914800000.0 -1.92 -99.0 -99.0 -99.0 -99.0 21882 00000 -1.0 1.0
goodss 22000 3 1 0 3.263254 0.103 0.208 0.326 0.404 0.026591 0.026401 0.00019093 242210000.0 796210.0 0.0 0.2636 3.0 10.79 10.01 152860.0 530810.0 2.19 -99.0 -99.0 -99.0 -99.0 22000 00000 -1.0 3.0
goodss 22379 3 1 0 3.39471006393 3.126 3.158 3.275 3.293 21.188 16.086 5.102 147580000000.0 21276000000.0 1.0 3.215 3.0 4.396 7.658 26803000000.0 14184000000.0 -1.97 -99.0 -99.0 -99.0 -99.0 22379 goodss-31-G141_22379 3.17244 1.0
goodss 23056 3 1 0 3.495732 0.257 0.592 1.204 1.276 0.07779 -99.0 0.07779 -99.0 324400000.0 2.0 1.154 3.0 -1.009 6.349 355230000.0 216260000.0 -1.75 -99.0 -99.0 -99.0 -99.0 23056 00000 -1.0 1.0
goodss 23133 3 1 0 3.495766 4.329 4.441 4.706 5.021 90.176 86.442 3.7341 793050000000.0 15572000000.0 1.0 4.578 3.0 6.828 7.453 13488000000.0 10381000000.0 -1.37 -99.0 -99.0 -99.0 -99.0 23133 00000 -1.0 1.0
goodss 23187 3 1 0 3.066801 1.036 1.107 1.318 1.624 1.1912 1.0114 0.17976 9279100000.0 749600000.0 1.0 1.218 3.0 7.334 9.37 871840000.0 499740000.0 -1.89 -99.0 -99.0 -99.0 -99.0 23187 00000 -1.0 1.0
goodss 23458 3 1 0 3.264192 0.594 0.89 1.676 1.998 0.023393 -99.0 0.023393 -99.0 97551000.0 2.0 1.28 3.0 -6.26 15.04 97665000.0 65034000.0 -1.77 -99.0 -99.0 -99.0 -99.0 23458 00000 -1.0 1.0
goodss 23464 3 1 0 3.068907 2.87 2.953 3.154 3.236 100.01 95.697 4.3141 877950000000.0 17990000000.0 0.0 3.052 3.0 38.9 8.52 13179000000.0 11994000000.0 -1.03 -99.0 -99.0 -99.0 -99.0 23464 goodss-08-G141_23464 3.06738 1.0
goodss 23504 3 1 0 3.101774 2.79 2.841 3.005 3.074 2.434 -99.0 2.434 -99.0 10150000000.0 2.0 2.924 3.0 -9.575 6.475 10995000000.0 6766800000.0 -1.71 -99.0 -99.0 -99.0 -99.0 23504 goodss-34-G141_23504 2.91572 1.0
goodss 23519 3 1 0 3.182123 2.769 2.819 2.997 3.077 6.1623 4.4964 1.666 41251000000.0 6947300000.0 1.0 2.907 3.0 2.471 7.658 8269200000.0 4631500000.0 -1.88 -99.0 -99.0 -99.0 -99.0 23519 00000 -1.0 1.0
goodss 23566 3 1 0 3.263252 2.784 2.825 2.975 3.048 11.804 9.7838 2.0203 89760000000.0 8425000000.0 1.0 2.901 3.0 5.437 7.083 10450000000.0 5616700000.0 -1.94 -99.0 -99.0 -99.0 -99.0 23566 00000 -1.0 1.0
goodss 23607 3 1 0 3.266293 2.903 3.004 3.237 3.352 60.533 58.585 1.9476 537480000000.0 8121900000.0 1.0 3.12 3.0 20.23 38.4 9441600000.0 5414600000.0 -1.89 -99.0 -99.0 -99.0 -99.0 23607 00000 -1.0 1.0
goodss 24136 3 1 0 3.245634 0.096 0.242 0.609 0.704 0.0093397 -99.0 0.0093397 -99.0 38948000.0 2.0 0.42 3.0 -8.768 6.263 38976000.0 25965000.0 -1.7 -99.0 -99.0 -99.0 -99.0 24136 00000 -1.0 1.0
goodss 24193 3 1 0 3.462787 3.05 3.073 3.197 3.24 19.495 9.9642 9.5308 91415000000.0 39745000000.0 1.0 3.131 3.0 3.348 188.1 41423000000.0 26496000000.0 -1.65 -99.0 -99.0 -99.0 -99.0 24193 goodss-37-G141_24193 3.29521 1.0
goodss 24237 3 1 0 3.413189888 2.869 2.988 3.268 3.334 0.70223 -99.0 0.70223 -99.0 2928400000.0 2.0 3.136 3.0 -4.607 6.095 3054600000.0 1952300000.0 -1.75 -99.0 -99.0 -99.0 -99.0 24237 00000 -1.0 1.0
goodss 24480 3 1 0 3.086441 0.857 0.993 1.233 1.566 0.1194 -99.0 0.1194 -99.0 497930000.0 2.0 1.119 3.0 -4.971 7.757 675100000.0 331950000.0 -2.13 -99.0 -99.0 -99.0 -99.0 24480 00000 -1.0 1.0
goodss 24586 3 1 0 3.178914 0.018 0.055 0.173 0.212 0.0001139 -99.0 0.0001139 -99.0 474980.0 2.0 0.1029 3.0 -5.923 7.866 80976.0 316660.0 1.13 -99.0 -99.0 -99.0 -99.0 24586 00000 -1.0 1.0
goodss 24696 3 1 0 3.303496 0.036 0.054 0.097 0.195 0.0012736 0.0012616 1.2044e-05 11574000.0 50224.0 1.0 0.0793 3.0 9.023 15.82 1009.5 33483.0 6.93 -99.0 -99.0 -99.0 -99.0 24696 00000 -1.0 2.0
goodss 24837 3 1 0 3.074944 2.251 2.576 2.862 2.975 6.5664 6.0195 0.54695 55225000000.0 2280900000.0 1.0 2.717 3.0 4.802 4.911 2544300000.0 1520600000.0 -1.8 -99.0 -99.0 -99.0 -99.0 24837 00000 -1.0 1.0
goodss 24929 3 1 0 3.338255 1.076 1.204 1.793 2.029 2.6011 2.3187 0.28232 21273000000.0 1177300000.0 1.0 1.484 3.0 8.339 8.844 1361900000.0 784880000.0 -1.89 -99.0 -99.0 -99.0 -99.0 24929 00000 -1.0 1.0
goodss 25063 3 1 0 3.115053 3.014 3.053 3.159 3.195 17.682 7.6801 10.002 70460000000.0 41709000000.0 1.0 3.104 3.0 2.758 8.97 36240000000.0 27806000000.0 -1.36 -99.0 -99.0 -99.0 -99.0 25063 goodss-07-G141_25063 3.10005 1.0
goodss 25265 3 1 0 3.1028 2.351 2.554 2.77 2.844 0.85757 -99.0 0.85757 -99.0 3576200000.0 2.0 2.661 3.0 -5.087 6.561 4223100000.0 2384100000.0 -1.9 -99.0 -99.0 -99.0 -99.0 25265 00000 -1.0 1.0
goodss 25409 3 1 0 3.414441 0.204 0.244 0.364 0.392 0.050069 0.038669 0.0114 354760000.0 47539000.0 0.0 0.3121 3.0 10.24 6.475 47577000.0 31693000.0 -1.92 -99.0 -99.0 -99.0 -99.0 25409 goodss-32-G141_25409 0.27061 1.0
goodss 25466 3 1 0 3.334237 3.066 3.119 3.247 3.29 3.0101 -99.0 3.0101 -99.0 12553000000.0 2.0 3.182 3.0 -9.208 7.625 13686000000.0 8368400000.0 -1.77 -99.0 -99.0 -99.0 -99.0 25466 00000 -1.0 1.0
goodss 25617 1 1 1 3.304365 -1.0 -1.0 -1.0 -1.0 4.8422 3.1032 1.739 28470000000.0 7251900000.0 0.0 1.22 1.0 22.33 17.23 6194100000.0 4834600000.0 -1.42 5.62 1.32 248.69 62.18 25617 goodss-08-G141_25617 1.22109 1.0
goodss 25631 3 1 0 3.430987 0.235 0.479 0.683 0.74 0.12715 0.080618 0.046534 739620000.0 194050000.0 1.0 0.5862 3.0 3.963 10.84 189540000.0 129370000.0 -1.62 -99.0 -99.0 -99.0 -99.0 25631 goodss-34-G141_25631 0.43835 1.0
goodss 25764 3 1 0 3.304338 0.14 3.173 3.384 3.511 60.486 59.029 1.4578 541550000000.0 6079400000.0 0.0 3.295 3.0 13.36 7.205 5888900000.0 4052900000.0 -1.61 -99.0 -99.0 -99.0 -99.0 25764 00000 -1.0 1.0
goodss 25802 3 1 0 3.367154 3.016 3.137 3.338 3.424 1.1193 -99.0 1.1193 -99.0 4667600000.0 2.0 3.237 3.0 -5.685 9.776 4895400000.0 3111700000.0 -1.77 -99.0 -99.0 -99.0 -99.0 25802 00000 -1.0 1.0
goodss 25851 3 1 0 3.330148 0.774 2.792 3.244 3.471 0.40448 -99.0 0.40448 -99.0 1686700000.0 2.0 3.019 3.0 -10.06 13.23 1738200000.0 1124500000.0 -1.74 -99.0 -99.0 -99.0 -99.0 25851 00000 -1.0 1.0
goodss 25879 3 1 0 3.19124 2.793 2.934 3.449 3.774 30.08 29.56 0.52032 271190000000.0 2169800000.0 1.0 3.183 3.0 8.735 20.58 2432100000.0 1446500000.0 -1.84 -99.0 -99.0 -99.0 -99.0 25879 00000 -1.0 1.0
goodss 25915 3 1 0 3.424572 0.448 1.086 2.143 2.631 3.8609 3.6682 0.1927 33653000000.0 803590000.0 1.0 1.664 3.0 12.84 141.3 370540000.0 535730000.0 -0.25 -99.0 -99.0 -99.0 -99.0 25915 00000 -1.0 1.0
goodss 26046 3 1 0 3.414441 1.164 1.237 1.498 1.843 1.9439 1.5381 0.40582 14111000000.0 1692300000.0 1.0 1.367 3.0 6.58 16.79 2083100000.0 1128200000.0 -1.98 -99.0 -99.0 -99.0 -99.0 26046 00000 -1.0 1.0
goodss 26104 3 1 0 3.430955 3.21 3.357 3.968 4.2 1.306 -99.0 1.306 -99.0 5446300000.0 2.0 3.651 3.0 -23.24 6.59 5911200000.0 3630800000.0 -1.77 -99.0 -99.0 -99.0 -99.0 26104 00000 -1.0 1.0
goodss 26130 3 1 0 3.156333 2.722 2.796 3.039 3.185 0.87994 -99.0 0.87994 -99.0 3669500000.0 2.0 2.915 3.0 -2.903 11.42 4236700000.0 2446300000.0 -1.87 -99.0 -99.0 -99.0 -99.0 26130 00000 -1.0 1.0
goodss 26253 3 1 0 3.237545 2.79 2.838 2.998 3.087 13.731 10.601 3.1297 97258000000.0 13051000000.0 1.0 2.918 3.0 5.708 7.641 13516000000.0 8701000000.0 -1.63 -99.0 -99.0 -99.0 -99.0 26253 goodss-32-G141_26253 3.07145 1.0
goodss 26361 3 1 0 3.416523 3.132 3.204 3.374 3.419 3.9741 -99.0 3.9741 -99.0 16573000000.0 2.0 3.292 3.0 -0.07992 7.483 19844000000.0 11048000000.0 -1.92 -99.0 -99.0 -99.0 -99.0 26361 goodss-37-G141_26361 3.31458 1.0
goodss 26693 3 1 0 3.416527 0.322 0.601 0.898 1.006 0.097948 0.083507 0.014442 766120000.0 60224000.0 1.0 0.7474 3.0 2.518 7.06 56850000.0 40149000.0 -1.58 -99.0 -99.0 -99.0 -99.0 26693 00000 -1.0 1.0
goodss 26850 3 1 0 3.467971 2.879 2.929 3.332 3.549 0.61494 -99.0 0.61494 -99.0 2564400000.0 2.0 2.86 3.0 -16.57 7.43 2194200000.0 1709600000.0 -1.36 -99.0 -99.0 -99.0 -99.0 26850 00000 -1.0 1.0
goodss 27074 3 1 0 3.465912 0.127 0.29 3.2 3.566 0.13421 0.13151 0.0027025 1206500000.0 11270000.0 0.0 0.4433 3.0 13.42 9.955 3871600.0 7513100.0 0.17 -99.0 -99.0 -99.0 -99.0 27074 00000 -1.0 1.0
goodss 27249 3 1 0 3.086253 0.167 0.197 0.244 0.262 0.025461 0.013894 0.011566 127470000.0 48233000.0 1.0 0.2194 3.0 9.01 10.02 54694000.0 32155000.0 -1.95 -99.0 -99.0 -99.0 -99.0 27249 goodss-32-G141_27249 0.24857 1.0
goodss 27278 3 1 0 3.327064 3.143 3.166 3.376 3.757 0.43366 -99.0 0.43366 -99.0 1808400000.0 2.0 3.138 3.0 -1.223 7.341 1646000000.0 1205600000.0 -1.55 -99.0 -99.0 -99.0 -99.0 27278 00000 -1.0 1.0
goodss 27478 3 1 0 3.366036 5.046 5.343 5.758 5.932 165.34 163.33 2.0153 1498400000000.0 8403900000.0 0.0 5.456 3.0 11.52 11.32 7354600000.0 5602600000.0 -1.56 -99.0 -99.0 -99.0 -99.0 27478 00000 -1.0 1.0
goodss 27528 3 1 0 3.193196 0.063 0.111 0.284 0.398 0.00076733 -99.0 0.00076733 -99.0 3199900.0 2.0 0.2027 3.0 -1.964 8.768 703060.0 2133200.0 0.4 -99.0 -99.0 -99.0 -99.0 27528 goodss-36-G141_27528 0.21835 3.0
goodss 27746 3 1 0 3.326012 2.959 2.98 3.081 3.118 19.341 14.613 4.7276 134070000000.0 19715000000.0 1.0 3.031 3.0 6.23 6.782 27019000000.0 13143000000.0 -2.02 -99.0 -99.0 -99.0 -99.0 27746 goodss-08-G141_27746 3.04507 1.0
goodss 27931 3 1 0 3.464829 0.077 0.222 0.631 0.727 0.088434 0.084573 0.0038608 775900000.0 16100000.0 1.0 0.5051 3.0 6.045 6.18 2864500.0 10733000.0 1.26 -99.0 -99.0 -99.0 -99.0 27931 00000 -1.0 3.0
goodss 28459 3 1 0 3.251272 1.327 1.472 2.324 2.488 2.3597 1.9952 0.36446 18305000000.0 1519900000.0 0.0 1.918 3.0 6.775 5.11 1800800000.0 1013200000.0 -1.91 -99.0 -99.0 -99.0 -99.0 28459 00000 -1.0 1.0
goodss 28537 3 1 0 3.460701 3.089 3.262 3.626 3.781 1.0118 -99.0 1.0118 -99.0 4219200000.0 2.0 3.446 3.0 -1.489 9.013 3749900000.0 2812800000.0 -1.54 -99.0 -99.0 -99.0 -99.0 28537 00000 -1.0 1.0
goodss 28544 3 1 0 3.088436 0.037 0.092 0.37 0.43 0.015279 0.013661 0.0016189 125330000.0 6750900.0 1.0 0.3156 3.0 3.513 9.618 4771400.0 4500600.0 -0.94 -99.0 -99.0 -99.0 -99.0 28544 00000 -1.0 1.0
goodss 28564 3 1 0 3.475091 3.314 3.372 3.531 3.577 5.569 -99.0 5.569 -99.0 23223000000.0 2.0 3.451 3.0 -4.234 7.988 22336000000.0 15482000000.0 -1.56 -99.0 -99.0 -99.0 -99.0 28564 goodss-32-G141_28564 3.46826 1.0
goodss 28593 3 1 0 3.328055 0.368 0.556 1.573 2.584 1.5581 1.5455 0.01254 14179000000.0 52295000.0 0.0 1.056 3.0 19.65 9.654 20399000.0 34864000.0 0.1 -99.0 -99.0 -99.0 -99.0 28593 00000 -1.0 1.0
goodss 28598 3 1 0 3.471 0.447 0.804 1.36 1.541 0.49023 0.44798 0.04225 4109900000.0 176190000.0 1.0 1.102 3.0 4.842 8.491 207260000.0 117460000.0 -1.91 -99.0 -99.0 -99.0 -99.0 28598 00000 -1.0 1.0
goodss 28768 3 1 0 3.281781 2.864 2.937 3.123 3.197 1.4663 -99.0 1.4663 -99.0 6114500000.0 2.0 3.03 3.0 -3.276 12.31 7597700000.0 4076300000.0 -1.94 -99.0 -99.0 -99.0 -99.0 28768 00000 -1.0 1.0
goodss 28785 3 1 0 3.438996 1.084 1.132 1.274 1.324 0.61118 -99.0 0.61118 -99.0 2548700000.0 2.0 1.206 3.0 -14.71 7.76 2989700000.0 1699200000.0 -1.92 1.66 0.77 33141616.45 3.934326641468837e+20 28785 goodss-32-G141_28785 1.40128 1.0
goodss 28894 3 1 0 3.2221 2.478 2.492 2.635 2.715 0.29879 -99.0 0.29879 -99.0 1246000000.0 2.0 2.228 3.0 -3.039 8.762 1406100000.0 830660000.0 -1.86 -99.0 -99.0 -99.0 -99.0 28894 00000 -1.0 1.0
goodss 28907 3 1 0 3.192362 0.069 0.139 0.189 3.043 0.0081105 0.0066523 0.0014582 61031000.0 6080700.0 1.0 0.1588 3.0 9.505 12.23 1619700.0 4053800.0 -0.13 -99.0 -99.0 -99.0 -99.0 28907 goodss-18-G141_28907 3.18497 3.0
goodss 29050 3 1 0 3.281842 0.054 0.096 0.278 0.386 0.0002238 -99.0 0.0002238 -99.0 933280.0 2.0 0.199 3.0 -21.07 7.169 129890.0 622190.0 1.6 -99.0 -99.0 -99.0 -99.0 29050 00000 -1.0 2.0
goodss 29443 3 1 0 3.439078 3.218 3.273 3.414 3.462 81.389 77.344 4.0447 709580000000.0 16867000000.0 0.0 3.343 3.0 15.75 9.515 17287000000.0 11245000000.0 -1.7 -99.0 -99.0 -99.0 -99.0 29443 goodss-37-G141_29443 3.34055 1.0
goodss 29742 3 1 0 3.253944 0.142 0.257 3.199 3.459 27.157 26.352 0.80569 241760000000.0 3359800000.0 0.0 3.023 3.0 11.44 10.16 2923800000.0 2239900000.0 -1.37 -99.0 -99.0 -99.0 -99.0 29742 00000 -1.0 1.0
goodss 29758 3 1 0 3.069841 2.722 2.794 3.014 3.117 0.98782 -99.0 0.98782 -99.0 4119400000.0 2.0 2.905 3.0 -6.65 7.493 4584600000.0 2746200000.0 -1.77 -99.0 -99.0 -99.0 -99.0 29758 00000 -1.0 1.0
goodss 30233 3 1 0 3.088339 0.452 0.675 1.156 1.922 0.045444 -99.0 0.045444 -99.0 189510000.0 2.0 0.9383 3.0 -9.34 8.699 192680000.0 126340000.0 -1.7 -99.0 -99.0 -99.0 -99.0 30233 00000 -1.0 1.0
goodss 30258 3 1 0 3.086327 2.816 2.872 3.036 3.112 1.6505 -99.0 1.6505 -99.0 6882900000.0 2.0 2.954 3.0 -1.31 6.785 7885600000.0 4588600000.0 -1.76 -99.0 -99.0 -99.0 -99.0 30258 00000 -1.0 1.0
goodss 30269 3 1 0 3.329164 0.02 0.068 0.511 0.801 0.08888 0.083856 0.0050242 769320000.0 20952000.0 0.0 0.3078 3.0 23.02 7.727 29309000.0 13968000.0 -2.02 -99.0 -99.0 -99.0 -99.0 30269 00000 -1.0 1.0
goodss 30321 3 1 0 3.33 0.117 0.279 0.556 0.649 0.18583 0.18242 0.0034176 1673500000.0 14252000.0 0.0 0.4146 3.0 22.42 7.8 667230.0 9501400.0 8.63 -99.0 -99.0 -99.0 -99.0 30321 00000 -1.0 1.0
goodss 30508 3 1 0 3.186298 2.871 2.995 3.25 3.327 14.592 13.918 0.67407 127680000000.0 2811000000.0 1.0 3.127 3.0 4.723 7.417 3120600000.0 1874000000.0 -1.82 -99.0 -99.0 -99.0 -99.0 30508 00000 -1.0 1.0
goodss 30523 3 1 0 3.414363 0.081 2.529 2.705 2.756 0.9439 -99.0 0.9439 -99.0 3936200000.0 2.0 2.629 3.0 -3.305 8.792 4227600000.0 2624100000.0 -1.73 -99.0 -99.0 -99.0 -99.0 30523 00000 -1.0 1.0
goodss 30531 3 1 0 3.472005 3.893 3.962 4.135 4.195 4.3791 -99.0 4.3791 -99.0 18261000000.0 2.0 4.05 3.0 -1.345 11.33 15923000000.0 12174000000.0 -1.38 -99.0 -99.0 -99.0 -99.0 30531 goodss-32-G141_30531 3.98533 1.0
goodss 30560 3 1 0 3.429905 1.261 1.51 1.901 1.995 0.40946 -99.0 0.40946 -99.0 1707500000.0 2.0 1.715 3.0 -1.808 7.747 2118800000.0 1138300000.0 -1.96 -99.0 -99.0 -99.0 -99.0 30560 00000 -1.0 1.0
goodss 30624 3 1 0 3.326974 4.62 4.695 5.075 5.318 1.7027 -99.0 1.7027 -99.0 7100600000.0 2.0 4.778 3.0 -4.492 8.405 6561200000.0 4733700000.0 -1.51 -99.0 -99.0 -99.0 -99.0 30624 00000 -1.0 2.0
goodss 30628 3 1 0 3.431985 0.967 1.098 1.613 2.009 3.2306 3.0837 0.14693 28291000000.0 612710000.0 0.0 1.32 3.0 15.21 9.162 681640000.0 408470000.0 -1.85 -99.0 -99.0 -99.0 -99.0 30628 00000 -1.0 1.0
goodss 30632 3 1 0 3.317775 2.816 2.955 3.296 3.41 15.666 14.898 0.76817 136680000000.0 3203400000.0 1.0 3.136 3.0 4.944 7.645 3537600000.0 2135600000.0 -1.83 -99.0 -99.0 -99.0 -99.0 30632 00000 -1.0 1.0
goodss 30683 3 1 0 3.127611 2.99 3.025 3.141 3.166 9.0322 -99.0 9.0322 -99.0 37666000000.0 2.0 3.083 3.0 -3.226 6.875 35476000000.0 25110000000.0 -1.47 -99.0 -99.0 -99.0 -99.0 30683 goodss-34-G141_30683 3.08164 1.0
goodss 30716 3 1 0 3.433098 0.621 0.861 1.383 1.497 1.3904 1.3438 0.046557 12329000000.0 194150000.0 0.0 1.184 3.0 11.06 10.21 206590000.0 129430000.0 -1.77 -99.0 -99.0 -99.0 -99.0 30716 00000 -1.0 1.0
goodss 30815 3 1 0 3.474075 3.11 3.27 3.726 3.945 1.7736 -99.0 1.7736 -99.0 7396300000.0 2.0 3.494 3.0 -12.71 10.3 6578000000.0 4930900000.0 -1.42 -99.0 -99.0 -99.0 -99.0 30815 00000 -1.0 1.0
goodss 30821 3 1 0 3.329074 0.228 0.277 0.436 0.529 0.0020985 -99.0 0.0020985 -99.0 8751000.0 2.0 0.3737 3.0 -6.362 8.735 82535.0 5834000.0 10.02 -99.0 -99.0 -99.0 -99.0 30821 goodss-38-G141_30821 3.51317 2.0
goodss 30877 3 1 0 3.299368 2.693 2.757 2.982 3.097 14.188 12.528 1.6608 114930000000.0 6925800000.0 0.0 2.869 3.0 7.38 6.58 6056900000.0 4617200000.0 -1.34 -99.0 -99.0 -99.0 -99.0 30877 00000 -1.0 1.0
goodss 31103 3 1 0 3.208859 0.263 0.436 0.769 0.94 0.17689 0.17553 0.0013588 1610400000.0 5666600.0 1.0 0.6011 3.0 8.173 9.267 2827800.0 3777700.0 -0.05 -99.0 -99.0 -99.0 -99.0 31103 00000 -1.0 3.0
goodss 31615 2 1 1 3.431823 0.5222 0.5488 0.5758 0.5818 1.7283 0.51856 1.2098 4757500000.0 5044900000.0 0.0 0.573 2.0 26.89 5.483 4368600000.0 3363300000.0 -1.4 -99.0 -99.0 -99.0 -99.0 31615 goodss-18-G141_31615 0.57302 1.0
goodss 31718 3 1 0 3.338236 0.149 0.472 0.961 1.059 0.43494 0.40184 0.033105 3686600000.0 138050000.0 1.0 0.8333 3.0 10.08 74.17 150220000.0 92035000.0 -1.78 -99.0 -99.0 -99.0 -99.0 31718 00000 -1.0 1.0
goodss 31952 3 1 0 3.19 3.061 3.098 3.208 3.246 54.789 40.545 14.244 371980000000.0 59398000000.0 0.0 3.148 3.0 13.06 7.377 57630000000.0 39599000000.0 -1.55 -99.0 -99.0 -99.0 -99.0 31952 goodss-18-G141_31952 3.17661 1.0
goodss 32674 3 1 0 3.091457 0.048 0.108 2.878 3.022 0.00080567 -99.0 0.00080567 -99.0 3359800.0 2.0 0.1807 3.0 -5.189 8.497 2253300.0 2239800.0 -1.37 -99.0 -99.0 -99.0 -99.0 32674 00000 -1.0 1.0
goodss 32841 3 1 0 3.325921 2.739 2.801 3.191 3.44 9.7167 9.1219 0.59485 83687000000.0 2480600000.0 1.0 2.948 3.0 4.634 8.398 2653400000.0 1653800000.0 -1.7 -99.0 -99.0 -99.0 -99.0 32841 00000 -1.0 1.0
goodss 32920 3 1 0 3.444256 0.429 0.766 1.46 2.337 0.37216 0.28004 0.092126 2569100000.0 384180000.0 1.0 1.169 3.0 2.432 5.827 394420000.0 256120000.0 -1.72 -99.0 -99.0 -99.0 -99.0 32920 00000 -1.0 1.0
