# field phot_id z_best_s use_phot use_zgrism z_best z_best_l95 z_best_l68 z_best_u68 z_best_u95 sfr sfr_IR sfr_UV L_IR L_UV flag z_sfr z_type f24tot ef24tot L_1600 L_2800 beta Ha_FLUX Ha_FLUX_ERR Ha_EQW Ha_EQW_ERR number grism_id z_max_grism uvj
# Author: I. Momcheva (Sat Oct  3 21:18:14 2015)
goodsn 20924 1 1 1 2.551 -1.0 -1.0 -1.0 -1.0 83.651 52.089 31.562 477880000000.0 131620000000.0 0.0 2.551 1.0 62.66 12.76 119160000000.0 87745000000.0 -1.46 -99.0 -99.0 -99.0 -99.0 20924 goodsn-36-G141_20924 2.58587 1.0
goodsn 14453 2 1 1 2.1236 2.1196 2.1214 2.125 2.1267 13.719 8.9003 4.8185 81654000000.0 20094000000.0 0.0 2.124 2.0 22.41 13.17 15026000000.0 13396000000.0 -1.1 -99.0 -99.0 -99.0 -99.0 14453 goodsn-46-G141_14453 2.12364 1.0
goodsn 12345 2 1 1 2.2691 2.2614 2.2651 2.2731 2.2776 60.973 38.79 22.183 355870000000.0 92507000000.0 0.0 2.269 2.0 78.36 12.67 70863000000.0 61671000000.0 -1.11 -99.0 -99.0 -99.0 -99.0 12345 goodsn-45-G141_12345 2.26905 1.0
goodsn 13088 1 1 1 2.4605 -1.0 -1.0 -1.0 -1.0 240.63 223.65 16.983 2051800000000.0 70820000000.0 0.0 2.461 1.0 330.5 10.48 42680000000.0 47213000000.0 -0.57 -99.0 -99.0 -99.0 -99.0 13088 goodsn-45-G141_13088 2.45043 1.0
goodsn 10835 3 1 0 2.3028 2.131 2.194 2.407 2.471 150.97 148.06 2.9018 1358400000000.0 12101000000.0 0.0 2.303 3.0 285.0 15.84 6411200000.0 8067200000.0 -0.39 -99.0 -99.0 -99.0 -99.0 10835 goodsn-44-G141_10835 2.40587 1.0
goodsn 9271 1 1 1 2.304 -1.0 -1.0 -1.0 -1.0 7.7433 -99.0 7.7433 -99.0 32291000000.0 2.0 2.304 1.0 -0.5728 10.71 32542000000.0 21527000000.0 -1.63 -99.0 -99.0 -99.0 -99.0 9271 goodsn-44-G141_09271 2.29861 1.0
goodsn 7652 1 1 1 2.275 -1.0 -1.0 -1.0 -1.0 138.05 119.69 18.358 1098100000000.0 76557000000.0 0.0 2.275 1.0 239.7 11.35 57534000000.0 51038000000.0 -1.09 -99.0 -99.0 -99.0 -99.0 7652 goodsn-44-G141_07652 2.2838 1.0
goodsn 9148 2 1 1 1.5294 1.5193 1.5244 1.535 1.5447 12.624 6.5466 6.0771 60060000000.0 25342000000.0 1.0 1.529 2.0 22.75 23.52 22462000000.0 16895000000.0 -1.43 9.7 1.41 311.79 54.41 9148 goodsn-33-G141_09148 1.52945 1.0
goodsn 28846 3 1 0 2.4365 0.185 2.37 2.5 2.545 7.4817 -99.0 7.4817 -99.0 31200000000.0 2.0 2.437 3.0 -6.247 6.719 30614000000.0 20800000000.0 -1.56 -99.0 -99.0 -99.0 -99.0 28846 goodsn-26-G141_28846 2.49558 1.0
goodsn 25688 1 1 1 2.371 -1.0 -1.0 -1.0 -1.0 21.724 10.715 11.009 98305000000.0 45909000000.0 0.0 2.371 1.0 18.68 7.975 45064000000.0 30606000000.0 -1.59 -99.0 -99.0 -99.0 -99.0 25688 goodsn-36-G141_25688 2.38042 1.0
goodsn 23869 1 1 1 2.245 -1.0 -1.0 -1.0 -1.0 46.066 38.896 7.1693 356850000000.0 29897000000.0 0.0 2.245 1.0 81.44 9.492 19520000000.0 19931000000.0 -0.68 -99.0 -99.0 -99.0 -99.0 23869 goodsn-36-G141_23869 2.23491 1.0
goodsn 21279 2 1 1 2.4161 2.2753 2.3337 2.4192 2.4572 88.164 81.705 6.4588 749590000000.0 26934000000.0 0.0 2.416 2.0 131.8 7.701 15173000000.0 17956000000.0 -0.43 -99.0 -99.0 -99.0 -99.0 21279 goodsn-36-G141_21279 2.4161 1.0
goodsn 22457 3 1 0 2.5321 2.384 2.477 2.591 2.635 26.775 20.232 6.5434 185610000000.0 27287000000.0 0.0 2.532 3.0 25.49 8.444 21787000000.0 18191000000.0 -1.22 -99.0 -99.0 -99.0 -99.0 22457 goodsn-35-G141_22457 2.45043 1.0
goodsn 23344 1 1 1 2.481 -1.0 -1.0 -1.0 -1.0 88.589 79.736 8.8533 731520000000.0 36919000000.0 0.0 2.481 1.0 113.0 10.64 22870000000.0 24613000000.0 -0.59 -99.0 -99.0 -99.0 -99.0 23344 goodsn-35-G141_23344 2.48337 1.0
goodsn 17530 3 1 0 0.2033 0.148 0.17 0.235 0.25 0.035868 0.017729 0.01814 162650000.0 75645000.0 0.0 0.2033 3.0 13.91 6.832 75845000.0 50430000.0 -1.69 -99.0 -99.0 -99.0 -99.0 17530 goodsn-34-G141_17530 2.20753 1.0
goodsn 17748 3 1 0 2.2078 2.076 2.135 2.283 2.345 8.7029 5.2947 3.4082 48575000000.0 14213000000.0 0.0 2.208 3.0 11.74 8.963 12176000000.0 9475200000.0 -1.33 -99.0 -99.0 -99.0 -99.0 17748 goodsn-34-G141_17748 2.23652 1.0
goodsn 17714 3 1 0 0.0465 0.021 0.031 0.063 0.074 0.0024405 0.0011074 0.0013331 10160000.0 5559100.0 0.0 0.0465 3.0 25.52 7.096 6075100.0 3706100.0 -1.8 -99.0 -99.0 -99.0 -99.0 17714 goodsn-34-G141_17714 2.23814 1.0
goodsn 11340 3 1 0 2.329 2.204 2.268 2.392 2.441 11.763 8.2007 3.5623 75236000000.0 14855000000.0 0.0 2.329 3.0 15.23 10.68 16547000000.0 9903500000.0 -1.84 -99.0 -99.0 -99.0 -99.0 11340 goodsn-34-G141_11340 2.26089 1.0
goodsn 18161 1 1 1 1.601 -1.0 -1.0 -1.0 -1.0 21.211 10.856 10.354 99599000000.0 43179000000.0 0.0 1.601 1.0 36.75 7.298 39786000000.0 28786000000.0 -1.52 -99.0 -99.0 -99.0 -99.0 18161 goodsn-46-G141_18161 1.59607 1.0
goodsn 16060 1 1 1 1.5208 -1.0 -1.0 -1.0 -1.0 51.865 41.782 10.083 383320000000.0 42047000000.0 0.0 1.521 1.0 146.0 6.58 32142000000.0 28031000000.0 -1.18 33.68 0.7 816.4 26.12 16060 goodsn-45-G141_16060 1.52692 1.0
goodsn 9797 2 1 1 1.3965 1.3849 1.3905 1.4015 1.4072 125.13 119.93 5.2006 1100300000000.0 21687000000.0 0.0 1.396 2.0 481.2 11.86 11490000000.0 14458000000.0 -0.41 1.91 1.8 17.91 17.07 9797 goodsn-45-G141_09797 1.39648 1.0
goodsn 10109 1 1 1 1.4502 -1.0 -1.0 -1.0 -1.0 10.814 6.3286 4.4854 58061000000.0 18705000000.0 0.0 1.45 1.0 23.53 11.23 16151000000.0 12470000000.0 -1.38 11.26 0.9 578.62 67.91 10109 goodsn-44-G141_10109 1.44856 1.0
goodsn 8371 2 1 1 1.5702 1.4429 1.4804 1.5799 1.6227 25.308 21.506 3.8026 197300000000.0 15857000000.0 0.0 1.57 2.0 73.11 12.64 10228000000.0 10571000000.0 -0.72 -99.0 -99.0 -99.0 -99.0 8371 goodsn-44-G141_08371 1.57024 1.0
goodsn 8099 1 1 1 1.4904 -1.0 -1.0 -1.0 -1.0 78.928 66.305 12.623 608310000000.0 52640000000.0 0.0 1.49 1.0 237.3 21.65 34629000000.0 35093000000.0 -0.71 53.96 0.86 750.41 23.87 8099 goodsn-44-G141_08099 1.49054 1.0
goodsn 9030 1 1 1 0.497 -1.0 -1.0 -1.0 -1.0 2.6822 2.2407 0.4415 20557000000.0 1841100000.0 0.0 0.497 1.0 167.4 12.47 1421400000.0 1227400000.0 -1.07 -99.0 -99.0 -99.0 -99.0 9030 goodsn-33-G141_09030 1.6117 1.0
goodsn 7939 2 1 1 1.5715 1.5653 1.568 1.5727 1.575 11.788 5.8777 5.9099 53924000000.0 24645000000.0 0.0 1.572 2.0 19.97 12.01 25187000000.0 16430000000.0 -1.68 -99.0 -99.0 -99.0 -99.0 7939 goodsn-43-G141_07939 1.57153 1.0
goodsn 8033 1 1 1 1.4293 -1.0 -1.0 -1.0 -1.0 3.8488 0.42403 3.4248 3890200000.0 14282000000.0 1.0 1.429 1.0 1.615 10.94 13460000000.0 9521200000.0 -1.57 6.53 1.15 355.06 76.02 8033 goodsn-33-G141_08033 1.42905 1.0
goodsn 34851 3 1 0 2.2371 2.091 2.163 2.31 2.366 3.7643 -99.0 3.7643 -99.0 15698000000.0 2.0 2.237 3.0 -24.43 7.42 19467000000.0 10465000000.0 -1.96 -99.0 -99.0 -99.0 -99.0 34851 goodsn-16-G141_34851 2.22522 1.0
goodsn 34436 3 1 0 2.2516 2.06 2.16 2.345 2.409 3.0199 -99.0 3.0199 -99.0 12593000000.0 2.0 2.252 3.0 -2.245 6.273 13375000000.0 8395600000.0 -1.75 -99.0 -99.0 -99.0 -99.0 34436 goodsn-16-G141_34436 2.23006 1.0
goodsn 32033 2 1 1 2.1081 1.998 2.0543 2.1551 2.3332 183.63 179.54 4.0902 1647200000000.0 17057000000.0 0.0 2.108 2.0 463.0 7.972 4613000000.0 11371000000.0 0.43 -99.0 -99.0 -99.0 -99.0 32033 goodsn-16-G141_32033 2.10806 2.0
goodsn 29743 1 1 1 2.1865 -1.0 -1.0 -1.0 -1.0 91.798 77.215 14.582 708400000000.0 60810000000.0 0.0 2.186 1.0 177.2 8.864 46525000000.0 40540000000.0 -1.17 -99.0 -99.0 -99.0 -99.0 29743 goodsn-26-G141_29743 2.19153 1.0
goodsn 30564 2 1 1 2.4816 2.4731 2.4766 2.4843 2.4881 79.132 71.568 7.5637 656590000000.0 31542000000.0 0.0 2.482 2.0 101.2 9.079 17709000000.0 21028000000.0 -0.43 -99.0 -99.0 -99.0 -99.0 30564 goodsn-16-G141_30564 2.48163 1.0
goodsn 30053 1 1 1 2.237 -1.0 -1.0 -1.0 -1.0 55.105 45.638 9.4668 418700000000.0 39478000000.0 0.0 2.237 1.0 96.74 7.767 23590000000.0 26319000000.0 -0.48 -99.0 -99.0 -99.0 -99.0 30053 goodsn-15-G141_30053 2.24463 1.0
goodsn 25498 1 1 1 2.439 -1.0 -1.0 -1.0 -1.0 226.76 216.09 10.67 1982400000000.0 44494000000.0 0.0 2.439 1.0 333.8 9.112 32243000000.0 29663000000.0 -1.27 -99.0 -99.0 -99.0 -99.0 25498 goodsn-25-G141_25498 1.73464 1.0
goodsn 26621 1 1 1 2.307 -1.0 -1.0 -1.0 -1.0 17.926 4.974 12.952 45633000000.0 54014000000.0 0.0 2.307 1.0 9.522 7.526 48448000000.0 36009000000.0 -1.41 -99.0 -99.0 -99.0 -99.0 26621 goodsn-15-G141_26621 2.31017 1.0
goodsn 26798 1 1 1 2.4825 -1.0 -1.0 -1.0 -1.0 108.81 94.834 13.979 870040000000.0 58296000000.0 0.0 2.483 1.0 133.8 10.51 34876000000.0 38864000000.0 -0.52 -99.0 -99.0 -99.0 -99.0 26798 goodsn-15-G141_26798 2.51135 1.0
goodsn 27876 2 1 1 2.1535 2.0802 2.1329 2.2159 2.2715 59.934 54.217 5.7167 497410000000.0 23839000000.0 0.0 2.153 2.0 130.8 10.84 16992000000.0 15893000000.0 -1.05 -99.0 -99.0 -99.0 -99.0 27876 goodsn-14-G141_27876 2.15346 1.0
goodsn 23953 1 1 1 2.4862 -1.0 -1.0 -1.0 -1.0 25.65 9.8894 15.761 90728000000.0 65726000000.0 0.0 2.486 1.0 13.86 6.663 54221000000.0 43817000000.0 -1.26 -99.0 -99.0 -99.0 -99.0 23953 goodsn-14-G141_23953 2.52542 1.0
goodsn 22235 1 1 1 2.431 -1.0 -1.0 -1.0 -1.0 17.775 5.6652 12.11 51975000000.0 50501000000.0 1.0 2.431 1.0 8.887 9.809 51661000000.0 33668000000.0 -1.67 -99.0 -99.0 -99.0 -99.0 22235 goodsn-14-G141_22235 2.43666 1.0
goodsn 32526 3 1 0 2.3469 2.177 2.25 2.443 2.505 15.845 12.396 3.4485 113730000000.0 14381000000.0 0.0 2.347 3.0 22.42 6.656 11523000000.0 9587100000.0 -1.21 -99.0 -99.0 -99.0 -99.0 32526 goodsn-26-G141_32526 2.42465 1.0
goodsn 30811 3 1 0 2.1939 2.012 2.103 2.279 2.342 10.121 6.0137 4.1069 55171000000.0 17126000000.0 0.0 2.194 3.0 13.63 6.283 17149000000.0 11418000000.0 -1.61 -99.0 -99.0 -99.0 -99.0 30811 goodsn-15-G141_30811 2.30191 1.0
goodsn 27040 3 0 0 2.5375 2.453 2.487 2.59 2.627 13.025 -99.0 13.025 -99.0 54317000000.0 2.0 2.537 3.0 -0.2365 8.689 48384000000.0 36212000000.0 -1.39 -99.0 -99.0 -99.0 -99.0 27040 goodsn-14-G141_27040 0.04603 1.0
goodsn 35924 3 1 0 2.3358 2.212 2.262 2.411 2.45 29.493 20.586 8.9071 188860000000.0 37144000000.0 0.0 2.336 3.0 37.84 6.937 32360000000.0 24763000000.0 -1.37 -99.0 -99.0 -99.0 -99.0 35924 00000 -1.0 1.0
goodsn 35745 2 1 1 2.3168 2.1944 2.2447 2.3312 2.3673 47.154 40.797 6.3572 374280000000.0 26511000000.0 0.0 2.317 2.0 77.04 9.558 16472000000.0 17674000000.0 -0.65 -99.0 -99.0 -99.0 -99.0 35745 goodsn-28-G141_35745 2.3168 1.0
goodsn 35975 2 1 1 2.1472 2.1425 2.1442 2.1478 2.1495 10.338 2.0506 8.2871 18813000000.0 34558000000.0 1.0 2.147 2.0 4.991 9.059 31908000000.0 23039000000.0 -1.57 -99.0 -99.0 -99.0 -99.0 35975 goodsn-28-G141_35975 2.14716 1.0
goodsn 34812 1 1 1 2.3049 -1.0 -1.0 -1.0 -1.0 116.2 106.79 9.4115 979760000000.0 39247000000.0 0.0 2.305 1.0 205.0 10.87 24706000000.0 26165000000.0 -0.62 -99.0 -99.0 -99.0 -99.0 34812 goodsn-27-G141_34812 2.30686 1.0
goodsn 28380 3 1 0 2.3951 2.285 2.333 2.456 2.502 39.777 31.199 8.5783 286230000000.0 35773000000.0 0.0 2.395 3.0 52.29 9.489 27932000000.0 23848000000.0 -1.18 -99.0 -99.0 -99.0 -99.0 28380 00000 -1.0 1.0
goodsn 29834 3 1 0 2.2386 2.154 2.188 2.293 2.329 37.709 24.413 13.296 223980000000.0 55445000000.0 0.0 2.239 3.0 51.59 8.666 31762000000.0 36963000000.0 -0.44 -99.0 -99.0 -99.0 -99.0 29834 00000 -1.0 1.0
goodsn 30709 2 1 1 2.2446 2.2338 2.2401 2.2507 2.3564 63.381 58.937 4.4443 540710000000.0 18533000000.0 0.0 2.245 2.0 123.4 10.47 12471000000.0 12356000000.0 -1.01 -99.0 -99.0 -99.0 -99.0 30709 goodsn-27-G141_30709 2.24463 1.0
goodsn 29095 3 1 0 1.5219 1.404 1.452 1.598 1.635 8.7333 1.1235 7.6098 10307000000.0 31734000000.0 1.0 1.522 3.0 3.923 8.491 35799000000.0 21156000000.0 -1.86 -99.0 -99.0 -99.0 -99.0 29095 00000 -1.0 1.0
goodsn 27035 3 1 0 2.3991 2.301 2.352 2.449 2.483 21.114 11.219 9.8949 102930000000.0 41263000000.0 0.0 2.399 3.0 18.68 6.97 39332000000.0 27509000000.0 -1.54 -99.0 -99.0 -99.0 -99.0 27035 00000 -1.0 1.0
goodsn 28599 1 1 1 2.135 -1.0 -1.0 -1.0 -1.0 25.602 20.744 4.8579 190310000000.0 20258000000.0 0.0 2.135 1.0 51.39 9.072 14959000000.0 13506000000.0 -1.25 -0.63 0.83 -55.14 71.3 28599 goodsn-26-G141_28599 1.45224 1.0
goodsn 27308 1 1 1 2.376 -1.0 -1.0 -1.0 -1.0 26.114 18.432 7.6817 169100000000.0 32034000000.0 0.0 2.376 1.0 31.87 16.23 26245000000.0 21356000000.0 -1.27 -99.0 -99.0 -99.0 -99.0 27308 goodsn-26-G141_27308 2.37198 1.0
goodsn 23674 2 1 1 1.578 1.5736 1.5761 1.6587 1.6622 10.396 7.3501 3.046 67432000000.0 12702000000.0 0.0 1.578 2.0 24.93 9.039 14829000000.0 8468100000.0 -1.9 -99.0 -99.0 -99.0 -99.0 23674 goodsn-36-G141_23674 1.57796 1.0
goodsn 21507 2 1 1 1.569 1.4931 1.5652 1.5736 1.6476 7.1026 4.3758 2.7268 40145000000.0 11371000000.0 0.0 1.569 2.0 14.88 11.87 9587100000.0 7580800000.0 -1.36 -99.0 -99.0 -99.0 -99.0 21507 goodsn-36-G141_21507 1.56896 1.0
goodsn 21749 1 1 1 1.501 -1.0 -1.0 -1.0 -1.0 20.724 15.904 4.8208 145900000000.0 20103000000.0 0.0 1.501 1.0 56.42 8.798 17518000000.0 13402000000.0 -1.37 -99.0 -99.0 -99.0 -99.0 21749 goodsn-35-G141_21749 1.72645 1.0
goodsn 16351 1 1 1 1.6495 -1.0 -1.0 -1.0 -1.0 6.5289 2.6774 3.8515 24564000000.0 16061000000.0 1.0 1.649 1.0 9.267 9.443 17297000000.0 10708000000.0 -1.77 -99.0 -99.0 -99.0 -99.0 16351 goodsn-34-G141_16351 1.65515 1.0
goodsn 17204 1 1 1 1.4887 -1.0 -1.0 -1.0 -1.0 55.084 53.018 2.0662 486400000000.0 8616500000.0 0.0 1.489 1.0 189.9 9.016 4709300000.0 5744300000.0 -0.47 15.36 0.91 345.41 25.84 17204 goodsn-24-G141_17204 1.48432 2.0
goodsn 14739 2 1 1 1.5005 1.4947 1.4972 1.5023 1.5049 13.888 10.945 2.9429 100420000000.0 12272000000.0 0.0 1.501 2.0 38.83 9.31 9975800000.0 8181500000.0 -1.26 6.43 0.66 446.61 66.09 14739 goodsn-23-G141_14739 1.50052 1.0
goodsn 10311 1 1 1 1.5253 -1.0 -1.0 -1.0 -1.0 150.49 142.28 8.212 1305300000000.0 34245000000.0 0.0 1.525 1.0 495.8 10.78 16671000000.0 22830000000.0 -0.37 30.24 1.95 205.87 15.41 10311 goodsn-33-G141_10311 1.53071 2.0
goodsn 328 2 1 1 2.2609 2.2545 2.2571 2.2623 2.2649 113.27 97.91 15.362 898250000000.0 64061000000.0 0.0 2.261 2.0 200.1 10.77 43972000000.0 42708000000.0 -0.8 -99.0 -99.0 -99.0 -99.0 328 goodsn-41-G141_00328 2.26089 1.0
goodsn 1994 3 1 0 2.2942 2.114 2.207 2.379 2.44 3.7431 -99.0 3.7431 -99.0 15609000000.0 2.0 2.294 3.0 -8.58 9.869 14662000000.0 10406000000.0 -1.51 -99.0 -99.0 -99.0 -99.0 1994 goodsn-31-G141_01994 2.12052 1.0
goodsn 4567 3 1 0 2.1003 1.975 2.037 2.166 2.217 6.4504 2.2085 4.2418 20262000000.0 17689000000.0 1.0 2.1 3.0 5.764 6.511 15004000000.0 11793000000.0 -1.34 -99.0 -99.0 -99.0 -99.0 4567 goodsn-32-G141_04567 2.12052 1.0
goodsn 3216 2 1 1 2.1724 2.1622 2.168 2.1753 2.1802 133.99 118.89 15.092 1090800000000.0 62937000000.0 0.0 2.172 2.0 278.7 7.308 51299000000.0 41958000000.0 -1.34 -99.0 -99.0 -99.0 -99.0 3216 goodsn-31-G141_03216 2.17244 1.0
goodsn 1975 2 1 1 2.3636 2.3573 2.3596 2.3643 2.3665 27.434 12.47 14.964 114400000000.0 62404000000.0 0.0 2.364 2.0 21.99 10.93 66753000000.0 41603000000.0 -1.72 -99.0 -99.0 -99.0 -99.0 1975 goodsn-42-G141_01975 2.36356 1.0
goodsn 4209 2 1 1 2.2986 2.1849 2.2174 2.3121 2.3616 14.627 6.8978 7.7292 63283000000.0 32232000000.0 0.0 2.299 2.0 13.35 8.633 27312000000.0 21488000000.0 -1.35 -99.0 -99.0 -99.0 -99.0 4209 goodsn-43-G141_04209 2.29861 1.0
goodsn 2213 2 1 1 1.4351 1.4274 1.4317 1.4377 1.4409 6.8666 5.1712 1.6954 47443000000.0 7070000000.0 0.0 1.435 2.0 19.56 15.33 5575200000.0 4713300000.0 -1.19 3.14 0.6 702.9 246.23 2213 goodsn-42-G141_02213 1.43513 1.0
goodsn 8014 2 1 1 2.2544 2.2448 2.2489 2.2578 2.2622 9.6554 1.7448 7.9106 16008000000.0 32988000000.0 1.0 2.254 2.0 3.603 14.1 32835000000.0 21992000000.0 -1.62 -99.0 -99.0 -99.0 -99.0 8014 goodsn-33-G141_08014 2.25437 1.0
goodsn 9387 2 1 1 2.3318 2.2642 2.3135 2.4355 2.4541 45.142 36.626 8.5168 336020000000.0 35516000000.0 0.0 2.332 2.0 67.72 14.17 20263000000.0 23677000000.0 -0.43 -99.0 -99.0 -99.0 -99.0 9387 goodsn-33-G141_09387 2.33176 1.0
goodsn 2548 2 1 1 2.3052 2.2978 2.3007 2.3066 2.3093 11.423 -99.0 11.423 -99.0 47634000000.0 2.0 2.305 2.0 -3.361 12.05 47026000000.0 31756000000.0 -1.56 -99.0 -99.0 -99.0 -99.0 2548 goodsn-31-G141_02548 2.30521 1.0
goodsn 2586 2 0 1 2.2871 2.182 2.2805 2.2995 2.3065 54.085 43.663 10.422 400580000000.0 43461000000.0 0.0 2.287 2.0 85.93 17.66 26355000000.0 28974000000.0 -0.63 -99.0 -99.0 -99.0 -99.0 2586 goodsn-31-G141_02586 2.28708 1.0
goodsn 4603 3 1 0 2.439 2.275 2.335 2.557 2.604 24.357 19.259 5.0986 176690000000.0 21262000000.0 0.0 2.439 3.0 29.75 6.835 15798000000.0 14175000000.0 -1.08 -99.0 -99.0 -99.0 -99.0 4603 goodsn-31-G141_04603 2.30686 1.0
goodsn 5969 3 1 0 1.5681 0.602 0.627 1.621 1.708 19.635 16.655 2.9803 152790000000.0 12428000000.0 0.0 1.568 3.0 56.65 12.24 11260000000.0 8285600000.0 -1.43 -99.0 -99.0 -99.0 -99.0 5969 goodsn-21-G141_05969 1.66312 1.0
goodsn 6309 2 1 1 2.2544 2.2349 2.2465 2.2584 2.2652 20.199 12.688 7.5114 116400000000.0 31324000000.0 0.0 2.254 2.0 26.2 12.78 28674000000.0 20882000000.0 -1.5 -99.0 -99.0 -99.0 -99.0 6309 goodsn-21-G141_06309 2.25437 1.0
goodsn 7144 1 1 1 2.371 -1.0 -1.0 -1.0 -1.0 22.857 11.805 11.052 108300000000.0 46088000000.0 0.0 2.371 1.0 20.58 10.16 37040000000.0 30725000000.0 -1.38 -99.0 -99.0 -99.0 -99.0 7144 goodsn-21-G141_07144 1.66979 1.0
goodsn 10473 1 1 1 2.3979 -1.0 -1.0 -1.0 -1.0 42.961 31.826 11.135 291990000000.0 46433000000.0 0.0 2.398 1.0 53.08 10.81 31070000000.0 30956000000.0 -0.72 -99.0 -99.0 -99.0 -99.0 10473 goodsn-22-G141_10473 2.39227 1.0
goodsn 12977 1 1 1 2.438 -1.0 -1.0 -1.0 -1.0 14.736 5.0004 9.7356 45875000000.0 40599000000.0 1.0 2.438 1.0 7.74 9.694 35179000000.0 27066000000.0 -1.4 -99.0 -99.0 -99.0 -99.0 12977 goodsn-22-G141_12977 2.44182 1.0
goodsn 13423 1 1 1 2.081 -1.0 -1.0 -1.0 -1.0 52.214 40.759 11.455 373940000000.0 47770000000.0 0.0 2.081 1.0 109.4 8.858 32673000000.0 31847000000.0 -0.93 -99.0 -99.0 -99.0 -99.0 13423 goodsn-12-G141_13423 2.08638 1.0
goodsn 15777 3 1 0 1.5251 1.447 1.488 1.565 1.584 6.0796 3.8569 2.2227 35384000000.0 9269000000.0 0.0 1.525 3.0 13.44 9.063 11204000000.0 6179300000.0 -1.96 -99.0 -99.0 -99.0 -99.0 15777 goodsn-12-G141_15777 2.23976 1.0
goodsn 17230 3 1 0 2.0669 1.864 1.991 2.146 2.195 7.0446 2.9357 4.1089 26933000000.0 17135000000.0 1.0 2.067 3.0 8.041 10.07 16149000000.0 11423000000.0 -1.57 -99.0 -99.0 -99.0 -99.0 17230 goodsn-12-G141_17230 2.0756 1.0
goodsn 24328 1 1 0 2.408 -1.0 -1.0 -1.0 -1.0 107.02 93.751 13.266 860100000000.0 55320000000.0 0.0 2.408 1.0 153.5 12.33 59730000000.0 36880000000.0 -1.77 -99.0 -99.0 -99.0 -99.0 24328 goodsn-36-G141_24328 2.02073 1.0
goodsn 25142 3 1 0 2.4209 2.322 2.364 2.478 2.519 47.437 37.243 10.195 341680000000.0 42513000000.0 0.0 2.421 3.0 59.52 9.697 30794000000.0 28342000000.0 -1.02 -99.0 -99.0 -99.0 -99.0 25142 00000 -1.0 1.0
goodsn 20856 2 1 1 2.4435 2.416 2.4282 2.4471 2.4554 17.936 10.384 7.5523 95267000000.0 31494000000.0 0.0 2.444 2.0 15.88 10.42 25363000000.0 20996000000.0 -1.23 -99.0 -99.0 -99.0 -99.0 20856 goodsn-35-G141_20856 2.44354 1.0
goodsn 26557 3 1 0 2.2632 2.143 2.195 2.335 2.381 8.2904 3.8115 4.4789 34968000000.0 18678000000.0 1.0 2.263 3.0 7.767 8.375 15920000000.0 12452000000.0 -1.32 -99.0 -99.0 -99.0 -99.0 26557 goodsn-36-G141_26557 2.18356 1.0
goodsn 21290 1 1 1 2.214 -1.0 -1.0 -1.0 -1.0 428.63 419.52 9.1121 3848800000000.0 37999000000.0 0.0 2.214 1.0 921.5 10.19 35900000000.0 25333000000.0 -1.65 -99.0 -99.0 -99.0 -99.0 21290 goodsn-35-G141_21290 2.21395 1.0
goodsn 22669 1 1 1 2.1322 -1.0 -1.0 -1.0 -1.0 44.638 34.095 10.544 312790000000.0 43968000000.0 0.0 2.132 1.0 84.84 10.31 39420000000.0 29312000000.0 -1.43 -99.0 -99.0 -99.0 -99.0 22669 goodsn-25-G141_22669 2.1346 1.0
goodsn 28061 3 1 0 2.2396 2.159 2.191 2.29 2.32 56.058 33.897 22.162 310980000000.0 92418000000.0 0.0 2.24 3.0 71.52 11.4 88268000000.0 61612000000.0 -1.53 -99.0 -99.0 -99.0 -99.0 28061 00000 -1.0 1.0
goodsn 24846 2 1 1 2.1883 2.1839 2.1856 2.1892 2.1908 16.362 10.953 5.4087 100490000000.0 22555000000.0 0.0 2.188 2.0 25.06 8.362 22878000000.0 15037000000.0 -1.66 -99.0 -99.0 -99.0 -99.0 24846 goodsn-25-G141_24846 2.18834 1.0
goodsn 977 3 1 0 2.2752 2.093 2.191 2.367 2.434 14.145 10.806 3.3388 99137000000.0 13923000000.0 0.0 2.275 3.0 21.64 15.31 16349000000.0 9282300000.0 -1.9 -99.0 -99.0 -99.0 -99.0 977 goodsn-41-G141_00977 2.29861 1.0
goodsn 983 3 1 0 2.1045 0.156 0.399 2.147 2.207 13.876 8.1718 5.7038 74971000000.0 23786000000.0 0.0 2.104 3.0 21.2 11.9 22582000000.0 15857000000.0 -1.55 -99.0 -99.0 -99.0 -99.0 983 goodsn-41-G141_00983 0.13655 1.0
goodsn 8646 2 1 1 2.3301 2.1929 2.2693 2.3415 2.3571 38.729 38.729 -3.561e-08 355310000000.0 -99.0 0.0 2.33 2.0 71.82 16.89 -99.0 -99.0 -99.0 -99.0 -99.0 -99.0 -99.0 8646 goodsn-43-G141_08646 2.33009 1.0
goodsn 11205 3 1 0 0.1916 0.064 0.161 0.641 2.136 0.016034 0.0093444 0.0066894 85728000.0 27896000.0 1.0 0.1916 3.0 8.471 12.06 5623900.0 18597000.0 1.12 -99.0 -99.0 -99.0 -99.0 11205 goodsn-34-G141_11205 0.07144 1.0
goodsn 16025 3 1 0 2.3432 2.189 2.263 2.425 2.5 8.5193 5.7495 2.7698 52747000000.0 11551000000.0 0.0 2.343 3.0 10.46 9.78 9066400000.0 7700400000.0 -1.25 -99.0 -99.0 -99.0 -99.0 16025 goodsn-23-G141_16025 2.46253 1.0
goodsn 21290 1 1 1 2.214 -1.0 -1.0 -1.0 -1.0 428.63 419.52 9.1121 3848800000000.0 37999000000.0 0.0 2.214 1.0 921.5 10.19 35900000000.0 25333000000.0 -1.65 -99.0 -99.0 -99.0 -99.0 21290 goodsn-35-G141_21290 2.21395 1.0
goodsn 23339 2 1 1 2.4834 2.4579 2.4729 2.4977 2.5386 25.846 15.012 10.835 137720000000.0 45182000000.0 0.0 2.483 2.0 21.18 10.37 43766000000.0 30121000000.0 -1.52 -99.0 -99.0 -99.0 -99.0 23339 goodsn-25-G141_23339 2.48337 1.0
goodsn 23344 1 1 1 2.481 -1.0 -1.0 -1.0 -1.0 88.589 79.736 8.8533 731520000000.0 36919000000.0 0.0 2.481 1.0 113.0 10.64 22870000000.0 24613000000.0 -0.59 -99.0 -99.0 -99.0 -99.0 23344 goodsn-35-G141_23344 2.48337 1.0
