# field phot_id z_best_s use_phot use_zgrism z_best z_best_l95 z_best_l68 z_best_u68 z_best_u95 sfr sfr_IR sfr_UV L_IR L_UV flag z_sfr z_type f24tot ef24tot L_1600 L_2800 beta Ha_FLUX Ha_FLUX_ERR Ha_EQW Ha_EQW_ERR number grism_id z_max_grism
# Author: I. Momcheva (Sat Oct  3 21:18:14 2015)
goodsn 4168 3 1 0 0.6533 0.514 0.561 0.754 0.878 0.010603 -99.0 0.010603 -99.0 44214000.0 2.0 0.6533 3.0 -10.65 9.119 10679000.0 29476000.0 0.28 1.05 0.49 282.61 155.59 4168 goodsn-31-G141_04168 0.86638
goodsn 36561 3 1 0 0.6631 0.487 0.575 0.748 0.82 2.6072e-06 -99.0 2.6072e-06 -99.0 10872.0 2.0 0.6631 3.0 -6.468 16.88 128.72 7248.2 -99.0 -99.0 -99.0 -99.0 -99.0 36561 00000 -1.0
goodsn 13896 2 1 1 0.77 0.7492 0.7663 0.7867 0.9007 0.093824 -99.0 0.093824 -99.0 391260000.0 2.0 0.77 2.0 -28.97 9.287 65351000.0 260840000.0 1.64 5.26 1.17 90.71 21.18 13896 goodsn-12-G141_13896 0.77004
goodsn 22210 1 1 1 0.825 -1.0 -1.0 -1.0 -1.0 0.1365 0.034246 0.10225 314190000.0 426400000.0 1.0 0.825 1.0 0.8689 6.194 67517000.0 284270000.0 1.63 0.86 0.94 12.79 13.92 22210 goodsn-36-G141_22210 0.94644
goodsn 7129 3 1 0 0.8468 0.69 0.714 0.871 0.96 0.29374 -99.0 0.29374 -99.0 1224900000.0 2.0 0.8468 3.0 -2.425 6.769 201030000.0 816630000.0 1.84 -99.0 -99.0 -99.0 -99.0 7129 00000 -1.0
goodsn 33475 1 1 1 0.8569 -1.0 -1.0 -1.0 -1.0 0.12093 -99.0 0.12093 -99.0 504280000.0 2.0 0.8569 1.0 -21.43 7.185 226400000.0 336190000.0 -0.39 -99.0 -99.0 -99.0 -99.0 33475 goodsn-17-G141_33475 1.15869
goodsn 13530 2 1 1 0.8487 0.8445 0.8465 0.8505 0.8524 1.7274 0.6612 1.0662 6066100000.0 4446200000.0 0.0 0.8487 2.0 16.27 11.43 585680000.0 2964100000.0 2.32 -1.88 1.06 -2.71 1.53 13530 goodsn-46-G141_13530 0.84873
goodsn 24107 1 1 1 0.848 -1.0 -1.0 -1.0 -1.0 1.0791 0.18048 0.89857 1655800000.0 3747200000.0 1.0 0.848 1.0 4.445 11.59 348490000.0 2498100000.0 2.74 -1.39 1.57 -1.94 2.18 24107 goodsn-14-G141_24107 0.84412
goodsn 25265 1 1 1 0.8321 -1.0 -1.0 -1.0 -1.0 0.503 0.38977 0.11324 3575800000.0 472220000.0 1.0 0.8321 1.0 9.793 12.07 228700000.0 314810000.0 -0.38 -0.12 0.99 -0.86 6.78 25265 goodsn-14-G141_25265 1.4806
goodsn 24953 3 1 0 0.9291 0.788 0.848 1.012 1.056 0.067788 -99.0 0.067788 -99.0 282690000.0 2.0 0.9291 3.0 -7.357 9.178 14970000.0 188460000.0 3.08 0.96 1.16 67.96 84.46 24953 goodsn-36-G141_24953 0.87199
goodsn 37206 2 1 1 0.9947 0.9898 0.993 1.0064 1.0107 0.25303 -99.0 0.25303 -99.0 1055200000.0 2.0 0.9947 2.0 -2.313 9.188 102380000.0 703430000.0 2.37 4.61 0.87 110.11 21.83 37206 goodsn-18-G141_37206 0.99471
goodsn 26288 3 1 0 0.6746 0.603 0.643 0.708 0.73 0.1806 0.049981 0.13062 458540000.0 544710000.0 1.0 0.6746 3.0 1.879 8.563 188220000.0 363140000.0 0.03 -99.0 -99.0 -99.0 -99.0 26288 00000 -1.0
goodsn 21735 1 1 1 0.5673 -1.0 -1.0 -1.0 -1.0 0.64952 0.27657 0.37294 2537400000.0 1555200000.0 0.0 0.5673 1.0 14.71 11.08 321990000.0 1036800000.0 1.13 12.51 13.13 30.67 32.27 21735 goodsn-35-G141_21735 0.62012
goodsn 4663 2 1 1 0.6299 0.62 0.6252 0.6352 0.6402 0.21059 -99.0 0.21059 -99.0 878200000.0 2.0 0.6299 2.0 -5.503 13.59 142970000.0 585470000.0 1.7 2.0 5.12 8.45 21.76 4663 goodsn-21-G141_04663 0.62987
goodsn 4416 3 1 0 0.6282 0.604 0.609 0.649 0.659 0.50226 0.44434 0.057914 4076500000.0 241510000.0 0.0 0.6282 3.0 19.04 9.033 74509000.0 161010000.0 0.35 -99.0 -99.0 -99.0 -99.0 4416 00000 -1.0
goodsn 30358 2 1 1 0.9601 0.9488 0.9543 0.9646 0.9704 1.1654 0.77933 0.38604 7149800000.0 1609800000.0 0.0 0.9601 2.0 14.15 5.966 107560000.0 1073200000.0 3.04 -0.34 0.7 -3.18 6.52 30358 goodsn-27-G141_30358 0.96011
goodsn 1217 3 1 0 0.7573 0.693 0.717 0.8 0.826 2.8118 2.538 0.27383 23284000000.0 1141900000.0 0.0 0.7573 3.0 74.36 49.48 166100000.0 761270000.0 1.99 3.97 2.22 18.44 10.41 1217 goodsn-42-G141_01217 0.74805
goodsn 17845 2 1 1 0.8239 0.8151 0.8196 0.8287 0.8339 1.158 0.95748 0.20047 8784200000.0 836000000.0 0.0 0.8239 2.0 24.33 6.293 170000000.0 557340000.0 1.09 0.1 0.86 1.1 9.23 17845 goodsn-12-G141_17845 0.82394
goodsn 22363 1 1 1 0.5806 -1.0 -1.0 -1.0 -1.0 0.38476 0.32952 0.055244 3023100000.0 230380000.0 0.0 0.5806 1.0 16.56 13.48 163150000.0 153580000.0 -1.41 -0.73 0.62 -6.45 5.46 22363 goodsn-24-G141_22363 1.00772
goodsn 5685 1 1 1 0.6374 -1.0 -1.0 -1.0 -1.0 0.17072 -99.0 0.17072 -99.0 711930000.0 2.0 0.6374 1.0 -0.2628 12.42 121500000.0 474620000.0 1.63 1.06 3.34 6.07 19.14 5685 goodsn-21-G141_05685 0.62905
goodsn 13977 1 1 1 0.6806 -1.0 -1.0 -1.0 -1.0 0.84082 0.37173 0.46909 3410400000.0 1956200000.0 0.0 0.6806 1.0 13.73 8.653 713950000.0 1304100000.0 -0.29 1.57 2.1 3.38 4.5 13977 goodsn-34-G141_13977 0.67951
goodsn 939 1 1 1 0.595 -1.0 -1.0 -1.0 -1.0 8.3204 6.865 1.4554 62982000000.0 6069200000.0 0.0 0.595 1.0 326.2 17.36 5781400000.0 4046100000.0 -1.82 -99.0 -99.0 -99.0 -99.0 939 goodsn-41-G141_00939 0.59281
goodsn 10025 2 1 1 0.8404 0.8342 0.8371 0.8428 0.8454 4.6203 2.6292 1.9912 24121000000.0 8303400000.0 0.0 0.8404 2.0 65.37 15.19 1918100000.0 5535600000.0 0.83 -1.54 1.12 -2.79 2.02 10025 goodsn-11-G141_10025 0.84043
goodsn 5595 2 1 1 0.9621 0.9533 0.9566 0.9647 0.9699 3.0699 2.7446 0.32523 25180000000.0 1356200000.0 0.0 0.9621 2.0 49.48 9.905 348270000.0 904160000.0 0.14 4.48 0.85 45.43 8.73 5595 goodsn-43-G141_05595 0.96207
goodsn 546 3 1 0 0.9792 0.912 0.943 1.016 1.043 1.4154 -99.0 1.4154 -99.0 5902600000.0 2.0 0.9792 3.0 -17.09 17.1 564440000.0 3935100000.0 2.54 -99.0 -99.0 -99.0 -99.0 546 00000 -1.0
goodsn 37340 2 1 1 0.9358 0.925 0.9302 0.9396 0.9443 3.2439 2.3878 0.85613 21906000000.0 3570200000.0 0.0 0.9358 2.0 47.2 12.25 318330000.0 2380100000.0 2.65 0.83 1.14 3.26 4.48 37340 goodsn-18-G141_37340 0.93576
goodsn 22184 1 1 1 0.642 -1.0 -1.0 -1.0 -1.0 6.5123 5.187 1.3253 47587000000.0 5526600000.0 0.0 0.642 1.0 213.8 7.132 3984100000.0 3684400000.0 -1.45 53.24 20.27 45.31 17.21 22184 goodsn-14-G141_22184 0.63722
goodsn 26239 1 1 1 0.8509 -1.0 -1.0 -1.0 -1.0 2.6398 1.3509 1.2889 12394000000.0 5374800000.0 0.0 0.8509 1.0 33.15 8.451 1335200000.0 3583200000.0 0.39 0.75 2.07 1.13 3.13 26239 goodsn-15-G141_26239 0.84227
goodsn 21618 1 1 1 0.7938 -1.0 -1.0 -1.0 -1.0 2.3114 1.4714 0.84006 13499000000.0 3503200000.0 0.0 0.7938 1.0 39.36 7.853 825640000.0 2335400000.0 0.54 -4.45 0.89 -6.17 1.23 21618 goodsn-114-G141_21618 0.94158
goodsn 37813 2 1 1 0.9445 0.9383 0.9411 0.9474 0.9505 5.3029 4.5994 0.70348 42196000000.0 2933600000.0 0.0 0.9445 2.0 88.28 9.347 1348900000.0 1955800000.0 -0.41 5.19 1.59 15.15 4.62 37813 goodsn-18-G141_37813 0.94449
goodsn 1562 2 1 1 0.8276 0.8214 0.8242 0.8309 0.8341 0.544 -99.0 0.544 -99.0 2268600000.0 2.0 0.8276 2.0 -8.101 15.76 1182200000.0 1512400000.0 -0.4 5.31 1.21 188.83 46.56 1562 goodsn-42-G141_01562 0.82759
goodsn 34892 3 1 0 0.9106 0.784 0.828 0.992 1.034 0.91635 0.47435 0.442 4351800000.0 1843200000.0 0.0 0.9106 3.0 10.17 8.332 1904700000.0 1228800000.0 -1.64 5.01 0.53 465.98 63.51 34892 goodsn-27-G141_34892 1.01275
goodsn 13561 1 1 1 0.5598 -1.0 -1.0 -1.0 -1.0 0.94971 0.38879 0.56091 3566900000.0 2339100000.0 0.0 0.5598 1.0 21.38 8.501 1159200000.0 1559400000.0 -0.28 -99.0 -99.0 -99.0 -99.0 13561 goodsn-34-G141_13561 0.49556
goodsn 14524 2 1 1 0.8058 0.8016 0.8033 0.8072 0.8092 0.38843 -99.0 0.38843 -99.0 1619800000.0 2.0 0.8058 2.0 -13.74 7.056 1752700000.0 1079900000.0 -1.77 3.26 0.61 262.06 55.22 14524 goodsn-22-G141_14524 0.80579
goodsn 27482 1 1 1 0.5572 -1.0 -1.0 -1.0 -1.0 1.4355 0.25648 1.179 2353100000.0 4916600000.0 1.0 0.5572 1.0 14.27 68.05 4279600000.0 3277700000.0 -1.43 -99.0 -99.0 -99.0 -99.0 27482 goodsn-26-G141_27482 0.59919
goodsn 11782 3 1 0 0.8899 0.719 0.804 0.972 1.036 0.53624 0.16594 0.3703 1522400000.0 1544200000.0 1.0 0.8899 3.0 3.768 9.376 1709500000.0 1029500000.0 -1.86 2.74 1.42 181.86 102.67 11782 goodsn-12-G141_11782 0.93093
goodsn 2384 1 1 1 0.5608 -1.0 -1.0 -1.0 -1.0 0.80595 0.17152 0.63444 1573600000.0 2645700000.0 0.0 0.5608 1.0 9.39 8.844 2948000000.0 1763800000.0 -1.87 2.82 3.24 44.82 52.07 2384 goodsn-31-G141_02384 0.66446
goodsn 28908 3 1 0 0.6472 0.578 0.605 0.693 0.728 1.5465 0.87288 0.67362 8008100000.0 2809100000.0 0.0 0.6472 3.0 35.46 15.5 2335900000.0 1872700000.0 -1.36 -99.0 -99.0 -99.0 -99.0 28908 00000 -1.0
goodsn 12433 2 1 1 0.5008 0.4802 0.4933 0.5488 0.5725 1.9136 0.75067 1.1629 6886900000.0 4849500000.0 0.0 0.5008 2.0 54.93 10.45 5449500000.0 3233000000.0 -1.86 -99.0 -99.0 -99.0 -99.0 12433 goodsn-11-G141_12433 0.5008
goodsn 34003 1 1 1 0.7465 -1.0 -1.0 -1.0 -1.0 3.1915 2.9462 0.24532 27029000000.0 1023000000.0 0.0 0.7465 1.0 89.07 8.144 631210000.0 682020000.0 -0.85 5.25 1.47 94.24 27.86 34003 goodsn-27-G141_34003 0.74368
goodsn 13640 1 1 0 0.9607 -1.0 -1.0 -1.0 -1.0 4.3966 2.8038 1.5927 25723000000.0 6641800000.0 0.0 0.9607 1.0 50.8 7.797 4260200000.0 4427900000.0 -0.72 6.38 1.0 109.02 17.9 13640 goodsn-34-G141_13640 0.96011
goodsn 22702 1 1 1 0.6826 -1.0 -1.0 -1.0 -1.0 2.3186 1.8381 0.48055 16863000000.0 2004000000.0 0.0 0.6826 1.0 67.49 9.433 705040000.0 1336000000.0 0.52 11.03 2.97 107.83 29.96 22702 goodsn-14-G141_22702 0.68035
goodsn 6527 3 1 0 0.9152 0.776 0.845 0.98 1.032 1.6236 0.56803 1.0556 5211300000.0 4402000000.0 0.0 0.9152 3.0 12.01 11.55 3591900000.0 2934700000.0 -1.26 -99.0 -99.0 -99.0 -99.0 6527 00000 -1.0
goodsn 18500 2 1 1 0.5197 0.4774 0.492 0.535 0.5474 0.78233 0.68795 0.09438 6311400000.0 393580000.0 0.0 0.5197 2.0 45.64 7.978 26667000.0 262390000.0 2.91 -99.0 -99.0 -99.0 -99.0 18500 goodsn-46-G141_18500 0.51968
goodsn 30588 2 1 1 0.5566 0.5484 0.5523 0.5599 0.5635 9.0026 7.5766 1.426 69510000000.0 5946400000.0 0.0 0.5566 2.0 422.7 16.28 5432500000.0 3964300000.0 -1.68 -99.0 -99.0 -99.0 -99.0 30588 goodsn-15-G141_30588 0.55659
goodsn 6664 1 1 1 0.642 -1.0 -1.0 -1.0 -1.0 8.662 6.6403 2.0218 60920000000.0 8431000000.0 0.0 0.642 1.0 273.7 12.45 7911800000.0 5620700000.0 -1.73 34.09 36.0 98.11 104.36 6664 goodsn-21-G141_06664 0.61769
goodsn 20006 2 1 1 0.8478 0.8418 0.8454 0.8504 0.8531 6.2127 5.9713 0.24142 54783000000.0 1006800000.0 0.0 0.8478 2.0 147.1 6.276 378380000.0 671170000.0 -0.16 5.37 1.04 82.82 16.68 20006 goodsn-24-G141_20006 0.84781
goodsn 20466 2 1 1 0.7807 0.7751 0.7776 0.7824 0.7848 9.3362 5.8109 3.5254 53311000000.0 14701000000.0 0.0 0.7807 2.0 160.0 7.826 8626600000.0 9800800000.0 -0.62 0.06 1.71 0.07 2.13 20466 goodsn-13-G141_20466 0.78069
goodsn 19725 2 1 1 0.7789 0.7747 0.7763 0.7795 0.7806 30.274 27.443 2.8309 251770000000.0 11805000000.0 0.0 0.7789 2.0 759.2 10.96 6208300000.0 7870300000.0 -0.47 30.78 1.36 60.42 2.73 19725 goodsn-13-G141_19725 0.77891
goodsn 33235 3 1 0 0.5719 0.51 0.538 0.605 0.62 7.7066 6.2868 1.4199 57677000000.0 5921000000.0 0.0 0.5719 3.0 327.6 10.85 1726600000.0 3947300000.0 0.18 -99.0 -99.0 -99.0 -99.0 33235 00000 -1.0
goodsn 28149 1 1 1 0.9426 -1.0 -1.0 -1.0 -1.0 3.8413 2.2288 1.6125 20448000000.0 6724200000.0 0.0 0.9426 1.0 43.07 10.07 1574800000.0 4482800000.0 0.52 0.2 0.76 0.79 2.99 28149 goodsn-15-G141_28149 0.93479
goodsn 19257 1 1 1 0.511 -1.0 -1.0 -1.0 -1.0 4.7064 3.5645 1.142 32701000000.0 4762200000.0 0.0 0.511 1.0 247.0 14.68 4184500000.0 3174800000.0 -1.6 -99.0 -99.0 -99.0 -99.0 19257 goodsn-35-G141_19257 0.51059
goodsn 6949 1 1 1 0.97 -1.0 -1.0 -1.0 -1.0 18.84 16.1 2.7401 147710000000.0 11427000000.0 0.0 0.97 1.0 282.2 12.46 6779300000.0 7617700000.0 -0.71 10.76 1.96 45.33 8.38 6949 goodsn-32-G141_06949 0.98973
goodsn 6436 1 1 1 0.935 -1.0 -1.0 -1.0 -1.0 19.598 17.645 1.9537 161880000000.0 8147100000.0 0.0 0.935 1.0 349.7 8.167 3461600000.0 5431400000.0 -0.36 20.61 1.48 81.24 5.97 6436 goodsn-32-G141_06436 0.93576
goodsn 19680 3 1 0 0.9629 0.92 0.939 0.99 1.004 35.068 30.245 4.8232 277480000000.0 20114000000.0 0.0 0.9629 3.0 543.7 9.687 8554200000.0 13409000000.0 -0.31 -99.0 -99.0 -99.0 -99.0 19680 00000 -1.0
goodsn 18879 3 1 0 0.9511 0.905 0.924 0.978 0.995 26.507 23.554 2.952 216100000000.0 12310000000.0 0.0 0.9511 3.0 441.6 11.15 7546000000.0 8206900000.0 -0.66 -99.0 -99.0 -99.0 -99.0 18879 00000 -1.0
goodsn 11826 1 1 1 0.846 -1.0 -1.0 -1.0 -1.0 12.634 12.228 0.40659 112180000000.0 1695500000.0 0.0 0.846 1.0 301.9 9.347 1352700000.0 1130300000.0 -1.36 9.78 2.02 52.35 10.94 11826 goodsn-12-G141_11826 0.83951
goodsn 35090 2 1 1 0.8974 0.8984 0.8984 0.8989 0.9 21.45 19.439 2.0113 178340000000.0 8387400000.0 0.0 0.8974 2.0 432.3 15.66 4930300000.0 5591600000.0 -0.49 0.04 1.77 0.07 3.27 35090 goodsn-16-G141_35090 0.89743
goodsn 1996 1 1 1 0.9537 -1.0 -1.0 -1.0 -1.0 93.962 83.821 10.141 769000000000.0 42289000000.0 0.0 0.9537 1.0 1557.0 11.43 21881000000.0 28192000000.0 -0.44 117.72 3.89 146.62 5.08 1996 goodsn-31-G141_01996 0.99871
goodsn 34358 3 1 0 0.8316 0.773 0.793 0.856 0.999 29.144 28.092 1.0527 257720000000.0 4390000000.0 0.0 0.8316 3.0 706.3 13.03 3589600000.0 2926600000.0 -1.48 -99.0 -99.0 -99.0 -99.0 34358 00000 -1.0
goodsn 1843 2 1 1 0.7117 0.7059 0.7086 0.7143 0.7173 17.053 13.094 3.9593 120130000000.0 16511000000.0 0.0 0.7117 2.0 439.2 12.76 9958900000.0 11007000000.0 -1.23 -99.0 -99.0 -99.0 -99.0 1843 goodsn-42-G141_01843 0.71172
goodsn 576 2 1 1 0.9533 0.9194 0.9387 0.9567 0.961 29.406 28.535 0.87139 261790000000.0 3633800000.0 0.0 0.9533 2.0 530.8 25.78 1784100000.0 2422500000.0 -0.41 4.87 1.8 14.8 5.5 576 goodsn-41-G141_00576 0.95326
goodsn 17952 1 1 1 0.8405 -1.0 -1.0 -1.0 -1.0 35.787 31.577 4.2106 289690000000.0 17559000000.0 0.0 0.8405 1.0 785.0 9.495 9511800000.0 11706000000.0 -0.53 22.05 3.61 29.37 4.84 17952 goodsn-46-G141_17952 0.834
goodsn 11932 1 1 1 0.848 -1.0 -1.0 -1.0 -1.0 45.129 40.847 4.2814 374750000000.0 17854000000.0 0.0 0.848 1.0 1006.0 5.81 7075600000.0 11903000000.0 -0.06 13.3 5.47 13.98 5.77 11932 goodsn-23-G141_11932 0.81939
goodsn 30147 2 1 1 0.9251 0.7433 0.8493 0.9332 0.9414 1.7509 1.3107 0.4402 12024000000.0 1835700000.0 0.0 0.9251 2.0 26.83 8.851 1539700000.0 1223800000.0 -1.3 2.49 0.82 212.95 78.25 30147 goodsn-15-G141_30147 0.92514
goodsn 8092 1 1 1 0.8568 -1.0 -1.0 -1.0 -1.0 3.6236 1.6134 2.0102 14802000000.0 8382800000.0 0.0 0.8568 1.0 39.3 14.44 7811900000.0 5588500000.0 -1.57 8.13 1.61 178.25 38.59 8092 goodsn-44-G141_08092 0.84966
goodsn 877 1 1 1 0.9146 -1.0 -1.0 -1.0 -1.0 4.0057 1.0857 2.92 9960500000.0 12177000000.0 0.0 0.9146 1.0 23.0 11.34 12752000000.0 8117900000.0 -1.74 20.46 1.05 480.65 32.26 877 goodsn-41-G141_00877 0.91076
goodsn 19501 1 1 1 0.7477 -1.0 -1.0 -1.0 -1.0 2.1246 1.1169 1.0077 10247000000.0 4202200000.0 0.0 0.7477 1.0 33.65 8.339 4297400000.0 2801500000.0 -1.72 7.99 1.31 265.77 52.73 19501 goodsn-13-G141_19501 0.73846
goodsn 22074 2 1 1 0.9416 0.9031 0.9359 0.9452 0.9701 2.1186 1.1133 1.0053 10214000000.0 4192300000.0 0.0 0.9416 2.0 21.59 6.927 3904300000.0 2794800000.0 -1.55 5.22 1.0 236.9 50.09 22074 goodsn-36-G141_22074 0.94158
goodsn 11508 2 1 1 0.9621 0.8048 0.8409 0.9584 0.9789 1.7686 1.1726 0.59593 10758000000.0 2485100000.0 0.0 0.9621 2.0 21.14 6.389 2277700000.0 1656800000.0 -1.61 3.29 1.15 204.37 78.01 11508 goodsn-45-G141_11508 0.96207
goodsn 21686 3 1 0 0.7758 0.709 0.736 0.815 0.841 2.3687 0.99065 1.378 9088500000.0 5746600000.0 1.0 0.7758 3.0 27.63 108.0 6166500000.0 3831000000.0 -1.77 -99.0 -99.0 -99.0 -99.0 21686 00000 -1.0
goodsn 202 2 1 1 0.8094 0.7984 0.8025 0.8124 0.8175 1.0877 0.27567 0.81205 2529100000.0 3386400000.0 1.0 0.8094 2.0 7.146 8.537 3797200000.0 2257600000.0 -1.8 7.71 1.35 461.9 107.6 202 goodsn-41-G141_00202 0.80941
goodsn 6353 3 1 0 0.9787 0.925 0.949 1.01 1.029 15.879 11.318 4.5614 103830000000.0 19022000000.0 0.0 0.9787 3.0 192.1 11.08 15816000000.0 12681000000.0 -1.49 -99.0 -99.0 -99.0 -99.0 6353 00000 -1.0
goodsn 12580 2 1 1 0.964 0.9605 0.9623 0.9656 0.967 10.807 9.5609 1.2459 87714000000.0 5195600000.0 0.0 0.964 2.0 171.2 10.64 4080600000.0 3463800000.0 -1.38 16.15 1.38 264.16 24.91 12580 goodsn-45-G141_12580 0.96403
goodsn 22291 2 1 1 0.845 0.8399 0.8424 0.848 0.8508 5.7113 3.6273 2.084 33278000000.0 8690600000.0 0.0 0.845 2.0 89.67 10.14 7803000000.0 5793800000.0 -1.5 18.99 1.7 227.68 22.3 22291 goodsn-13-G141_22291 0.84504
goodsn 31973 1 1 1 0.9431 -1.0 -1.0 -1.0 -1.0 3.6716 1.7019 1.9697 15614000000.0 8213800000.0 0.0 0.9431 1.0 32.83 9.142 6346300000.0 5475900000.0 -1.18 5.54 1.52 103.93 29.43 31973 goodsn-16-G141_31973 0.94158
goodsn 16623 2 1 1 0.9319 0.9287 0.93 0.9325 0.9337 3.8884 0.61636 3.272 5654700000.0 13645000000.0 0.0 0.9319 2.0 12.34 6.914 15495000000.0 9096500000.0 -1.88 20.49 1.14 368.14 24.31 16623 goodsn-46-G141_16623 0.93189
goodsn 37812 2 1 1 0.7736 0.7667 0.7704 0.7771 0.7803 3.532 1.8911 1.6409 17350000000.0 6842600000.0 0.0 0.7736 2.0 53.05 9.195 5134200000.0 4561700000.0 -1.33 17.27 1.92 206.25 25.85 37812 goodsn-18-G141_37812 0.77358
goodsn 23082 1 1 1 0.8398 -1.0 -1.0 -1.0 -1.0 10.249 4.3606 5.8881 40005000000.0 24554000000.0 0.0 0.8398 1.0 108.5 9.657 25567000000.0 16369000000.0 -1.71 43.75 1.11 361.68 11.09 23082 goodsn-35-G141_23082 0.83951
goodsn 24582 1 1 1 0.9363 -1.0 -1.0 -1.0 -1.0 39.89 35.47 4.4202 325410000000.0 18433000000.0 0.0 0.9363 1.0 700.0 8.382 11738000000.0 12289000000.0 -0.72 64.83 1.08 383.59 7.57 24582 goodsn-36-G141_24582 0.93576
goodsn 32616 3 1 0 0.9535 0.901 0.922 0.986 1.004 15.715 12.691 3.0248 116430000000.0 12614000000.0 0.0 0.9535 3.0 235.9 8.947 9127800000.0 8409300000.0 -1.25 -99.0 -99.0 -99.0 -99.0 32616 00000 -1.0
goodsn 16737 2 1 1 0.8889 0.8841 0.8862 0.8902 0.8923 12.456 10.114 2.3419 92792000000.0 9766200000.0 0.0 0.8889 2.0 230.3 12.17 7036100000.0 6510800000.0 -1.21 21.0 1.44 170.9 12.24 16737 goodsn-46-G141_16737 0.88891
goodsn 4484 1 1 1 0.874 -1.0 -1.0 -1.0 -1.0 23.212 22.474 0.7379 206180000000.0 3077100000.0 0.0 0.874 1.0 529.1 12.44 1137900000.0 2051400000.0 -0.08 11.19 2.31 65.18 13.58 4484 goodsn-32-G141_04484 0.86638
goodsn 34461 3 1 0 0.95 0.889 0.914 0.986 1.009 14.046 12.209 1.8364 112010000000.0 7658100000.0 0.0 0.95 3.0 229.8 10.97 4434900000.0 5105400000.0 -0.66 -2.91 1.34 -20.11 9.17 34461 goodsn-16-G141_34461 0.82942
goodsn 32708 3 1 0 0.9062 0.83 0.856 0.955 0.991 19.503 17.085 2.418 156740000000.0 10083000000.0 0.0 0.9062 3.0 370.8 12.93 5754900000.0 6722200000.0 -0.53 -99.0 -99.0 -99.0 -99.0 32708 00000 -1.0
goodsn 27845 2 1 1 0.8608 0.8504 0.8585 0.9093 0.9402 19.065 18.576 0.48904 170430000000.0 2039400000.0 0.0 0.8608 2.0 449.5 11.5 567590000.0 1359600000.0 0.89 7.67 2.43 63.86 20.79 27845 goodsn-15-G141_27845 0.86079
goodsn 15137 2 1 1 0.9455 0.942 0.9434 0.9463 0.9479 29.774 28.909 0.86512 265220000000.0 3607700000.0 0.0 0.9455 2.0 552.9 10.78 1562600000.0 2405100000.0 -0.36 24.38 1.32 156.11 9.12 15137 goodsn-46-G141_15137 0.94546
goodsn 4183 1 1 0 0.5286 -1.0 -1.0 -1.0 -1.0 20.027 18.574 1.4533 170410000000.0 6060300000.0 0.0 0.5286 1.0 1180.0 8.778 3142600000.0 4040200000.0 -0.53 -99.0 -99.0 -99.0 -99.0 4183 goodsn-42-G141_04183 0.5273
goodsn 26891 3 1 0 0.9938 0.939 0.961 1.028 1.054 25.065 24.19 0.87441 221930000000.0 3646400000.0 0.0 0.9938 3.0 388.3 10.58 1694000000.0 2430900000.0 -0.4 -99.0 -99.0 -99.0 -99.0 26891 00000 -1.0
goodsn 11428 2 1 1 0.9768 0.9713 0.974 0.9837 0.9893 34.372 30.65 3.7223 281190000000.0 15523000000.0 0.0 0.9768 2.0 523.9 11.24 8914200000.0 10348000000.0 -0.6 -99.0 -99.0 -99.0 -99.0 11428 goodsn-11-G141_11428 0.97684
goodsn 504 3 1 0 0.9971 0.958 0.968 1.026 1.045 39.469 38.077 1.3918 349330000000.0 5804000000.0 0.0 0.9971 3.0 603.8 16.86 1674200000.0 3869300000.0 0.49 -99.0 -99.0 -99.0 -99.0 504 00000 -1.0
goodsn 26261 3 1 0 0.8952 0.816 0.832 0.988 1.013 71.172 68.96 2.2126 632660000000.0 9226700000.0 0.0 0.8952 3.0 1543.0 7.103 4958900000.0 6151100000.0 -0.44 -99.0 -99.0 -99.0 -99.0 26261 00000 -1.0
goodsn 13486 3 1 0 0.9758 0.923 0.947 1.006 1.016 72.352 69.887 2.4654 641160000000.0 10281000000.0 0.0 0.9758 3.0 1199.0 17.5 6699000000.0 6854000000.0 -1.08 -99.0 -99.0 -99.0 -99.0 13486 00000 -1.0
goodsn 25387 1 1 1 0.9358 -1.0 -1.0 -1.0 -1.0 61.563 57.165 4.3984 524450000000.0 18342000000.0 0.0 0.9358 1.0 1130.0 8.464 6241800000.0 12228000000.0 0.25 40.76 2.7 89.23 6.04 25387 goodsn-26-G141_25387 0.9377
goodsn 20513 1 1 1 0.94 -1.0 -1.0 -1.0 -1.0 44.115 42.189 1.9258 387050000000.0 8031000000.0 0.0 0.94 1.0 822.6 7.027 2669300000.0 5354000000.0 0.23 27.23 1.4 97.57 5.25 20513 goodsn-46-G141_20513 0.94158
goodsn 12236 2 1 1 0.963 0.9582 0.9597 0.9638 0.9658 80.237 77.99 2.2466 715510000000.0 9368500000.0 0.0 0.9631 2.0 1401.0 13.57 4003900000.0 6245700000.0 -0.27 44.22 2.25 146.55 7.83 12236 goodsn-45-G141_12236 0.96305
goodsn 37615 2 1 1 0.9503 0.9477 0.949 0.9516 0.953 51.428 49.714 1.714 456090000000.0 7147700000.0 0.0 0.9503 2.0 934.7 14.97 6314000000.0 4765100000.0 -1.46 43.79 1.75 262.73 11.68 37615 goodsn-18-G141_37615 0.95033
goodsn 6666 1 1 1 0.679 -1.0 -1.0 -1.0 -1.0 154.62 152.92 1.6932 1403000000000.0 7060700000.0 0.0 0.679 1.0 5675.0 26.72 2519200000.0 4707100000.0 0.21 125.92 4.17 217.17 7.46 6666 goodsn-21-G141_06666 0.67951
goodsn 12133 1 1 1 0.882 -1.0 -1.0 -1.0 -1.0 10.103 7.9638 2.1396 73062000000.0 8922500000.0 0.0 0.882 1.0 184.4 8.567 4863200000.0 5948300000.0 -0.34 -99.0 -99.0 -99.0 -99.0 12133 goodsn-33-G141_12133 1.85194
goodsn 1926 2 1 1 0.5106 0.5086 0.5094 0.511 0.5118 6.8079 5.4555 1.3524 50051000000.0 5639800000.0 0.0 0.5106 2.0 378.8 14.78 5896500000.0 3759900000.0 -1.71 -99.0 -99.0 -99.0 -99.0 1926 goodsn-31-G141_01926 0.51059
goodsn 2239 1 1 1 0.934 -1.0 -1.0 -1.0 -1.0 109.57 96.309 13.264 883570000000.0 55311000000.0 0.0 0.934 1.0 1915.0 48.29 42984000000.0 36874000000.0 -1.09 4.07 0.93 10.72 2.49 2239 goodsn-31-G141_02239 1.15869
goodsn 29756 1 1 1 1.22 -1.0 -1.0 -1.0 -1.0 0.54637 -99.0 0.54637 -99.0 2278400000.0 2.0 1.22 1.0 -3.91 8.279 288760000.0 1519000000.0 2.06 -0.72 0.53 -6.09 4.52 29756 goodsn-15-G141_29756 1.03603
goodsn 11245 3 1 0 1.0521 0.83 0.963 1.149 1.217 0.10618 -99.0 0.10618 -99.0 442780000.0 2.0 1.052 3.0 -0.4713 10.05 95875000.0 295190000.0 0.48 1.3 0.96 169.33 137.02 11245 goodsn-33-G141_11245 0.87667
goodsn 22455 3 1 0 1.4834 1.228 1.403 1.572 1.675 0.036914 -99.0 0.036914 -99.0 153940000.0 2.0 1.483 3.0 -5.605 10.48 148840000.0 102620000.0 -1.78 -99.0 -99.0 -99.0 -99.0 22455 goodsn-13-G141_22455 1.83772
goodsn 22571 3 1 0 1.0024 0.83 0.916 1.088 1.15 0.12748 -99.0 0.12748 -99.0 531600000.0 2.0 1.002 3.0 -14.8 6.518 244400000.0 354400000.0 -0.31 3.64 0.8 681.84 205.48 22571 goodsn-36-G141_22571 1.15761
goodsn 25509 3 1 0 1.0502 0.917 0.984 1.114 1.147 0.15027 0.052811 0.097462 484500000.0 406430000.0 1.0 1.05 3.0 0.6865 13.66 320010000.0 270950000.0 -1.46 -99.0 -99.0 -99.0 -99.0 25509 00000 -1.0
goodsn 35886 2 1 1 1.4339 1.3588 1.4027 1.4913 1.5226 0.2209 -99.0 0.2209 -99.0 921180000.0 2.0 1.434 2.0 -3.099 11.35 240110000.0 614120000.0 0.24 1.16 0.55 83.78 41.41 35886 goodsn-28-G141_35886 1.43391
goodsn 4760 2 1 1 1.4856 1.4636 1.4739 1.578 1.7351 0.57949 0.013873 0.56562 127270000.0 2358700000.0 1.0 1.486 2.0 0.04981 11.28 1199600000.0 1572500000.0 -0.41 -2.12 0.9 -144.58 55.27 4760 goodsn-21-G141_04760 1.48557
goodsn 14655 3 1 0 1.1905 1.001 1.096 1.289 1.341 0.25303 -99.0 0.25303 -99.0 1055200000.0 2.0 1.191 3.0 -5.397 14.55 354330000.0 703440000.0 0.54 1.45 0.68 129.19 62.89 14655 goodsn-46-G141_14655 1.24117
goodsn 9297 2 1 1 1.036 0.8279 0.9524 1.0503 1.1011 0.27073 0.14051 0.13022 1289100000.0 543060000.0 1.0 1.036 2.0 1.925 11.7 61720000.0 362040000.0 2.05 2.38 0.99 271.62 125.53 9297 goodsn-33-G141_09297 1.03603
goodsn 24885 3 1 0 1.1697 1.033 1.084 1.262 1.304 0.24635 -99.0 0.24635 -99.0 1027300000.0 2.0 1.17 3.0 -10.18 11.85 413900000.0 684860000.0 -0.37 -99.0 -99.0 -99.0 -99.0 24885 00000 -1.0
goodsn 1017 2 1 1 1.1372 1.0633 1.0772 1.1577 1.2086 0.25456 -99.0 0.25456 -99.0 1061500000.0 2.0 1.137 2.0 -1.71 12.57 62615000.0 707700000.0 2.98 1.39 0.52 51.27 19.45 1017 goodsn-41-G141_01017 1.13721
goodsn 18603 2 1 1 1.2524 1.0706 1.1695 1.2908 1.3304 1.984 1.5957 0.38827 14640000000.0 1619100000.0 0.0 1.252 2.0 10.14 8.111 527250000.0 1079400000.0 0.13 -1.59 1.37 -25073050.02 4.003652232585948e+60 18603 goodsn-35-G141_18603 1.25241
goodsn 27185 1 1 1 1.0173 -1.0 -1.0 -1.0 -1.0 4.7631 3.7134 1.0497 34068000000.0 4377300000.0 0.0 1.017 1.0 54.57 10.74 736860000.0 2918200000.0 1.63 1.97 0.88 6.93 3.11 27185 goodsn-26-G141_27185 1.01375
goodsn 17070 1 1 1 1.242 -1.0 -1.0 -1.0 -1.0 2.992 1.3735 1.6185 12601000000.0 6749500000.0 1.0 1.242 1.0 9.069 9.995 619110000.0 4499700000.0 2.58 0.02 0.64 0.1 3.25 17070 goodsn-35-G141_17070 1.23446
goodsn 16002 2 1 1 1.1913 1.077 1.1745 1.2398 1.2561 1.6751 1.3759 0.29924 12623000000.0 1247900000.0 0.0 1.191 2.0 11.04 8.752 114960000.0 831910000.0 2.63 -0.01 0.63 -0.16 13.26 16002 goodsn-46-G141_16002 1.19131
goodsn 14713 1 1 1 1.231 -1.0 -1.0 -1.0 -1.0 2.0539 1.0372 1.0167 9515600000.0 4239700000.0 1.0 1.231 1.0 7.149 7.155 2089200000.0 2826400000.0 -0.45 3.77 0.67 45.69 8.35 14713 goodsn-34-G141_14713 1.29561
goodsn 22027 2 1 1 1.1404 1.1179 1.1297 1.1448 1.1507 0.61581 -99.0 0.61581 -99.0 2568000000.0 2.0 1.14 2.0 -8.55 9.707 470130000.0 1712000000.0 0.83 -0.34 0.55 -2.96 4.8 22027 goodsn-13-G141_22027 1.14042
goodsn 8560 3 1 0 1.1149 1.039 1.069 1.161 1.203 2.2057 1.39 0.81573 12752000000.0 3401700000.0 1.0 1.115 3.0 14.4 16.07 525990000.0 2267800000.0 1.64 -99.0 -99.0 -99.0 -99.0 8560 00000 -1.0
goodsn 9056 1 1 1 1.1402 -1.0 -1.0 -1.0 -1.0 5.7538 2.2377 3.5161 20529000000.0 14663000000.0 0.0 1.14 1.0 21.41 10.98 1908400000.0 9775100000.0 1.95 -1.86 0.94 -3.93 1.99 9056 goodsn-22-G141_09056 1.13614
goodsn 18633 2 1 1 1.4608 1.4539 1.4574 1.464 1.6337 7.4161 6.6229 0.79311 60761000000.0 3307400000.0 0.0 1.461 2.0 24.32 13.63 1636900000.0 2204900000.0 -0.47 7.2 1.23 114.06 22.16 18633 goodsn-36-G141_18633 1.46083
goodsn 3133 1 1 1 1.0123 -1.0 -1.0 -1.0 -1.0 2.2909 1.1971 1.0938 10983000000.0 4561100000.0 0.0 1.012 1.0 17.93 12.74 956550000.0 3040800000.0 1.13 5.08 1.06 12.71 2.66 3133 goodsn-31-G141_03133 1.01073
goodsn 9623 1 1 1 1.0128 -1.0 -1.0 -1.0 -1.0 4.4396 1.8854 2.5542 17297000000.0 10651000000.0 0.0 1.013 1.0 28.13 9.396 855020000.0 7100800000.0 2.91 11.94 1.74 13.55 1.98 9623 goodsn-33-G141_09623 1.00872
goodsn 12545 3 1 0 1.2991 1.215 1.249 1.352 1.399 1.3143 -99.0 1.3143 -99.0 5480900000.0 2.0 1.299 3.0 -2.345 9.753 5897500000.0 3653900000.0 -1.75 1.65 0.58 241.16 95.61 12545 goodsn-34-G141_12545 1.3502
goodsn 26835 3 1 0 1.214 1.06 1.122 1.294 1.35 0.78317 -99.0 0.78317 -99.0 3265900000.0 2.0 1.214 3.0 -1.413 9.998 3562600000.0 2177300000.0 -1.8 -99.0 -99.0 -99.0 -99.0 26835 00000 -1.0
goodsn 23263 3 1 0 1.161 0.996 1.066 1.265 1.327 0.98719 0.67415 0.31305 6184800000.0 1305500000.0 1.0 1.161 3.0 6.019 7.463 1337400000.0 870300000.0 -1.76 -99.0 -99.0 -99.0 -99.0 23263 goodsn-24-G141_23263 1.2034
goodsn 24017 3 1 0 1.0132 0.863 0.936 1.075 1.107 0.65294 -99.0 0.65294 -99.0 2722800000.0 2.0 1.013 3.0 -8.709 8.854 2302900000.0 1815200000.0 -1.28 0.0 0.0 0.0 0.43 24017 goodsn-36-G141_24017 1.09384
goodsn 31297 2 1 1 1.0218 1.0156 1.019 1.0259 1.0303 1.9285 0.52341 1.4051 4801900000.0 5859500000.0 0.0 1.022 2.0 7.552 6.709 5546900000.0 3906300000.0 -1.57 5.28 1.23 191.68 46.73 31297 goodsn-26-G141_31297 1.02182
goodsn 17926 3 1 0 1.2958 1.1 1.222 1.374 1.456 1.1398 -99.0 1.1398 -99.0 4753200000.0 2.0 1.296 3.0 -2.783 6.683 5393600000.0 3168800000.0 -1.89 -99.0 -99.0 -99.0 -99.0 17926 goodsn-23-G141_17926 1.28988
goodsn 15726 3 1 0 1.0228 0.849 0.933 1.108 1.18 0.83133 0.41174 0.41959 3777400000.0 1749800000.0 1.0 1.023 3.0 5.919 10.65 1489600000.0 1166500000.0 -1.32 3.16 1.4 735.7 512.13 15726 goodsn-23-G141_15726 0.94546
goodsn 37288 1 1 1 1.2254 -1.0 -1.0 -1.0 -1.0 4.2487 1.9627 2.286 18006000000.0 9533000000.0 0.0 1.225 1.0 13.85 10.0 9753600000.0 6355300000.0 -1.69 8.4 1.26 302.3 50.27 37288 goodsn-18-G141_37288 1.21666
goodsn 11768 2 1 1 1.342 1.3335 1.3376 1.3462 1.3519 4.223 3.6337 0.5893 33337000000.0 2457500000.0 0.0 1.342 2.0 16.66 10.52 1359200000.0 1638300000.0 -0.41 2.31 0.64 238.95 72.68 11768 goodsn-34-G141_11768 1.34199
goodsn 26342 3 1 0 1.2595 1.179 1.218 1.3 1.332 3.0618 0.25639 2.8054 2352200000.0 11699000000.0 1.0 1.259 3.0 1.586 14.22 10988000000.0 7799300000.0 -1.49 -99.0 -99.0 -99.0 -99.0 26342 00000 -1.0
goodsn 15091 2 1 1 1.4412 1.4364 1.4383 1.4427 1.4449 14.193 7.4486 6.7446 68336000000.0 28126000000.0 0.0 1.441 2.0 27.98 10.73 27625000000.0 18751000000.0 -1.71 13.11 1.0 257.2 22.86 15091 goodsn-46-G141_15091 1.44123
goodsn 27372 3 1 0 1.0687 1.021 1.039 1.098 1.125 13.901 13.124 0.77654 120410000000.0 3238300000.0 0.0 1.069 3.0 159.1 10.74 1208900000.0 2158800000.0 -0.03 -99.0 -99.0 -99.0 -99.0 27372 00000 -1.0
goodsn 29562 3 1 0 1.2505 1.136 1.192 1.308 1.341 14.17 13.388 0.78176 122830000000.0 3260000000.0 0.0 1.25 3.0 85.73 11.73 2920600000.0 2173400000.0 -1.59 -99.0 -99.0 -99.0 -99.0 29562 00000 -1.0
goodsn 441 3 1 0 1.3542 1.299 1.321 1.387 1.412 11.548 11.045 0.50306 101330000000.0 2097800000.0 0.0 1.354 3.0 48.92 13.27 455420000.0 1398500000.0 1.08 -99.0 -99.0 -99.0 -99.0 441 00000 -1.0
goodsn 15236 2 1 1 1.3408 1.3367 1.3383 1.3415 1.3429 10.012 5.3914 4.6203 49463000000.0 19267000000.0 0.0 1.341 2.0 24.79 10.74 14400000000.0 12845000000.0 -1.3 14.42 1.18 262.02 26.02 15236 goodsn-11-G141_15236 1.34082
goodsn 15253 2 1 1 1.2222 1.1853 1.1941 1.2222 1.2276 13.081 10.79 2.2914 98989000000.0 9555600000.0 0.0 1.222 2.0 77.04 11.87 3494000000.0 6370400000.0 0.06 2.93 0.83 17.73 5.01 15253 goodsn-46-G141_15253 1.22221
goodsn 13967 3 1 0 1.1445 1.063 1.103 1.186 1.22 19.397 17.051 2.3458 156440000000.0 9782400000.0 0.0 1.144 3.0 161.1 12.64 10357000000.0 6521600000.0 -1.81 -99.0 -99.0 -99.0 -99.0 13967 00000 -1.0
goodsn 26778 1 1 1 1.012 -1.0 -1.0 -1.0 -1.0 12.607 12.098 0.50919 110990000000.0 2123400000.0 0.0 1.012 1.0 181.2 10.41 293980000.0 1415600000.0 1.92 0.29 1.23 1.55 6.52 26778 goodsn-26-G141_26778 1.00772
goodsn 16499 1 1 1 1.031 -1.0 -1.0 -1.0 -1.0 13.004 12.364 0.64026 113430000000.0 2670000000.0 0.0 1.031 1.0 172.6 10.25 1261000000.0 1780000000.0 -0.28 15.84 0.68 176.79 7.94 16499 goodsn-13-G141_16499 1.22554
goodsn 166 2 1 1 1.0886 1.0837 1.0858 1.0903 1.0924 22.172 19.561 2.6113 179460000000.0 10890000000.0 0.0 1.089 2.0 220.9 16.93 2087400000.0 7259700000.0 1.28 11.29 1.03 37.11 3.42 166 goodsn-41-G141_00166 1.08861
goodsn 128 2 1 1 1.2133 1.2096 1.2115 1.2152 1.2173 33.894 32.496 1.3974 298130000000.0 5827500000.0 0.0 1.213 2.0 240.2 9.499 1769100000.0 3885000000.0 0.18 13.2 1.04 59.24 4.77 128 goodsn-41-G141_00128 1.21333
goodsn 23564 3 1 0 1.2713 1.19 1.214 1.332 1.359 76.984 74.631 2.3528 684690000000.0 9811700000.0 0.0 1.271 3.0 441.2 11.35 4259100000.0 6541100000.0 -0.41 -99.0 -99.0 -99.0 -99.0 23564 00000 -1.0
goodsn 25216 3 1 0 1.142 1.087 1.109 1.175 1.2 55.468 50.054 5.4135 459210000000.0 22575000000.0 0.0 1.142 3.0 475.9 10.52 7468100000.0 15050000000.0 0.19 -99.0 -99.0 -99.0 -99.0 25216 00000 -1.0
goodsn 12342 1 1 1 1.015 -1.0 -1.0 -1.0 -1.0 20.915 19.662 1.2526 180390000000.0 5223400000.0 0.0 1.015 1.0 291.1 10.27 2825700000.0 3482300000.0 -0.49 7.8 1.17 26.36 3.99 12342 goodsn-22-G141_12342 1.01174
goodsn 2868 3 1 0 1.1139 1.039 1.059 1.171 1.201 44.749 43.375 1.3733 397940000000.0 5726700000.0 0.0 1.114 3.0 450.8 12.16 1811400000.0 3817800000.0 0.29 -99.0 -99.0 -99.0 -99.0 2868 00000 -1.0
goodsn 6939 3 1 0 1.286 1.186 1.232 1.344 1.391 2.23 0.7506 1.4794 6886300000.0 6169200000.0 1.0 1.286 3.0 4.191 10.56 6650200000.0 4112800000.0 -1.78 -99.0 -99.0 -99.0 -99.0 6939 goodsn-111-G141_06939 2.12677
goodsn 18146 2 1 1 1.2991 1.296 1.2973 1.2998 1.301 6.6632 4.0429 2.6203 37091000000.0 10927000000.0 0.0 1.299 2.0 21.48 7.737 12055000000.0 7284600000.0 -1.83 7.15 0.47 476.53 40.92 18146 goodsn-46-G141_18146 1.29906
goodsn 966 3 1 0 1.3187 1.24 1.275 1.364 1.409 4.6209 3.2369 1.3841 29696000000.0 5771800000.0 0.0 1.319 3.0 16.02 14.25 6649700000.0 3847900000.0 -1.87 -99.0 -99.0 -99.0 -99.0 966 00000 -1.0
goodsn 1275 3 1 0 1.2661 1.128 1.208 1.33 1.381 1.2868 -99.0 1.2868 -99.0 5366200000.0 2.0 1.266 3.0 -4.293 10.45 5300300000.0 3577500000.0 -1.64 3.29 0.7 496.52 137.9 1275 goodsn-41-G141_01275 1.28759
goodsn 33993 3 1 0 1.1807 1.041 1.098 1.268 1.326 2.58 1.8968 0.6832 17402000000.0 2849000000.0 0.0 1.181 3.0 15.78 8.834 3223800000.0 1899400000.0 -1.89 3.81 0.71 528.1 137.1 33993 goodsn-17-G141_33993 1.26483
goodsn 14047 3 1 0 1.4902 1.395 1.437 1.549 1.609 4.7274 3.3223 1.4051 30479000000.0 5859500000.0 0.0 1.49 3.0 11.89 11.47 4657000000.0 3906400000.0 -1.27 -99.0 -99.0 -99.0 -99.0 14047 00000 -1.0
goodsn 16110 1 1 1 1.3813 -1.0 -1.0 -1.0 -1.0 14.57 9.2808 5.2897 85145000000.0 22059000000.0 0.0 1.381 1.0 38.34 8.63 21208000000.0 14706000000.0 -1.66 20.53 1.13 541.81 41.43 16110 goodsn-12-G141_16110 1.38333
goodsn 30415 1 1 1 1.1436 -1.0 -1.0 -1.0 -1.0 17.635 11.643 5.9923 106820000000.0 24989000000.0 0.0 1.144 1.0 110.0 12.57 22653000000.0 16659000000.0 -1.47 23.87 1.52 333.24 23.22 30415 goodsn-26-G141_30415 1.14256
goodsn 34753 2 1 1 1.1501 1.1439 1.1468 1.153 1.1567 16.307 13.057 3.2499 119790000000.0 13552000000.0 0.0 1.15 2.0 121.0 33.65 11348000000.0 9034900000.0 -1.32 16.68 1.29 726.59 76.51 34753 goodsn-16-G141_34753 1.15007
goodsn 18400 1 1 1 1.0153 -1.0 -1.0 -1.0 -1.0 11.117 4.6815 6.4352 42949000000.0 26836000000.0 0.0 1.015 1.0 69.31 12.35 30371000000.0 17891000000.0 -1.86 27.85 0.83 426.75 14.42 18400 goodsn-35-G141_18400 1.01476
goodsn 6650 1 1 1 1.3478 -1.0 -1.0 -1.0 -1.0 9.9026 6.4465 3.4561 59142000000.0 14412000000.0 0.0 1.348 1.0 29.05 9.482 14899000000.0 9608200000.0 -1.73 2.07 1.77 108.4 95.84 6650 goodsn-21-G141_06650 1.31868
goodsn 26842 2 1 1 1.4794 1.4676 1.4767 1.5138 1.6859 6.7463 3.8909 2.8554 35696000000.0 11907000000.0 0.0 1.479 2.0 14.05 9.02 11468000000.0 7938300000.0 -1.57 0.95 1.2 67.58 85.66 26842 goodsn-26-G141_26842 1.47936
goodsn 34562 2 1 1 1.2311 1.0272 1.0963 1.2334 1.2813 25.546 25.303 0.24352 232130000000.0 1015500000.0 0.0 1.231 2.0 174.4 10.03 57263000.0 677020000.0 2.96 3.0 0.89 91.08 27.82 34562 goodsn-27-G141_34562 1.23111
goodsn 19376 3 1 0 1.4777 1.375 1.417 1.541 1.603 31.741 24.209 7.5316 222100000000.0 31408000000.0 0.0 1.478 3.0 87.49 11.77 32117000000.0 20938000000.0 -1.73 -99.0 -99.0 -99.0 -99.0 19376 00000 -1.0
goodsn 11407 2 1 1 1.3632 1.2007 1.2395 1.3656 1.3808 16.261 13.988 2.2727 128330000000.0 9477400000.0 0.0 1.363 2.0 60.45 15.83 5951500000.0 6318300000.0 -0.68 -99.0 -99.0 -99.0 -99.0 11407 goodsn-11-G141_11407 1.36316
goodsn 35568 2 1 1 1.0178 1.0097 1.0137 1.0197 1.0223 20.71 17.696 3.0136 162350000000.0 12567000000.0 0.0 1.018 2.0 259.1 156.1 8569400000.0 8378100000.0 -1.1 21.17 1.61 192.91 15.25 35568 goodsn-16-G141_35568 1.01778
goodsn 12849 1 1 1 1.0074 -1.0 -1.0 -1.0 -1.0 16.662 14.761 1.9006 135420000000.0 7925600000.0 0.0 1.007 1.0 225.4 9.198 5776700000.0 5283700000.0 -1.18 18.77 0.74 242.49 10.4 12849 goodsn-22-G141_12849 1.01174
goodsn 37188 2 1 1 1.3584 1.228 1.3533 1.3613 1.3647 31.002 29.211 1.7908 267990000000.0 7468000000.0 0.0 1.358 2.0 127.9 8.963 3394000000.0 4978700000.0 -0.19 7.5 1.19 216.34 38.19 37188 goodsn-17-G141_37188 1.35844
goodsn 10377 2 1 1 1.2189 1.2158 1.2172 1.2199 1.2211 34.509 33.212 1.2974 304690000000.0 5410200000.0 0.0 1.219 2.0 239.9 10.78 1971600000.0 3606800000.0 0.01 19.0 0.83 291.49 13.73 10377 goodsn-44-G141_10377 1.21887
goodsn 3538 3 1 0 1.0803 1.018 1.041 1.115 1.211 24.692 24.355 0.33719 223440000000.0 1406100000.0 0.0 1.08 3.0 283.7 17.91 542030000.0 937430000.0 -0.31 -99.0 -99.0 -99.0 -99.0 3538 00000 -1.0
goodsn 14516 2 1 1 1.4303 1.4205 1.4261 1.4322 1.4384 25.919 25.682 0.23713 235610000000.0 988850000.0 0.0 1.43 2.0 97.7 8.712 518750000.0 659240000.0 -0.57 2.31 0.59 162.87 45.51 14516 goodsn-123-G141_14516 1.43026
goodsn 65 3 1 0 1.2189 1.164 1.187 1.252 1.272 85.865 81.582 4.2827 748460000000.0 17860000000.0 0.0 1.219 3.0 589.3 15.96 4007100000.0 11906000000.0 1.09 -99.0 -99.0 -99.0 -99.0 65 00000 -1.0
goodsn 34739 1 1 1 1.145 -1.0 -1.0 -1.0 -1.0 110.34 99.766 10.577 915280000000.0 44109000000.0 0.0 1.145 1.0 939.6 83.98 23190000000.0 29406000000.0 -0.42 48.51 2.53 123.2 6.53 34739 goodsn-17-G141_34739 1.14899
goodsn 57 3 1 0 1.3244 1.275 1.294 1.358 1.381 152.55 139.03 13.513 1275500000000.0 56352000000.0 0.0 1.324 3.0 676.5 42.93 30159000000.0 37568000000.0 -0.49 92.69 15.68 273.35 46.43 57 goodsn-41-G141_00057 1.26031
goodsn 1749 1 1 1 1.3512 -1.0 -1.0 -1.0 -1.0 112.88 105.72 7.1642 969880000000.0 29876000000.0 0.0 1.351 1.0 472.3 12.32 9236500000.0 19917000000.0 0.47 20.67 1.07 80.71 4.32 1749 goodsn-31-G141_01749 1.34668
goodsn 11706 3 1 0 1.2313 1.179 1.203 1.264 1.279 248.42 237.36 11.06 2177600000000.0 46123000000.0 0.0 1.231 3.0 1636.0 21.44 41665000000.0 30749000000.0 -1.53 -99.0 -99.0 -99.0 -99.0 11706 00000 -1.0
goodsn 17270 3 1 0 1.1839 1.127 1.152 1.219 1.248 149.15 147.26 1.8859 1351000000000.0 7864400000.0 0.0 1.184 3.0 1212.0 15.27 1477400000.0 5242900000.0 1.27 -99.0 -99.0 -99.0 -99.0 17270 00000 -1.0
goodsn 37738 2 1 1 1.4522 1.449 1.4503 1.4529 1.4542 170.11 151.28 18.831 1387900000000.0 78527000000.0 0.0 1.452 2.0 561.2 8.729 69298000000.0 52351000000.0 -1.56 40.38 0.87 213.07 4.94 37738 goodsn-18-G141_37738 1.45224
goodsn 15477 2 1 1 1.1426 1.1396 1.141 1.1438 1.145 9.2844 7.4554 1.8291 68398000000.0 7627500000.0 0.0 1.143 2.0 70.66 12.71 6207500000.0 5085000000.0 -1.21 7.79 0.93 431.58 58.1 15477 goodsn-24-G141_15477 1.14256
goodsn 15106 2 1 1 1.0057 0.9986 1.0024 1.0079 1.011 14.194 12.936 1.2572 118680000000.0 5242800000.0 0.0 1.006 2.0 198.3 11.19 5962700000.0 3495200000.0 -1.88 2.69 0.62 175.01 43.24 15106 goodsn-46-G141_15106 1.00571
goodsn 4551 1 1 1 1.3944 -1.0 -1.0 -1.0 -1.0 30.166 25.869 4.2962 237330000000.0 17916000000.0 0.0 1.394 1.0 104.2 9.446 13873000000.0 11944000000.0 -1.24 18.44 0.77 701.23 44.87 4551 goodsn-32-G141_04551 1.39408
goodsn 13839 1 1 1 1.109 -1.0 -1.0 -1.0 -1.0 32.332 28.702 3.6307 263320000000.0 15140000000.0 0.0 1.109 1.0 303.2 6.369 10493000000.0 10094000000.0 -0.53 -99.0 -99.0 -99.0 -99.0 13839 goodsn-34-G141_13839 1.95353
goodsn 12677 1 1 1 1.0662 -1.0 -1.0 -1.0 -1.0 58.363 57.576 0.78755 528220000000.0 3284200000.0 0.0 1.066 1.0 705.6 81.9 1217200000.0 2189500000.0 0.24 -99.0 -99.0 -99.0 -99.0 12677 goodsn-34-G141_12677 1.6261
goodsn 18763 1 1 1 1.2443 -1.0 -1.0 -1.0 -1.0 32.346 28.89 3.4566 265040000000.0 14415000000.0 0.0 1.244 1.0 189.3 15.01 12678000000.0 9609800000.0 -1.45 16.38 1.02 401.14 29.49 18763 goodsn-35-G141_18763 1.24117
goodsn 28450 2 1 1 1.4658 1.3847 1.433 1.512 1.5686 43.261 42.285 0.9752 387940000000.0 4066700000.0 0.0 1.466 2.0 154.4 9.819 2155900000.0 2711100000.0 -0.42 -2.11 0.64 -142.23 40.87 28450 goodsn-15-G141_28450 1.46576
goodsn 1375 2 1 1 1.4351 1.4316 1.4329 1.4358 1.4373 199.82 194.24 5.5777 1782000000000.0 23260000000.0 0.0 1.435 2.0 734.7 8.702 13204000000.0 15507000000.0 -0.62 44.82 1.05 432.92 14.44 1375 goodsn-42-G141_01375 1.43513
goodsn 10512 1 1 1 1.2698 -1.0 -1.0 -1.0 -1.0 143.67 135.07 8.609 1239100000000.0 35901000000.0 0.0 1.27 1.0 801.5 38.04 26705000000.0 23934000000.0 -1.16 86.56 0.96 810.02 11.62 10512 goodsn-33-G141_10512 1.2671
goodsn 12068 3 1 0 1.2695 1.149 1.193 1.373 1.42 65.859 63.358 2.5003 581270000000.0 10427000000.0 0.0 1.269 3.0 377.4 16.24 5498200000.0 6951200000.0 -0.42 -99.0 -99.0 -99.0 -99.0 12068 00000 -1.0
goodsn 30204 1 1 1 1.146 -1.0 -1.0 -1.0 -1.0 315.45 311.56 3.8973 2858300000000.0 16252000000.0 0.0 1.146 1.0 2925.0 13.71 5154700000.0 10835000000.0 0.28 88.5 0.85 508.2 5.75 30204 goodsn-27-G141_30204 1.14792
goodsn 27767 3 1 0 1.7465 1.597 1.66 1.832 1.946 0.15539 -99.0 0.15539 -99.0 648000000.0 2.0 1.747 3.0 -8.276 8.554 402580000.0 432000000.0 -1.07 -99.0 -99.0 -99.0 -99.0 27767 00000 -1.0
goodsn 242 3 1 0 1.8052 1.684 1.729 1.881 1.95 0.61924 -99.0 0.61924 -99.0 2582300000.0 2.0 1.805 3.0 -32.56 28.2 178170000.0 1721600000.0 3.04 -99.0 -99.0 -99.0 -99.0 242 00000 -1.0
goodsn 1763 3 1 0 1.5697 1.374 1.481 1.668 1.757 0.033793 -99.0 0.033793 -99.0 140920000.0 2.0 1.57 3.0 -14.71 10.44 93340000.0 93948000.0 -1.38 -99.0 -99.0 -99.0 -99.0 1763 goodsn-31-G141_01763 1.9624
goodsn 35433 3 1 0 1.5611 1.426 1.469 1.661 1.777 1.9309 1.5826 0.34833 14519000000.0 1452600000.0 1.0 1.561 3.0 5.394 8.917 384260000.0 968390000.0 0.45 -99.0 -99.0 -99.0 -99.0 35433 00000 -1.0
goodsn 33775 2 1 1 1.7538 1.6712 1.6855 1.7535 1.771 0.88356 -99.0 0.88356 -99.0 3684600000.0 2.0 1.754 2.0 -14.46 9.889 281070000.0 2456400000.0 2.84 -99.0 -99.0 -99.0 -99.0 33775 goodsn-16-G141_33775 1.75385
goodsn 6386 3 1 0 1.9883 1.86 1.929 2.05 2.089 2.0283 -99.0 2.0283 -99.0 8458300000.0 2.0 1.988 3.0 -9.945 14.01 3472700000.0 5638900000.0 -0.1 -99.0 -99.0 -99.0 -99.0 6386 00000 -1.0
goodsn 22774 2 1 1 1.9967 1.9828 1.9922 2.0169 2.0319 8.9217 5.527 3.3947 50706000000.0 14156000000.0 0.0 1.997 2.0 16.75 8.054 2520900000.0 9437600000.0 1.42 -99.0 -99.0 -99.0 -99.0 22774 goodsn-14-G141_22774 1.99666
goodsn 33780 2 1 1 1.8705 1.7541 1.789 1.877 1.8881 5.7892 3.3063 2.4829 30333000000.0 10354000000.0 0.0 1.871 2.0 11.89 7.284 859340000.0 6902800000.0 2.61 -99.0 -99.0 -99.0 -99.0 33780 goodsn-16-G141_33780 1.87054
goodsn 9692 2 1 1 1.6143 1.6037 1.6085 1.6186 1.6239 17.051 11.614 5.4366 106550000000.0 22671000000.0 0.0 1.614 2.0 39.4 8.838 1760300000.0 15114000000.0 2.6 -99.0 -99.0 -99.0 -99.0 9692 goodsn-45-G141_09692 1.61431
goodsn 2394 3 1 0 1.6432 1.382 1.566 1.746 1.828 0.90758 0.13839 0.76919 1269600000.0 3207600000.0 1.0 1.643 3.0 0.4769 11.7 2895800000.0 2138400000.0 -1.52 1.69 0.55 12563791499.72 inf 2394 goodsn-42-G141_02394 1.10013
goodsn 19939 2 1 1 1.8448 1.6417 1.7728 1.8549 1.8748 5.1863 2.6132 2.5732 23974000000.0 10731000000.0 0.0 1.845 2.0 9.628 9.571 8930600000.0 7153700000.0 -1.37 -99.0 -99.0 -99.0 -99.0 19939 goodsn-35-G141_19939 1.84482
goodsn 7893 3 1 0 1.9247 1.746 1.836 2.011 2.061 2.3982 -99.0 2.3982 -99.0 10001000000.0 2.0 1.925 3.0 -2.941 7.978 9333700000.0 6667200000.0 -1.51 -99.0 -99.0 -99.0 -99.0 7893 goodsn-33-G141_07893 1.94763
goodsn 8084 2 1 1 1.5358 1.3669 1.5019 1.5419 1.5878 6.5979 5.3927 1.2052 49474000000.0 5025900000.0 0.0 1.536 2.0 18.65 11.03 3856800000.0 3350600000.0 -1.24 3.37 0.91 281.77 90.61 8084 goodsn-44-G141_08084 1.53578
goodsn 23299 3 1 0 1.667 1.551 1.594 1.745 1.807 2.2148 -99.0 2.2148 -99.0 9235900000.0 2.0 1.667 3.0 -2.643 9.667 7589800000.0 6157200000.0 -1.33 -99.0 -99.0 -99.0 -99.0 23299 00000 -1.0
goodsn 31463 3 1 0 1.6626 1.514 1.576 1.754 1.825 3.9593 2.8291 1.1302 25955000000.0 4713000000.0 0.0 1.663 3.0 9.895 7.694 3574600000.0 3142000000.0 -1.26 -99.0 -99.0 -99.0 -99.0 31463 00000 -1.0
goodsn 14709 3 1 0 1.9029 1.768 1.831 1.977 2.027 10.595 4.013 6.5819 36816000000.0 27447000000.0 1.0 1.903 3.0 13.91 25.13 24562000000.0 18298000000.0 -1.47 -99.0 -99.0 -99.0 -99.0 14709 00000 -1.0
goodsn 6284 2 1 1 1.7278 1.66 1.7209 1.817 1.9155 6.3406 6.0325 0.30805 55344000000.0 1284600000.0 0.0 1.728 2.0 22.22 7.939 118180000.0 856410000.0 2.24 -99.0 -99.0 -99.0 -99.0 6284 goodsn-33-G141_06284 1.72781
goodsn 9341 2 1 1 1.7552 1.7314 1.7431 1.7657 1.7938 5.0467 3.7574 1.2893 34471000000.0 5376500000.0 0.0 1.755 2.0 14.07 13.85 737840000.0 3584300000.0 1.88 -99.0 -99.0 -99.0 -99.0 9341 goodsn-11-G141_09341 1.75523
goodsn 35469 2 1 1 1.7913 1.7874 1.7891 1.7926 1.7941 14.34 12.504 1.8361 114710000000.0 7657000000.0 0.0 1.791 2.0 47.16 14.42 2406100000.0 5104600000.0 0.31 -99.0 -99.0 -99.0 -99.0 35469 goodsn-16-G141_35469 1.79128
goodsn 4693 2 1 1 1.8391 1.663 1.7744 1.8398 1.8493 7.2385 5.5097 1.7289 50547000000.0 7209600000.0 0.0 1.839 2.0 20.38 9.598 1122900000.0 4806400000.0 1.51 -99.0 -99.0 -99.0 -99.0 4693 goodsn-43-G141_04693 1.83914
goodsn 2023 2 1 1 1.6751 1.5946 1.6456 1.7174 1.7404 23.004 19.683 3.321 180570000000.0 13849000000.0 0.0 1.675 2.0 69.51 23.61 1993400000.0 9232700000.0 1.83 -99.0 -99.0 -99.0 -99.0 2023 goodsn-42-G141_02023 1.67514
goodsn 37058 3 1 0 1.8424 1.693 1.776 1.914 1.973 28.352 27.467 0.88522 251990000000.0 3691500000.0 0.0 1.842 3.0 101.4 10.92 1064100000.0 2461000000.0 0.38 -99.0 -99.0 -99.0 -99.0 37058 00000 -1.0
goodsn 4117 3 1 0 1.6189 1.563 1.582 1.657 1.685 91.266 89.231 2.0357 818630000000.0 8489100000.0 0.0 1.619 3.0 303.4 9.72 1143900000.0 5659400000.0 2.05 -99.0 -99.0 -99.0 -99.0 4117 00000 -1.0
goodsn 23548 3 1 0 1.9054 1.753 1.834 1.976 2.022 133.57 126.63 6.9337 1161800000000.0 28914000000.0 0.0 1.905 3.0 437.9 12.61 17886000000.0 19276000000.0 -0.74 -99.0 -99.0 -99.0 -99.0 23548 00000 -1.0
goodsn 32842 2 1 1 1.5118 1.499 1.5062 1.5173 1.523 181.04 177.53 3.5097 1628700000000.0 14636000000.0 0.0 1.512 2.0 624.3 5.82 5157300000.0 9757400000.0 -0.02 38.73 2.93 199.29 17.24 32842 goodsn-27-G141_32842 1.5118
goodsn 28647 3 1 0 1.6862 1.57 1.609 1.767 1.827 4.2796 -99.0 4.2796 -99.0 17846000000.0 2.0 1.686 3.0 -7.493 7.724 18254000000.0 11898000000.0 -1.67 -99.0 -99.0 -99.0 -99.0 28647 goodsn-14-G141_28647 1.60387
goodsn 13663 3 1 0 1.7492 1.59 1.674 1.822 1.896 1.9848 -99.0 1.9848 -99.0 8276700000.0 2.0 1.749 3.0 -29.37 16.1 8485100000.0 5517800000.0 -1.7 -99.0 -99.0 -99.0 -99.0 13663 goodsn-45-G141_13663 1.75247
goodsn 19911 3 1 0 1.5072 1.389 1.444 1.56 1.583 1.8173 -99.0 1.8173 -99.0 7578600000.0 2.0 1.507 3.0 -8.868 7.916 9023800000.0 5052400000.0 -1.92 -99.0 -99.0 -99.0 -99.0 19911 goodsn-24-G141_19911 1.87916
goodsn 4784 2 1 1 1.7788 1.529 1.7279 1.8215 1.8626 9.7782 1.935 7.8431 17753000000.0 32707000000.0 1.0 1.779 2.0 7.291 8.444 32123000000.0 21805000000.0 -1.61 -99.0 -99.0 -99.0 -99.0 4784 goodsn-42-G141_04784 1.77875
goodsn 7347 3 1 0 1.737 1.605 1.667 1.805 1.86 1.8355 -99.0 1.8355 -99.0 7654400000.0 2.0 1.737 3.0 -4.336 6.617 7758600000.0 5103000000.0 -1.68 -99.0 -99.0 -99.0 -99.0 7347 goodsn-33-G141_07347 1.72509
goodsn 12619 2 1 1 1.8236 1.8183 1.8202 1.824 1.8258 8.4509 4.7785 3.6724 43839000000.0 15315000000.0 0.0 1.824 2.0 17.85 9.598 13903000000.0 10210000000.0 -1.56 -99.0 -99.0 -99.0 -99.0 12619 goodsn-22-G141_12619 1.82356
goodsn 15120 3 1 0 1.7388 1.646 1.697 1.785 1.816 3.4074 -99.0 3.4074 -99.0 14209000000.0 2.0 1.739 3.0 -13.2 9.902 16843000000.0 9472900000.0 -1.91 -99.0 -99.0 -99.0 -99.0 15120 goodsn-23-G141_15120 1.71828
goodsn 29240 3 1 0 1.8191 1.644 1.73 1.915 2.01 3.1711 -99.0 3.1711 -99.0 13224000000.0 2.0 1.819 3.0 -7.238 11.0 13164000000.0 8816000000.0 -1.64 -99.0 -99.0 -99.0 -99.0 29240 00000 -1.0
goodsn 21458 3 1 0 1.5529 1.426 1.477 1.575 2.035 5.1163 3.3354 1.7809 30600000000.0 7426700000.0 0.0 1.553 3.0 11.42 6.838 7072800000.0 4951200000.0 -1.55 -99.0 -99.0 -99.0 -99.0 21458 00000 -1.0
goodsn 31396 3 1 0 1.578 1.463 1.515 1.646 1.738 20.517 11.752 8.7653 107820000000.0 36552000000.0 0.0 1.578 3.0 39.86 10.77 39058000000.0 24368000000.0 -1.8 -99.0 -99.0 -99.0 -99.0 31396 00000 -1.0
goodsn 26633 2 1 1 1.5282 1.4819 1.5109 1.5364 1.5572 11.35 7.7355 3.6149 70968000000.0 15075000000.0 0.0 1.528 2.0 26.9 8.633 12196000000.0 10050000000.0 -1.32 4.63 1.67 239.17 102.18 26633 goodsn-36-G141_26633 1.52818
goodsn 34674 2 1 1 1.7801 1.7551 1.7627 1.784 1.8468 7.3607 3.8586 3.5021 35400000000.0 14604000000.0 0.0 1.78 2.0 14.54 7.988 14646000000.0 9736200000.0 -1.64 -99.0 -99.0 -99.0 -99.0 34674 goodsn-17-G141_34674 1.78014
goodsn 12613 3 1 0 1.9881 1.802 1.892 2.082 2.15 17.616 14.624 2.9925 134160000000.0 12479000000.0 0.0 1.988 3.0 44.92 7.486 9977200000.0 8319600000.0 -1.25 -99.0 -99.0 -99.0 -99.0 12613 goodsn-34-G141_12613 2.09102
goodsn 1873 1 1 1 1.524 -1.0 -1.0 -1.0 -1.0 15.146 8.8928 6.2528 81585000000.0 26075000000.0 0.0 1.524 1.0 31.01 12.32 22836000000.0 17383000000.0 -1.43 9.78 0.77 312.38 30.34 1873 goodsn-42-G141_01873 1.52313
goodsn 31838 3 1 0 1.6721 1.573 1.61 1.734 1.805 25.331 25.058 0.27329 229890000000.0 1139700000.0 0.0 1.672 3.0 88.28 13.85 729440000.0 759780000.0 -1.05 -99.0 -99.0 -99.0 -99.0 31838 00000 -1.0
goodsn 15873 3 1 0 1.9076 1.691 1.816 2.009 2.085 33.28 25.393 7.8869 232960000000.0 32889000000.0 0.0 1.908 3.0 87.45 9.251 25032000000.0 21926000000.0 -1.18 -99.0 -99.0 -99.0 -99.0 15873 00000 -1.0
goodsn 3862 3 1 0 1.54 1.445 1.489 1.588 1.635 55.494 50.928 4.5662 467230000000.0 19042000000.0 0.0 1.54 3.0 175.7 10.78 14469000000.0 12694000000.0 -1.18 -99.0 -99.0 -99.0 -99.0 3862 00000 -1.0
goodsn 27740 2 1 1 1.5805 1.4618 1.511 1.6956 1.7876 92.8 90.029 2.7703 825960000000.0 11553000000.0 0.0 1.581 2.0 305.1 9.793 5209800000.0 7701700000.0 -0.19 -99.0 -99.0 -99.0 -99.0 27740 goodsn-15-G141_27740 1.58054
goodsn 37261 2 1 1 1.702 1.6622 1.6965 1.778 1.8225 46.44 43.312 3.1279 397360000000.0 13044000000.0 0.0 1.702 2.0 156.3 10.99 8160200000.0 8696000000.0 -0.62 -99.0 -99.0 -99.0 -99.0 37261 goodsn-18-G141_37261 1.70202
goodsn 37157 3 1 0 1.7611 1.627 1.683 1.84 1.901 65.5 61.259 4.2416 562010000000.0 17688000000.0 0.0 1.761 3.0 230.1 9.155 13463000000.0 11792000000.0 -1.14 -99.0 -99.0 -99.0 -99.0 37157 goodsn-17-G141_37157 1.8278
goodsn 4791 2 1 1 1.9758 1.9233 1.9474 2.0562 2.0961 91.954 85.069 6.8849 780450000000.0 28711000000.0 0.0 1.976 2.0 266.1 15.93 15791000000.0 19141000000.0 -0.44 -99.0 -99.0 -99.0 -99.0 4791 goodsn-21-G141_04791 1.97576
goodsn 10128 2 1 1 1.882 1.8232 1.872 1.886 1.8921 71.665 61.513 10.153 564340000000.0 42338000000.0 0.0 1.882 2.0 218.6 14.17 26094000000.0 28225000000.0 -0.7 -99.0 -99.0 -99.0 -99.0 10128 goodsn-11-G141_10128 1.88204
goodsn 19796 3 1 0 1.9631 1.855 1.894 2.034 2.089 72.481 63.961 8.5201 586800000000.0 35530000000.0 0.0 1.963 3.0 204.0 8.478 24885000000.0 23687000000.0 -1.08 -99.0 -99.0 -99.0 -99.0 19796 00000 -1.0
goodsn 18897 2 1 1 1.6778 1.5699 1.6329 1.7158 1.8116 40.029 32.089 7.9401 294400000000.0 33111000000.0 0.0 1.678 2.0 113.6 19.93 24906000000.0 22074000000.0 -1.22 -99.0 -99.0 -99.0 -99.0 18897 goodsn-12-G141_18897 1.67781
goodsn 32868 2 1 1 1.9952 1.9662 1.985 2.0179 2.0319 227.9 226.83 1.0661 2081000000000.0 4445600000.0 0.0 1.995 2.0 689.4 8.58 1687900000.0 2963800000.0 0.05 -99.0 -99.0 -99.0 -99.0 32868 goodsn-16-G141_32868 1.99517
goodsn 37296 2 1 1 1.5168 1.5135 1.5148 1.5176 1.5189 8.8294 5.5223 3.307 50664000000.0 13791000000.0 0.0 1.517 2.0 19.35 9.003 16392000000.0 9193800000.0 -1.93 -99.0 -99.0 -99.0 -99.0 37296 goodsn-18-G141_37296 1.51683
goodsn 7621 3 1 0 1.6338 1.557 1.579 1.69 1.761 9.1301 7.2667 1.8634 66667000000.0 7770600000.0 0.0 1.634 3.0 24.88 13.45 7708100000.0 5180400000.0 -1.66 -99.0 -99.0 -99.0 -99.0 7621 goodsn-21-G141_07621 1.72372
goodsn 12435 2 1 1 1.9787 1.8588 1.9454 1.9963 2.0184 24.349 19.561 4.788 179460000000.0 19967000000.0 0.0 1.979 2.0 60.91 13.02 18508000000.0 13311000000.0 -1.5 -99.0 -99.0 -99.0 -99.0 12435 goodsn-23-G141_12435 1.97874
goodsn 29609 3 1 0 1.6788 1.568 1.6 1.76 1.803 25.452 20.57 4.8818 188720000000.0 20358000000.0 0.0 1.679 3.0 72.88 11.1 19150000000.0 13572000000.0 -1.55 -99.0 -99.0 -99.0 -99.0 29609 00000 -1.0
goodsn 14718 3 1 0 1.7464 1.565 1.675 1.822 1.885 20.021 17.991 2.0301 165060000000.0 8465600000.0 1.0 1.746 3.0 67.06 186.2 6183100000.0 5643700000.0 -1.14 -99.0 -99.0 -99.0 -99.0 14718 goodsn-123-G141_14718 1.97427
goodsn 14297 3 1 0 1.8868 1.73 1.802 1.976 2.025 19.112 9.9555 9.1561 91335000000.0 38182000000.0 0.0 1.887 3.0 35.17 29.96 39826000000.0 25455000000.0 -1.72 -99.0 -99.0 -99.0 -99.0 14297 00000 -1.0
goodsn 13620 3 1 0 1.6641 1.575 1.609 1.72 1.788 124.2 112.45 11.754 1031600000000.0 49016000000.0 0.0 1.664 3.0 393.6 15.34 32507000000.0 32678000000.0 -0.72 -99.0 -99.0 -99.0 -99.0 13620 00000 -1.0
goodsn 666 3 1 0 1.5899 1.538 1.552 1.629 1.659 78.528 76.039 2.4896 697600000000.0 10382000000.0 0.0 1.59 3.0 257.4 9.211 5258000000.0 6921400000.0 -0.41 -99.0 -99.0 -99.0 -99.0 666 00000 -1.0
goodsn 992 2 1 1 1.776 1.7142 1.767 1.9082 1.9272 109.96 100.19 9.7756 919150000000.0 40766000000.0 0.0 1.776 2.0 377.4 17.39 24549000000.0 27177000000.0 -0.55 -99.0 -99.0 -99.0 -99.0 992 goodsn-41-G141_00992 1.77597
goodsn 36933 2 1 1 1.6445 1.4648 1.6389 1.6497 1.6604 89.261 85.132 4.1282 781030000000.0 17215000000.0 0.0 1.645 2.0 293.8 6.385 11081000000.0 11477000000.0 -0.73 -99.0 -99.0 -99.0 -99.0 36933 goodsn-17-G141_36933 1.64455
goodsn 9124 2 1 1 1.5844 1.3609 1.407 1.5932 1.6684 57.957 55.021 2.9358 504780000000.0 12243000000.0 0.0 1.584 2.0 186.3 25.86 6554900000.0 8161800000.0 -0.41 -99.0 -99.0 -99.0 -99.0 9124 goodsn-33-G141_09124 1.58442
goodsn 2717 2 1 1 1.9728 1.9687 1.9703 1.9737 1.9754 105.25 75.073 30.179 688740000000.0 125850000000.0 0.0 1.973 2.0 235.9 9.833 114780000000.0 83902000000.0 -1.45 -99.0 -99.0 -99.0 -99.0 2717 goodsn-42-G141_02717 1.97279
goodsn 35347 1 1 1 1.95 -1.0 -1.0 -1.0 -1.0 81.599 70.214 11.385 644160000000.0 47479000000.0 0.0 1.95 1.0 228.0 8.93 37383000000.0 31652000000.0 -1.18 -99.0 -99.0 -99.0 -99.0 35347 goodsn-17-G141_35347 1.95057
goodsn 1030 3 1 0 1.5898 1.538 1.557 1.626 1.637 276.76 272.31 4.4503 2498300000000.0 18558000000.0 0.0 1.59 3.0 921.8 9.182 4916200000.0 12372000000.0 0.49 -99.0 -99.0 -99.0 -99.0 1030 00000 -1.0
goodsn 7478 2 1 1 1.9096 1.778 1.8551 1.9336 1.9694 368.57 366.03 2.5375 3358100000000.0 10582000000.0 0.0 1.91 2.0 1257.0 64.88 1213600000.0 7054500000.0 2.13 -99.0 -99.0 -99.0 -99.0 7478 goodsn-32-G141_07478 1.90955
goodsn 27201 3 1 0 1.5472 1.48 1.505 1.589 1.62 414.21 404.84 9.3724 3714100000000.0 39084000000.0 0.0 1.547 3.0 1391.0 42.7 17299000000.0 26056000000.0 -0.26 -99.0 -99.0 -99.0 -99.0 27201 00000 -1.0
goodsn 29019 3 1 0 2.4886 2.339 2.4 2.581 2.633 2.7225 0.29508 2.4274 2707100000.0 10123000000.0 1.0 2.489 3.0 0.4108 6.666 1332900000.0 6748400000.0 1.91 -99.0 -99.0 -99.0 -99.0 29019 00000 -1.0
goodsn 5954 2 1 1 2.4076 2.2954 2.3409 2.4421 2.5061 5.3734 4.5599 0.81347 41834000000.0 3392300000.0 1.0 2.408 2.0 7.466 7.866 617440000.0 2261500000.0 1.36 -99.0 -99.0 -99.0 -99.0 5954 goodsn-43-G141_05954 2.40757
goodsn 33181 2 1 1 2.2268 2.1006 2.1233 2.2354 2.2525 5.8126 3.9213 1.8913 35975000000.0 7887100000.0 1.0 2.227 2.0 8.441 10.49 1009800000.0 5258000000.0 2.0 -99.0 -99.0 -99.0 -99.0 33181 goodsn-27-G141_33181 2.22683
goodsn 6134 2 1 1 2.2691 2.0062 2.1967 2.3316 2.5726 1.2581 -99.0 1.2581 -99.0 5246300000.0 2.0 2.269 2.0 -0.6154 6.818 1947900000.0 3497500000.0 -0.0 -99.0 -99.0 -99.0 -99.0 6134 goodsn-43-G141_06134 2.26905
goodsn 17599 2 1 1 2.0223 1.9752 2.013 2.0392 2.1325 5.2819 3.5079 1.774 32182000000.0 7398000000.0 0.0 2.022 2.0 10.26 5.936 963350000.0 4932000000.0 2.09 -99.0 -99.0 -99.0 -99.0 17599 goodsn-23-G141_17599 2.02225
goodsn 4854 2 1 1 2.1772 2.1573 2.1672 2.1853 2.1933 6.9418 3.5544 3.3874 32609000000.0 14126000000.0 1.0 2.177 2.0 8.269 10.97 3213500000.0 9417300000.0 0.59 -99.0 -99.0 -99.0 -99.0 4854 goodsn-21-G141_04854 2.1772
goodsn 5507 2 1 1 2.2986 2.2688 2.2809 2.3037 2.3117 9.243 4.2524 4.9906 39013000000.0 20812000000.0 1.0 2.299 2.0 8.23 10.2 5763000000.0 13874000000.0 0.25 -99.0 -99.0 -99.0 -99.0 5507 goodsn-32-G141_05507 2.29861
goodsn 21738 2 1 1 2.0741 2.0575 2.0666 2.0835 2.0927 7.1717 5.3736 1.7981 49299000000.0 7498300000.0 0.0 2.074 2.0 14.57 9.79 626180000.0 4998900000.0 2.7 -99.0 -99.0 -99.0 -99.0 21738 goodsn-25-G141_21738 2.07406
goodsn 15534 3 1 0 2.4179 0.558 2.32 2.502 2.582 2.6419 0.88295 1.759 8100400000.0 7335200000.0 1.0 2.418 3.0 1.419 6.022 4038700000.0 4890200000.0 -0.39 -99.0 -99.0 -99.0 -99.0 15534 goodsn-35-G141_15534 3.05317
goodsn 26197 2 1 1 2.0694 1.9838 2.0475 2.0783 2.0899 3.5884 -99.0 3.5884 -99.0 14964000000.0 2.0 2.069 2.0 -12.52 8.801 4712300000.0 9976100000.0 0.55 -99.0 -99.0 -99.0 -99.0 26197 goodsn-26-G141_26197 2.06945
goodsn 1127 3 1 0 2.2186 2.058 2.134 2.304 2.373 12.92 8.1627 4.7578 74887000000.0 19841000000.0 1.0 2.219 3.0 17.79 97.07 15258000000.0 13227000000.0 -1.18 1438.9 172.19 322.88 45.63 1127 goodsn-42-G141_01127 1.37976
goodsn 33079 3 1 0 2.1369 1.994 2.045 2.225 2.302 64.451 63.156 1.2958 579410000000.0 5403600000.0 0.0 2.137 3.0 156.0 5.708 1702600000.0 3602400000.0 0.24 -99.0 -99.0 -99.0 -99.0 33079 00000 -1.0
goodsn 31914 3 1 0 2.1231 1.977 2.046 2.201 2.25 13.983 12.643 1.3405 115990000000.0 5590200000.0 0.0 2.123 3.0 31.88 10.33 1076300000.0 3726800000.0 1.28 -99.0 -99.0 -99.0 -99.0 31914 00000 -1.0
goodsn 30260 2 1 1 2.4973 2.4758 2.4872 2.505 2.5141 9.8443 7.2527 2.5916 66539000000.0 10807000000.0 0.0 2.497 2.0 9.919 8.468 1145000000.0 7205000000.0 2.31 -99.0 -99.0 -99.0 -99.0 30260 goodsn-16-G141_30260 2.49733
goodsn 32933 3 1 0 2.1048 1.918 2.008 2.203 2.273 15.547 12.77 2.7763 117160000000.0 11578000000.0 0.0 2.105 3.0 33.08 12.61 5349000000.0 7718500000.0 -0.28 -99.0 -99.0 -99.0 -99.0 32933 00000 -1.0
goodsn 28890 2 1 1 2.4816 2.1877 2.4662 2.4908 2.506 27.057 23.818 3.2389 218520000000.0 13507000000.0 0.0 2.482 2.0 33.68 9.654 2199800000.0 9004500000.0 1.49 -99.0 -99.0 -99.0 -99.0 28890 goodsn-15-G141_28890 2.48163
goodsn 536 2 1 1 2.0496 2.0368 2.0476 2.1148 2.1579 10.919 9.0359 1.8836 82898000000.0 7854800000.0 0.0 2.05 2.0 25.37 11.49 1745700000.0 5236500000.0 1.06 -99.0 -99.0 -99.0 -99.0 536 goodsn-41-G141_00536 2.04957
goodsn 23021 2 1 1 2.0147 1.9014 1.923 2.0265 2.0579 99.93 99.388 0.54179 911820000000.0 2259300000.0 0.0 2.015 2.0 293.6 17.96 706440000.0 1506200000.0 0.13 -99.0 -99.0 -99.0 -99.0 23021 goodsn-13-G141_23021 2.0147
goodsn 25942 3 1 0 2.2508 2.158 2.192 2.311 2.359 222.13 219.52 2.609 2014000000000.0 10880000000.0 0.0 2.251 3.0 455.4 14.2 3639000000.0 7253300000.0 -0.03 -99.0 -99.0 -99.0 -99.0 25942 00000 -1.0
goodsn 7276 2 1 1 2.4869 2.3588 2.3705 2.4888 2.4943 58.491 46.468 12.023 426310000000.0 50138000000.0 0.0 2.487 2.0 64.98 9.601 20475000000.0 33426000000.0 -0.13 -99.0 -99.0 -99.0 -99.0 7276 goodsn-44-G141_07276 2.48685
goodsn 36988 3 1 0 2.3048 2.224 2.256 2.354 2.392 232.24 229.53 2.7141 2105800000000.0 11318000000.0 0.0 2.305 3.0 440.6 9.519 441720000.0 7545400000.0 3.75 -99.0 -99.0 -99.0 -99.0 36988 00000 -1.0
goodsn 30283 3 1 0 2.0997 2.013 2.043 2.163 2.187 192.21 160.97 31.247 1476800000000.0 130300000000.0 0.0 2.1 3.0 420.1 12.52 51075000000.0 86870000000.0 0.1 -99.0 -99.0 -99.0 -99.0 30283 00000 -1.0
goodsn 12066 3 1 0 2.2639 2.056 2.162 2.352 2.407 23.444 21.491 1.9537 197160000000.0 8147000000.0 0.0 2.264 3.0 43.73 14.8 1943000000.0 5431400000.0 0.27 -99.0 -99.0 -99.0 -99.0 12066 goodsn-45-G141_12066 2.07868
goodsn 764 3 1 0 2.3125 2.177 2.242 2.382 2.436 25.895 17.172 8.7229 157540000000.0 36376000000.0 0.0 2.312 3.0 32.65 13.97 24949000000.0 24250000000.0 -1.04 -99.0 -99.0 -99.0 -99.0 764 goodsn-41-G141_00764 2.06639
goodsn 9500 3 1 0 2.3061 2.144 2.221 2.395 2.451 6.3245 -99.0 6.3245 -99.0 26374000000.0 2.0 2.306 3.0 -3.335 11.04 28522000000.0 17583000000.0 -1.74 -99.0 -99.0 -99.0 -99.0 9500 00000 -1.0
goodsn 720 3 1 0 2.1002 1.923 2.034 2.172 2.217 5.4348 -99.0 5.4348 -99.0 22664000000.0 2.0 2.1 3.0 -16.97 17.05 25409000000.0 15109000000.0 -1.85 -99.0 -99.0 -99.0 -99.0 720 goodsn-41-G141_00720 2.09256
goodsn 34261 3 1 0 2.1963 2.042 2.108 2.28 2.338 6.816 3.0176 3.7984 27684000000.0 15840000000.0 1.0 2.196 3.0 6.818 8.421 18418000000.0 10560000000.0 -1.89 -99.0 -99.0 -99.0 -99.0 34261 goodsn-27-G141_34261 2.22038
goodsn 7482 3 1 0 2.1187 1.936 2.038 2.204 2.273 4.5475 1.9049 2.6426 17476000000.0 11020000000.0 1.0 2.119 3.0 4.832 8.864 9052700000.0 7346700000.0 -1.29 -99.0 -99.0 -99.0 -99.0 7482 goodsn-44-G141_07482 2.05415
goodsn 11309 3 1 0 2.287 2.162 2.219 2.36 2.416 9.9017 5.9145 3.9871 54262000000.0 16627000000.0 0.0 2.287 3.0 11.64 11.4 16812000000.0 11085000000.0 -1.64 -99.0 -99.0 -99.0 -99.0 11309 goodsn-34-G141_11309 2.41952
goodsn 31955 2 1 1 2.3085 2.2883 2.3026 2.3868 2.4539 10.52 4.9651 5.5552 45551000000.0 23166000000.0 1.0 2.309 2.0 9.479 9.737 18961000000.0 15444000000.0 -1.28 -99.0 -99.0 -99.0 -99.0 31955 goodsn-27-G141_31955 2.30852
goodsn 8196 3 1 0 2.2655 2.159 2.199 2.331 2.374 5.0766 -99.0 5.0766 -99.0 21170000000.0 2.0 2.266 3.0 -7.397 11.87 17130000000.0 14113000000.0 -1.34 5.07 0.63 1343.48 346.53 8196 goodsn-11-G141_08196 1.2671
goodsn 9754 2 1 1 2.2252 2.1875 2.2073 2.2336 2.2965 20.643 11.907 8.7364 109240000000.0 36432000000.0 0.0 2.225 2.0 25.71 15.71 33019000000.0 24288000000.0 -1.47 -99.0 -99.0 -99.0 -99.0 9754 goodsn-45-G141_09754 2.22522
goodsn 34721 1 1 1 2.1231 -1.0 -1.0 -1.0 -1.0 37.885 26.515 11.37 243260000000.0 47415000000.0 0.0 2.123 1.0 66.86 12.49 40488000000.0 31610000000.0 -1.29 -99.0 -99.0 -99.0 -99.0 34721 goodsn-27-G141_34721 2.12208
goodsn 18376 3 1 0 2.4926 2.362 2.42 2.567 2.621 27.162 20.43 6.732 187430000000.0 28074000000.0 0.0 2.493 3.0 28.19 9.145 21035000000.0 18716000000.0 -1.14 -99.0 -99.0 -99.0 -99.0 18376 00000 -1.0
goodsn 28317 3 1 0 2.2766 2.139 2.202 2.352 2.407 15.453 8.2982 7.1549 76131000000.0 29837000000.0 0.0 2.277 3.0 16.57 14.73 28134000000.0 19891000000.0 -1.52 -99.0 -99.0 -99.0 -99.0 28317 00000 -1.0
goodsn 4165 2 1 1 2.0012 1.9959 1.9984 2.0027 2.0049 14.363 10.961 3.4023 100560000000.0 14188000000.0 0.0 2.001 2.0 33.03 9.74 9842500000.0 9458800000.0 -1.11 -99.0 -99.0 -99.0 -99.0 4165 goodsn-31-G141_04165 2.00116
goodsn 22669 1 1 1 2.1322 -1.0 -1.0 -1.0 -1.0 44.638 34.095 10.544 312790000000.0 43968000000.0 0.0 2.132 1.0 84.84 10.31 39420000000.0 29312000000.0 -1.43 -99.0 -99.0 -99.0 -99.0 22669 goodsn-25-G141_22669 2.1346
goodsn 13088 1 1 1 2.4605 -1.0 -1.0 -1.0 -1.0 240.63 223.65 16.983 2051800000000.0 70820000000.0 0.0 2.461 1.0 330.5 10.48 42680000000.0 47213000000.0 -0.57 -99.0 -99.0 -99.0 -99.0 13088 goodsn-45-G141_13088 2.45043
goodsn 25498 1 1 1 2.439 -1.0 -1.0 -1.0 -1.0 226.76 216.09 10.67 1982400000000.0 44494000000.0 0.0 2.439 1.0 333.8 9.112 32243000000.0 29663000000.0 -1.27 -99.0 -99.0 -99.0 -99.0 25498 goodsn-25-G141_25498 1.73464
goodsn 22299 2 1 1 2.1804 2.1679 2.1736 2.1855 2.1911 100.69 95.861 4.8308 879460000000.0 20145000000.0 0.0 2.18 2.0 222.0 8.927 11165000000.0 13430000000.0 -0.43 -99.0 -99.0 -99.0 -99.0 22299 goodsn-25-G141_22299 2.18038
goodsn 37469 3 1 0 2.4335 2.356 2.387 2.482 2.516 216.02 180.01 36.014 1651400000000.0 150180000000.0 0.0 2.434 3.0 280.8 11.05 100710000000.0 100120000000.0 -0.73 -99.0 -99.0 -99.0 -99.0 37469 00000 -1.0
goodsn 10268 3 1 0 2.3808 2.202 2.287 2.478 2.542 119.3 116.74 2.562 1071000000000.0 10684000000.0 0.0 2.381 3.0 200.2 9.743 7035400000.0 7122600000.0 -0.95 -99.0 -99.0 -99.0 -99.0 10268 goodsn-44-G141_10268 2.57691
goodsn 26888 2 1 1 2.0802 1.9485 2.0533 2.0987 2.1417 366.8 360.27 6.5248 3305300000000.0 27209000000.0 0.0 2.08 2.0 968.4 7.397 15603000000.0 18140000000.0 -0.58 -99.0 -99.0 -99.0 -99.0 26888 goodsn-114-G141_26888 2.08022
goodsn 28826 3 1 0 2.3559 2.194 2.258 2.447 2.552 236.6 232.74 3.8625 2135200000000.0 16107000000.0 0.0 2.356 3.0 415.4 38.57 6916100000.0 10738000000.0 -0.27 -99.0 -99.0 -99.0 -99.0 28826 00000 -1.0
goodsn 28810 3 1 0 2.3058 2.17 2.226 2.391 2.465 256.53 253.42 3.1055 2325000000000.0 12950000000.0 0.0 2.306 3.0 485.8 284.4 2829200000.0 8633600000.0 0.53 -99.0 -99.0 -99.0 -99.0 28810 00000 -1.0
goodsn 6789 1 1 1 2.2461 -1.0 -1.0 -1.0 -1.0 348.69 344.31 4.3796 3158800000000.0 18263000000.0 0.0 2.246 1.0 719.8 12.2 8165500000.0 12176000000.0 -0.34 -99.0 -99.0 -99.0 -99.0 6789 goodsn-21-G141_06789 2.35181
goodsn 22274 3 1 0 2.3531 2.14 2.287 2.415 2.451 14.342 6.214 8.1284 57009000000.0 33897000000.0 0.0 2.353 3.0 11.14 7.506 37308000000.0 22598000000.0 -1.77 -99.0 -99.0 -99.0 -99.0 22274 goodsn-13-G141_22274 0.10905
goodsn 7805 2 1 1 2.2756 2.2716 2.2734 2.2771 2.2788 17.92 8.5662 9.3533 78589000000.0 39005000000.0 0.0 2.276 2.0 17.13 10.38 46753000000.0 26003000000.0 -1.93 -99.0 -99.0 -99.0 -99.0 7805 goodsn-44-G141_07805 2.2756
goodsn 21398 3 1 0 2.2211 2.046 2.127 2.311 2.377 7.3688 4.9019 2.4669 44972000000.0 10287000000.0 1.0 2.221 3.0 10.65 18.3 11476000000.0 6858200000.0 -1.84 -99.0 -99.0 -99.0 -99.0 21398 goodsn-24-G141_21398 1.92414
goodsn 7608 3 1 0 2.3177 2.131 2.228 2.408 2.492 10.773 8.3678 2.4056 76769000000.0 10032000000.0 0.0 2.318 3.0 15.78 14.52 10657000000.0 6687800000.0 -1.76 -99.0 -99.0 -99.0 -99.0 7608 goodsn-33-G141_07608 2.29861
goodsn 32485 2 1 1 2.2349 2.2291 2.2311 2.2351 2.237 27.449 19.212 8.2368 176260000000.0 34349000000.0 0.0 2.235 2.0 40.85 7.522 35372000000.0 22899000000.0 -1.65 -99.0 -99.0 -99.0 -99.0 32485 goodsn-16-G141_32485 2.23491
goodsn 7626 3 1 0 2.3401 2.18 2.257 2.429 2.485 33.133 30.224 2.9089 277290000000.0 12131000000.0 0.0 2.34 3.0 55.23 17.78 6984800000.0 8087100000.0 -0.47 -99.0 -99.0 -99.0 -99.0 7626 goodsn-43-G141_07626 2.37704
goodsn 20801 2 1 1 2.0027 1.9973 1.9995 2.0037 2.0056 20.9 11.009 9.8914 101000000000.0 41248000000.0 0.0 2.003 2.0 33.08 9.7 38466000000.0 27499000000.0 -1.47 -99.0 -99.0 -99.0 -99.0 20801 goodsn-24-G141_20801 2.00266
goodsn 2498 2 1 1 2.3019 2.2934 2.2973 2.3062 2.3108 34.955 21.313 13.642 195530000000.0 56889000000.0 0.0 2.302 2.0 41.08 11.91 58713000000.0 37926000000.0 -1.7 -99.0 -99.0 -99.0 -99.0 2498 goodsn-31-G141_02498 2.30191
goodsn 13128 3 1 0 2.234 2.077 2.151 2.318 2.381 25.855 22.597 3.2586 207310000000.0 13589000000.0 0.0 2.234 3.0 48.12 7.007 11359000000.0 9059100000.0 -1.35 -99.0 -99.0 -99.0 -99.0 13128 goodsn-45-G141_13128 1.98172
goodsn 34812 1 1 1 2.3049 -1.0 -1.0 -1.0 -1.0 116.2 106.79 9.4115 979760000000.0 39247000000.0 0.0 2.305 1.0 205.0 10.87 24706000000.0 26165000000.0 -0.62 -99.0 -99.0 -99.0 -99.0 34812 goodsn-27-G141_34812 2.30686
goodsn 9111 3 1 0 2.2299 2.124 2.167 2.294 2.341 82.14 70.286 11.854 644820000000.0 49432000000.0 0.0 2.23 3.0 150.6 7.74 35922000000.0 32955000000.0 -1.02 -99.0 -99.0 -99.0 -99.0 9111 00000 -1.0
goodsn 30006 2 1 1 2.1947 2.1872 2.1907 2.1969 2.2005 90.721 85.331 5.3893 782860000000.0 22474000000.0 0.0 2.195 2.0 193.1 10.44 11688000000.0 14983000000.0 -0.43 -99.0 -99.0 -99.0 -99.0 30006 goodsn-26-G141_30006 2.19472
goodsn 9815 3 1 0 2.3771 2.24 2.308 2.444 2.488 108.48 100.68 7.8013 923680000000.0 32533000000.0 0.0 2.377 3.0 173.8 10.23 23445000000.0 21688000000.0 -1.05 -99.0 -99.0 -99.0 -99.0 9815 00000 -1.0
goodsn 30600 2 1 1 2.0419 2.0334 2.0375 2.0455 2.0498 79.563 63.186 16.377 579690000000.0 68294000000.0 0.0 2.042 2.0 179.5 8.669 55540000000.0 45530000000.0 -1.24 -99.0 -99.0 -99.0 -99.0 30600 goodsn-15-G141_30600 2.04195
goodsn 5359 2 1 1 2.3301 2.3114 2.3178 2.3346 2.3447 276.23 270.92 5.3065 2485500000000.0 22129000000.0 0.0 2.33 2.0 502.4 8.877 7432600000.0 14753000000.0 0.43 -99.0 -99.0 -99.0 -99.0 5359 goodsn-32-G141_05359 2.33009
goodsn 6116 2 1 1 2.0374 1.6838 1.9774 2.0603 2.1055 189.73 185.24 4.4921 1699400000000.0 18733000000.0 0.0 2.037 2.0 530.1 9.995 11012000000.0 12488000000.0 -0.61 -99.0 -99.0 -99.0 -99.0 6116 goodsn-43-G141_06116 2.03739
goodsn 29021 3 1 0 2.1377 1.986 2.064 2.214 2.271 225.29 219.51 5.785 2013800000000.0 24124000000.0 0.0 2.138 3.0 541.4 23.78 10367000000.0 16083000000.0 -0.17 -99.0 -99.0 -99.0 -99.0 29021 00000 -1.0
goodsn 35241 2 1 1 2.256 2.2229 2.23 2.258 2.263 767.84 765.08 2.7551 7019100000000.0 11489000000.0 0.0 2.256 2.0 1575.0 55.16 5034300000.0 7659600000.0 -0.35 -99.0 -99.0 -99.0 -99.0 35241 goodsn-17-G141_35241 2.256
goodsn 36582 1 1 1 2.365 -1.0 -1.0 -1.0 -1.0 1322.0 1309.8 12.209 12017000000000.0 50914000000.0 0.0 2.365 1.0 2306.0 9.505 12111000000.0 33942000000.0 0.49 -99.0 -99.0 -99.0 -99.0 36582 goodsn-28-G141_36582 1.57668
goodsn 21322 3 1 0 2.6729 2.503 2.558 2.757 3.089 0.48035 -99.0 0.48035 -99.0 2003100000.0 2.0 2.673 3.0 -0.4254 8.653 624030000.0 1335400000.0 0.42 -99.0 -99.0 -99.0 -99.0 21322 00000 -1.0
goodsn 29783 3 1 0 2.6614 2.519 2.593 2.731 2.803 0.38796 -99.0 0.38796 -99.0 1617800000.0 2.0 2.661 3.0 -3.006 6.729 1843500000.0 1078600000.0 -1.82 -99.0 -99.0 -99.0 -99.0 29783 00000 -1.0
goodsn 639 3 1 0 2.6362 2.474 2.56 2.713 2.764 9.3922 6.3247 3.0675 58025000000.0 12792000000.0 1.0 2.636 3.0 6.144 10.76 11487000000.0 8527900000.0 -1.57 -99.0 -99.0 -99.0 -99.0 639 00000 -1.0
goodsn 38189 3 1 0 2.8478 2.665 2.75 2.946 3.033 5.2677 -99.0 5.2677 -99.0 21967000000.0 2.0 2.848 3.0 -2.94 9.043 19788000000.0 14645000000.0 -1.45 -99.0 -99.0 -99.0 -99.0 38189 00000 -1.0
goodsn 26136 3 1 0 2.7061 2.545 2.62 2.794 2.882 5.5601 -99.0 5.5601 -99.0 23187000000.0 2.0 2.706 3.0 -4.396 7.572 19103000000.0 15458000000.0 -1.29 -99.0 -99.0 -99.0 -99.0 26136 00000 -1.0
goodsn 27725 3 1 0 2.7494 2.606 2.664 2.838 2.9 5.226 -99.0 5.226 -99.0 21793000000.0 2.0 2.749 3.0 -1.496 10.28 20480000000.0 14529000000.0 -1.54 -99.0 -99.0 -99.0 -99.0 27725 00000 -1.0
goodsn 841 3 1 0 2.671 2.516 2.602 2.743 2.788 14.369 12.175 2.1947 111690000000.0 9152000000.0 1.0 2.671 3.0 10.84 13.84 1572200000.0 6101400000.0 1.54 -99.0 -99.0 -99.0 -99.0 841 00000 -1.0
goodsn 10307 2 1 1 2.9177 2.9043 2.9102 2.9215 2.9269 36.766 23.271 13.495 213500000000.0 56274000000.0 0.0 2.918 2.0 12.53 7.668 26142000000.0 37516000000.0 -0.18 -99.0 -99.0 -99.0 -99.0 10307 goodsn-22-G141_10307 2.91768
goodsn 1277 3 1 0 2.5487 2.435 2.478 2.622 2.694 35.364 26.62 8.744 244220000000.0 36464000000.0 0.0 2.549 3.0 32.18 15.82 24163000000.0 24309000000.0 -0.72 -99.0 -99.0 -99.0 -99.0 1277 goodsn-42-G141_01277 2.69322
goodsn 6215 1 1 1 2.5054 -1.0 -1.0 -1.0 -1.0 156.35 139.78 16.565 1282400000000.0 69080000000.0 0.0 2.505 1.0 187.8 12.04 15782000000.0 46053000000.0 1.0 -99.0 -99.0 -99.0 -99.0 6215 goodsn-21-G141_06215 2.20592
goodsn 34883 3 1 0 2.8177 2.589 2.738 2.912 2.994 40.677 37.209 3.4684 341370000000.0 14464000000.0 0.0 2.818 3.0 24.02 6.835 7211200000.0 9642600000.0 -0.43 -99.0 -99.0 -99.0 -99.0 34883 goodsn-17-G141_34883 2.68585
goodsn 1408 3 1 0 2.5108 2.331 2.418 2.606 2.68 3.3333 -99.0 3.3333 -99.0 13901000000.0 2.0 2.511 3.0 -4.34 13.8 14560000000.0 9267000000.0 -1.69 -99.0 -99.0 -99.0 -99.0 1408 goodsn-42-G141_01408 2.1772
goodsn 24980 3 1 0 2.9083 2.775 2.834 2.985 3.04 4.9539 -99.0 4.9539 -99.0 20659000000.0 2.0 2.908 3.0 -3.679 9.158 20268000000.0 13772000000.0 -1.59 -99.0 -99.0 -99.0 -99.0 24980 goodsn-36-G141_24980 2.92945
goodsn 1219 3 1 0 2.9923 2.828 2.901 3.083 3.156 4.1264 -99.0 4.1264 -99.0 17208000000.0 2.0 2.992 3.0 -10.26 12.35 17437000000.0 11472000000.0 -1.68 -99.0 -99.0 -99.0 -99.0 1219 goodsn-31-G141_01219 3.14955
goodsn 7938 1 1 1 2.943 -1.0 -1.0 -1.0 -1.0 29.921 16.136 13.785 148040000000.0 57486000000.0 1.0 2.943 1.0 8.279 21.61 49283000000.0 38324000000.0 -1.32 -99.0 -99.0 -99.0 -99.0 7938 goodsn-33-G141_07938 3.04912
goodsn 12883 2 1 1 2.7434 2.7298 2.7363 2.7458 2.7542 40.546 27.074 13.472 248380000000.0 56181000000.0 0.0 2.743 2.0 20.34 9.634 39312000000.0 37454000000.0 -0.88 -99.0 -99.0 -99.0 -99.0 12883 goodsn-45-G141_12883 2.74342
goodsn 3014 3 1 0 2.937 2.813 2.869 3.003 3.047 25.611 17.5 8.1114 160550000000.0 33826000000.0 1.0 2.937 3.0 9.086 9.499 24148000000.0 22551000000.0 -1.04 -99.0 -99.0 -99.0 -99.0 3014 goodsn-31-G141_03014 2.7603
goodsn 28283 3 1 0 2.9934 2.864 2.917 3.069 3.117 65.345 52.592 12.753 482500000000.0 53180000000.0 0.0 2.993 3.0 24.36 10.11 45805000000.0 35453000000.0 -1.37 -99.0 -99.0 -99.0 -99.0 28283 00000 -1.0
goodsn 21772 2 1 1 2.9157 2.8754 2.907 3.0196 3.066 180.19 164.44 15.746 1508600000000.0 65665000000.0 0.0 2.916 2.0 88.87 8.682 43417000000.0 43777000000.0 -0.7 -99.0 -99.0 -99.0 -99.0 21772 goodsn-25-G141_21772 2.91572
goodsn 20924 1 1 1 2.551 -1.0 -1.0 -1.0 -1.0 83.651 52.089 31.562 477880000000.0 131620000000.0 0.0 2.551 1.0 62.66 12.76 119160000000.0 87745000000.0 -1.46 -99.0 -99.0 -99.0 -99.0 20924 goodsn-36-G141_20924 2.58587
goodsn 34028 3 1 0 2.6837 2.528 2.617 2.753 2.805 260.88 258.85 2.0311 2374800000000.0 8469900000.0 0.0 2.684 3.0 223.4 7.863 340410000.0 5646600000.0 3.8 -99.0 -99.0 -99.0 -99.0 34028 00000 -1.0
goodsn 12379 1 1 1 2.914 -1.0 -1.0 -1.0 -1.0 263.33 257.35 5.9829 2361000000000.0 24949000000.0 0.0 2.914 1.0 139.6 10.87 7351200000.0 16633000000.0 0.54 -99.0 -99.0 -99.0 -99.0 12379 goodsn-45-G141_12379 2.91377
goodsn 317 3 1 0 2.5416 2.45 2.477 2.607 2.691 469.53 465.03 4.5004 4266300000000.0 18767000000.0 0.0 2.542 3.0 571.8 14.77 3655800000.0 12511000000.0 1.12 -99.0 -99.0 -99.0 -99.0 317 00000 -1.0
goodsn 5856 3 1 0 2.6684 2.565 2.607 2.73 2.769 377.58 375.79 1.7911 3447600000000.0 7469200000.0 0.0 2.668 3.0 337.1 8.375 857650000.0 4979500000.0 2.24 -99.0 -99.0 -99.0 -99.0 5856 goodsn-32-G141_05856 2.05109
goodsn 12945 2 1 1 2.8286 2.7065 2.7491 2.9468 2.978 265.51 259.63 5.8836 2381900000000.0 24535000000.0 0.0 2.829 2.0 164.3 9.178 6057200000.0 16357000000.0 0.72 -99.0 -99.0 -99.0 -99.0 12945 goodsn-45-G141_12945 2.8286
goodsn 4056 3 1 0 2.7806 2.66 2.71 2.85 2.903 7.1204 2.7436 4.3769 25170000000.0 18252000000.0 1.0 2.781 3.0 1.901 9.228 20728000000.0 12168000000.0 -1.84 -99.0 -99.0 -99.0 -99.0 4056 goodsn-32-G141_04056 2.84011
goodsn 11394 3 1 0 2.9375 2.761 2.846 3.033 3.117 13.494 8.1825 5.3115 75069000000.0 22150000000.0 1.0 2.938 3.0 4.24 5.787 24561000000.0 14767000000.0 -1.78 -99.0 -99.0 -99.0 -99.0 11394 goodsn-45-G141_11394 2.91377
goodsn 11291 1 1 1 2.803 -1.0 -1.0 -1.0 -1.0 62.546 45.365 17.182 416190000000.0 71650000000.0 0.0 2.803 1.0 30.09 14.44 66167000000.0 47766000000.0 -1.43 -99.0 -99.0 -99.0 -99.0 11291 goodsn-33-G141_11291 2.89814
goodsn 37392 3 1 0 2.7585 2.628 2.676 2.855 2.916 37.429 28.565 8.8638 262060000000.0 36963000000.0 0.0 2.758 3.0 20.75 11.02 32220000000.0 24642000000.0 -1.38 -99.0 -99.0 -99.0 -99.0 37392 goodsn-17-G141_37392 2.75279
goodsn 37497 3 1 0 2.9485 2.834 2.885 3.015 3.069 29.228 22.224 7.0042 203890000000.0 29208000000.0 0.0 2.948 3.0 11.29 8.435 28046000000.0 19472000000.0 -1.56 -99.0 -99.0 -99.0 -99.0 37497 goodsn-18-G141_37497 2.99283
goodsn 2787 3 1 0 2.7242 2.582 2.642 2.811 2.912 33.85 26.638 7.212 244390000000.0 30075000000.0 0.0 2.724 3.0 20.91 15.86 25308000000.0 20050000000.0 -1.3 -99.0 -99.0 -99.0 -99.0 2787 goodsn-42-G141_02787 2.77726
goodsn 21133 3 1 0 2.9409 2.781 2.854 3.03 3.103 25.881 19.899 5.9818 182560000000.0 24945000000.0 1.0 2.941 3.0 10.25 10.68 21029000000.0 16630000000.0 -1.31 -99.0 -99.0 -99.0 -99.0 21133 00000 -1.0
goodsn 14584 3 1 0 2.6944 2.587 2.64 2.756 2.964 162.54 160.93 1.6083 1476400000000.0 6706700000.0 0.0 2.694 3.0 135.6 9.119 1658800000.0 4471100000.0 0.41 -99.0 -99.0 -99.0 -99.0 14584 goodsn-45-G141_14584 3.2546
goodsn 29266 1 1 1 2.936 -1.0 -1.0 -1.0 -1.0 58.713 44.134 14.579 404890000000.0 60797000000.0 0.0 2.936 1.0 22.96 6.554 48720000000.0 40531000000.0 -1.19 -99.0 -99.0 -99.0 -99.0 29266 goodsn-15-G141_29266 2.94915
goodsn 738 2 1 1 2.9531 2.8381 2.8792 2.9697 3.032 169.0 150.4 18.6 1379800000000.0 77563000000.0 1.0 2.953 2.0 75.65 117.7 61359000000.0 51708000000.0 -1.23 -99.0 -99.0 -99.0 -99.0 738 goodsn-41-G141_00738 2.9531
goodsn 3990 3 1 0 2.5408 2.488 2.498 2.583 2.603 333.65 330.6 3.0448 3033000000000.0 12697000000.0 0.0 2.541 3.0 407.5 7.965 2633500000.0 8464900000.0 0.98 -99.0 -99.0 -99.0 -99.0 3990 goodsn-43-G141_03990 1.99068
goodsn 9146 2 1 1 2.5061 2.4935 2.4999 2.5229 2.5718 216.33 196.71 19.614 1804700000000.0 81793000000.0 0.0 2.506 2.0 263.7 9.436 53430000000.0 54529000000.0 -0.69 -99.0 -99.0 -99.0 -99.0 9146 goodsn-45-G141_09146 2.50608
goodsn 11785 1 1 1 2.737 -1.0 -1.0 -1.0 -1.0 686.61 664.65 21.964 6097700000000.0 91593000000.0 0.0 2.737 1.0 506.3 11.28 40252000000.0 61062000000.0 -0.36 -99.0 -99.0 -99.0 -99.0 11785 goodsn-34-G141_11785 1.98172
goodsn 22904 2 1 1 2.7173 2.5626 2.5995 2.7237 3.3376 447.85 439.99 7.855 4036600000000.0 32756000000.0 0.0 2.717 2.0 351.0 290.2 12608000000.0 21838000000.0 0.09 -99.0 -99.0 -99.0 -99.0 22904 goodsn-13-G141_22904 2.71731
goodsn 28821 3 1 0 2.5594 2.28 2.496 2.608 2.647 551.94 548.57 3.374 5032700000000.0 14070000000.0 0.0 2.559 3.0 646.8 10.54 3039800000.0 9380100000.0 0.81 -99.0 -99.0 -99.0 -99.0 28821 00000 -1.0
goodsn 37558 2 1 1 2.6437 2.6349 2.6387 2.6456 2.6496 353.68 344.54 9.1407 3160900000000.0 38118000000.0 0.0 2.644 2.0 328.1 10.67 16625000000.0 25412000000.0 -0.08 -99.0 -99.0 -99.0 -99.0 37558 goodsn-17-G141_37558 2.6437
