# field phot_id z_best_s use_phot use_zgrism z_best z_best_l95 z_best_l68 z_best_u68 z_best_u95 sfr sfr_IR sfr_UV L_IR L_UV flag z_sfr z_type f24tot ef24tot L_1600 L_2800 beta Ha_FLUX Ha_FLUX_ERR Ha_EQW Ha_EQW_ERR number grism_id z_max_grism
# Author: I. Momcheva (Sat Oct  3 21:18:14 2015)
goodss 47721 2 1 1 0.8842 0.8796 0.8818 0.886 0.888 -99.0 -99.0 -99.0 -99.0 -99.0 -99.0 0.8842 2.0 nan 0.0 -99.0 -99.0 -1.34 5.75 0.92 166.44 28.41 47721 goodss-01-G141_47721 0.88419
goodss 48177 2 1 1 0.9719 0.9653 0.9682 0.9734 0.9762 -99.0 -99.0 -99.0 -99.0 -99.0 -99.0 0.9719 2.0 nan 0.0 -99.0 -99.0 -1.29 6.61 1.03 249.1 44.54 48177 goodss-01-G141_48177 0.9719
goodss 44116 3 1 0 0.7305 0.704 0.709 0.752 0.771 -99.0 -99.0 -99.0 -99.0 -99.0 -99.0 0.7305 3.0 nan 0.0 -99.0 -99.0 -0.3 -99.0 -99.0 -99.0 -99.0 44116 00000 -1.0
goodss 50450 3 1 0 0.6992 0.657 0.674 0.726 0.747 -99.0 -99.0 -99.0 -99.0 -99.0 -99.0 0.6992 3.0 nan 0.0 -99.0 -99.0 1.6 -99.0 -99.0 -99.0 -99.0 50450 00000 -1.0
goodss 44957 2 1 1 0.9699 0.9671 0.9683 0.9707 0.9718 -99.0 -99.0 -99.0 -99.0 -99.0 -99.0 0.9699 2.0 nan 0.0 -99.0 -99.0 -1.47 33.82 1.13 689.24 31.24 44957 goodss-01-G141_44957 0.96993
goodss 12623 2 1 1 0.7367 0.7006 0.7173 0.7467 0.7604 -99.0 -99.0 -99.0 -99.0 -99.0 -99.0 0.7367 2.0 nan 0.0 -99.0 -99.0 -1.47 8.16 2.29 130.07 43.23 12623 goodss-28-G141_12623 0.73672
goodss 48109 2 1 1 0.8739 0.8675 0.8713 0.8812 0.8888 -99.0 -99.0 -99.0 -99.0 -99.0 -99.0 0.8739 2.0 nan 0.0 -99.0 -99.0 -1.62 2.72 0.87 328.18 124.13 48109 goodss-01-G141_48109 0.87386
goodss 47615 2 1 1 0.8842 0.8789 0.8812 0.8853 0.8869 -99.0 -99.0 -99.0 -99.0 -99.0 -99.0 0.8842 2.0 nan 0.0 -99.0 -99.0 -1.03 10.38 1.12 197.37 23.67 47615 goodss-01-G141_47615 0.88419
goodss 49896 3 1 0 0.5275 0.498 0.507 0.549 0.556 -99.0 -99.0 -99.0 -99.0 -99.0 -99.0 0.5275 3.0 nan 0.0 -99.0 -99.0 -0.67 -99.0 -99.0 -99.0 -99.0 49896 goodss-01-G141_49896 0.51361
goodss 13464 3 1 0 0.8445 0.779 0.805 0.88 0.933 -99.0 -99.0 -99.0 -99.0 -99.0 -99.0 0.8445 3.0 nan 0.0 -99.0 -99.0 -1.88 3.81 1.35 359.1 147.38 13464 goodss-28-G141_13464 0.86918
goodss 46279 3 1 0 0.5469 0.513 0.528 0.568 0.581 -99.0 -99.0 -99.0 -99.0 -99.0 -99.0 0.5469 3.0 nan 0.0 -99.0 -99.0 -0.62 -99.0 -99.0 -99.0 -99.0 46279 00000 -1.0
goodss 16874 2 1 1 0.8395 0.8372 0.8382 0.8404 0.8416 -99.0 -99.0 -99.0 -99.0 -99.0 -99.0 0.8395 2.0 nan 0.0 -99.0 -99.0 -1.84 17.28 0.85 537.67 38.12 16874 goodss-28-G141_16874 0.83951
goodss 49501 2 1 1 0.6234 0.5826 0.5984 0.6269 0.6342 -99.0 -99.0 -99.0 -99.0 -99.0 -99.0 0.6234 2.0 nan 0.0 -99.0 -99.0 -1.29 21.56 17.44 134.05 108.78 49501 goodss-01-G141_49501 0.62336
goodss 11086 3 1 0 0.5857 0.537 0.555 0.616 0.644 -99.0 -99.0 -99.0 -99.0 -99.0 -99.0 0.5857 3.0 nan 0.0 -99.0 -99.0 -1.6 5.61 1.21 256.54 71.04 11086 goodss-28-G141_11086 1.48805
goodss 44225 3 1 0 0.9341 0.829 0.866 0.979 1.006 -99.0 -99.0 -99.0 -99.0 -99.0 -99.0 0.9341 3.0 nan 0.0 -99.0 -99.0 -1.63 26.35 20.37 3.1480421447912115e+200 inf 44225 goodss-01-G141_44225 0.94546
goodss 49728 2 1 1 0.6762 0.6176 0.6532 0.679 0.6844 -99.0 -99.0 -99.0 -99.0 -99.0 -99.0 0.6762 2.0 nan 0.0 -99.0 -99.0 -1.7 5.77 3.42 72.59 43.86 49728 goodss-01-G141_49728 0.67615
goodss 49669 3 1 0 0.6279 0.589 0.607 0.65 0.668 -99.0 -99.0 -99.0 -99.0 -99.0 -99.0 0.6279 3.0 nan 0.0 -99.0 -99.0 -0.18 16.85 1.33 261.64 24.33 49669 goodss-01-G141_49669 1.22888
goodss 48720 3 1 0 0.5843 0.554 0.563 0.604 0.618 -99.0 -99.0 -99.0 -99.0 -99.0 -99.0 0.5843 3.0 nan 0.0 -99.0 -99.0 3.44 0.79 0.7 33.67 30.56 48720 goodss-01-G141_48720 0.88043
goodss 13181 2 1 1 0.5242 0.5193 0.5216 0.5254 0.5272 -99.0 -99.0 -99.0 -99.0 -99.0 -99.0 0.5242 2.0 nan 0.0 -99.0 -99.0 -0.06 -99.0 -99.0 -99.0 -99.0 13181 goodss-28-G141_13181 0.52425
goodss 13189 2 1 1 0.5809 0.565 0.5701 0.583 0.5872 -99.0 -99.0 -99.0 -99.0 -99.0 -99.0 0.5809 2.0 nan 0.0 -99.0 -99.0 -0.49 -99.0 -99.0 -99.0 -99.0 13189 goodss-28-G141_13189 0.58091
goodss 16214 3 1 0 0.9675 0.853 0.909 1.032 1.137 -99.0 -99.0 -99.0 -99.0 -99.0 -99.0 0.9675 3.0 nan 0.0 -99.0 -99.0 0.21 -99.0 -99.0 -99.0 -99.0 16214 goodss-28-G141_16214 2.61106
goodss 16696 3 1 0 0.587 0.559 0.569 0.612 0.619 0.064618 -99.0 0.064618 -99.0 269460000.0 2.0 0.587 3.0 -0.0002571 0.0001746 2722700.0 179640000.0 6.83 -99.0 -99.0 -99.0 -99.0 16696 00000 -1.0
goodss 44857 3 1 0 0.9344 0.774 0.83 1.019 1.228 -99.0 -99.0 -99.0 -99.0 -99.0 -99.0 0.9344 3.0 nan 0.0 -99.0 -99.0 -1.88 17.65 4.63 377.47 111.82 44857 goodss-01-G141_44857 1.19022
goodss 45922 2 1 1 0.9367 0.9219 0.9303 1.0201 1.05 -99.0 -99.0 -99.0 -99.0 -99.0 -99.0 0.9367 2.0 nan 0.0 -99.0 -99.0 -0.79 6.78 4.79 47.93 34.09 45922 goodss-01-G141_45922 0.93673
goodss 47280 2 1 1 0.6266 0.5796 0.5951 0.6363 0.6489 -99.0 -99.0 -99.0 -99.0 -99.0 -99.0 0.6266 2.0 nan 0.0 -99.0 -99.0 -0.47 11.38 13.72 42.99 52.17 47280 goodss-01-G141_47280 0.62661
goodss 47634 2 1 1 0.965 0.9581 0.9614 0.9684 0.9725 -99.0 -99.0 -99.0 -99.0 -99.0 -99.0 0.965 2.0 nan 0.0 -99.0 -99.0 -0.64 10.98 1.51 167.35 24.15 47634 goodss-01-G141_47634 0.96502
goodss 47746 2 1 1 0.5076 0.4837 0.4914 0.5135 0.5258 -99.0 -99.0 -99.0 -99.0 -99.0 -99.0 0.5076 2.0 nan 0.0 -99.0 -99.0 0.32 -99.0 -99.0 -99.0 -99.0 47746 goodss-01-G141_47746 0.50757
goodss 47857 2 1 1 0.9778 0.8569 0.8832 0.9817 1.0007 -99.0 -99.0 -99.0 -99.0 -99.0 -99.0 0.9778 2.0 nan 0.0 -99.0 -99.0 -1.54 2.65 1.47 81.51 46.35 47857 goodss-01-G141_47857 0.97783
goodss 48818 2 1 1 0.7212 0.7158 0.7188 0.7245 0.7276 -99.0 -99.0 -99.0 -99.0 -99.0 -99.0 0.7212 2.0 nan 0.0 -99.0 -99.0 0.96 10.05 1.52 159.91 25.87 48818 goodss-01-G141_48818 0.72116
goodss 49612 2 1 1 0.6778 0.6715 0.6748 0.6801 0.6827 -99.0 -99.0 -99.0 -99.0 -99.0 -99.0 0.6778 2.0 nan 0.0 -99.0 -99.0 -0.98 38.97 3.51 170.67 15.79 49612 goodss-01-G141_49612 0.67783
goodss 49702 3 1 0 0.5318 0.489 0.513 0.553 0.566 -99.0 -99.0 -99.0 -99.0 -99.0 -99.0 0.5318 3.0 nan 0.0 -99.0 -99.0 0.3 -99.0 -99.0 -99.0 -99.0 49702 goodss-01-G141_49702 0.56674
goodss 50500 3 1 0 0.5798 0.557 0.561 0.599 0.604 -99.0 -99.0 -99.0 -99.0 -99.0 -99.0 0.5798 3.0 nan 0.0 -99.0 -99.0 0.35 -99.0 -99.0 -99.0 -99.0 50500 00000 -1.0
goodss 10363 3 1 0 0.6124 0.589 0.594 0.632 0.636 -99.0 -99.0 -99.0 -99.0 -99.0 -99.0 0.6124 3.0 nan 0.0 -99.0 -99.0 -0.32 -0.0 1.09 -0.01 5.53 10363 goodss-28-G141_10363 0.72893
goodss 45789 2 1 1 0.9848 0.9818 0.9829 0.9851 0.9862 -99.0 -99.0 -99.0 -99.0 -99.0 -99.0 0.9848 2.0 nan 0.0 -99.0 -99.0 -0.01 33.59 0.86 200.03 5.43 45789 goodss-01-G141_45789 0.98476
goodss 11173 3 1 0 0.6197 0.59 0.602 0.645 0.652 -99.0 -99.0 -99.0 -99.0 -99.0 -99.0 0.6197 3.0 nan 0.0 -99.0 -99.0 -0.08 11.55 10.82 35.76 33.41 11173 goodss-28-G141_11173 0.7272
goodss 45424 2 1 1 0.7289 0.7213 0.7247 0.731 0.7342 -99.0 -99.0 -99.0 -99.0 -99.0 -99.0 0.7289 2.0 nan 0.0 -99.0 -99.0 0.39 91.16 6.19 175.79 12.95 45424 goodss-01-G141_45424 0.72893
goodss 3748 2 1 1 0.968 0.9546 0.9613 0.9755 0.9839 0.16689 -99.0 0.16689 -99.0 695950000.0 2.0 0.968 2.0 -5.139 8.874 129910000.0 463960000.0 0.84 0.49 0.91 7.49 13.97 3748 goodss-05-G141_03748 0.96796
goodss 48445 3 1 0 0.7285 0.704 0.708 0.749 0.754 0.18709 -99.0 0.18709 -99.0 780210000.0 2.0 0.7285 3.0 -16.46 19.93 196350000.0 520140000.0 0.57 -99.0 -99.0 -99.0 -99.0 48445 00000 -1.0
goodss 12686 2 1 1 0.8478 0.7607 0.7786 0.8521 0.8655 -99.0 -99.0 -99.0 -99.0 -99.0 -99.0 0.8478 2.0 nan 0.0 -99.0 -99.0 0.25 5.7 2.22 52.17 21.14 12686 goodss-28-G141_12686 0.84781
goodss 35823 1 1 1 0.524 -1.0 -1.0 -1.0 -1.0 0.41692 0.013784 0.40314 126460000.0 1681100000.0 1.0 0.524 1.0 0.895 11.3 262690000.0 1120800000.0 1.04 -99.0 -99.0 -99.0 -99.0 35823 goodss-12-G141_35823 0.52425
goodss 6492 2 1 1 0.5197 0.5053 0.5111 0.5235 0.5282 0.30232 -99.0 0.30232 -99.0 1260700000.0 2.0 0.5197 2.0 -4.624 0.001329 466950000.0 840480000.0 -0.21 -99.0 -99.0 -99.0 -99.0 6492 goodss-28-G141_06492 -1.0
goodss 2977 1 1 1 0.688 -1.0 -1.0 -1.0 -1.0 0.39935 -99.0 0.39935 -99.0 1665300000.0 2.0 0.688 1.0 -0.6518 7.473 227810000.0 1110200000.0 2.06 -0.81 1.65 -2.35 4.81 2977 goodss-13-G141_02977 0.6854
goodss 24622 1 1 1 0.669 -1.0 -1.0 -1.0 -1.0 2.3033 1.4273 0.87599 13094000000.0 3653000000.0 0.0 0.669 1.0 54.53 11.09 886310000.0 2435300000.0 0.39 0.15 2.26 0.1 1.59 24622 goodss-32-G141_24622 0.66779
goodss 46636 2 1 1 0.662 0.6569 0.6589 0.6633 0.6654 1.1694 0.1938 0.97561 1778000000.0 4068400000.0 1.0 0.662 2.0 7.552 8.048 1340400000.0 2712300000.0 -0.09 9.78 4.34 8.04 3.57 46636 goodss-11-G141_46636 0.66196
goodss 32814 2 1 1 0.5159 0.4863 0.4998 0.5249 0.5367 0.075551 0.037092 0.03846 340290000.0 160380000.0 1.0 0.5159 2.0 2.508 6.772 11404000.0 106920000.0 2.78 -99.0 -99.0 -99.0 -99.0 32814 goodss-09-G141_32814 0.51589
goodss 27171 2 1 1 0.7281 0.6216 0.6454 0.7304 0.7512 0.0672 -99.0 0.0672 -99.0 280230000.0 2.0 0.7281 2.0 -2.474 9.515 53576000.0 186820000.0 1.34 2.22 1.72 136.77 120.39 27171 goodss-09-G141_27171 0.72806
goodss 24368 2 1 1 0.7298 0.7048 0.7167 0.7452 0.7635 0.054194 -99.0 0.054194 -99.0 226000000.0 2.0 0.7298 2.0 -2.93 6.749 39029000.0 150660000.0 1.44 2.26 1.42 82.16 54.65 24368 goodss-02-G141_24368 0.72979
goodss 17042 2 1 1 0.7177 0.6428 0.7016 0.7246 0.7355 0.18013 0.016613 0.16352 152410000.0 681900000.0 1.0 0.7177 2.0 0.547 9.363 92225000.0 454600000.0 1.81 2.7 2.26 39.44 33.69 17042 goodss-19-G141_17042 0.71772
goodss 26555 1 1 1 0.726 -1.0 -1.0 -1.0 -1.0 0.78396 0.31353 0.47043 2876400000.0 1961800000.0 1.0 0.726 1.0 10.07 11.04 592400000.0 1307800000.0 0.3 -99.0 -99.0 -99.0 -99.0 26555 goodss-02-G141_26555 0.57775
goodss 27643 1 1 1 0.737 -1.0 -1.0 -1.0 -1.0 0.09883 -99.0 0.09883 -99.0 412130000.0 2.0 0.737 1.0 -8.957 7.278 193840000.0 274760000.0 -0.45 0.5 0.97 9.37 18.1 27643 goodss-09-G141_27643 0.77181
goodss 17524 2 1 1 0.6016 0.5787 0.5938 0.6455 0.7363 0.49288 0.37776 0.11512 3465700000.0 480070000.0 0.0 0.6016 2.0 17.56 8.818 460530000.0 320050000.0 -1.73 -99.0 -99.0 -99.0 -99.0 17524 goodss-19-G141_17524 0.60159
goodss 49381 3 1 0 0.7341 0.702 0.71 0.757 0.771 0.3322 -99.0 0.3322 -99.0 1385300000.0 2.0 0.7341 3.0 -0.2964 8.838 391050000.0 923550000.0 0.33 -99.0 -99.0 -99.0 -99.0 49381 00000 -1.0
goodss 23678 2 1 1 0.7143 0.6971 0.7057 0.7299 0.7445 0.099395 -99.0 0.099395 -99.0 414490000.0 2.0 0.7143 2.0 -8.828 7.978 222030000.0 276330000.0 -0.68 2.74 1.62 91.74 56.55 23678 goodss-31-G141_23678 0.71429
goodss 45691 2 1 1 0.8423 0.837 0.8428 0.9454 0.9587 1.142 0.95588 0.18613 8769600000.0 776180000.0 0.0 0.8423 2.0 23.71 9.843 556280000.0 517450000.0 -1.19 -1.84 1.29 -36.43 25.52 45691 goodss-35-G141_45691 0.84227
goodss 28115 1 1 1 0.736 -1.0 -1.0 -1.0 -1.0 0.78251 0.52742 0.25509 4838700000.0 1063700000.0 0.0 0.736 1.0 16.44 6.243 316640000.0 709160000.0 0.21 -0.3 1.04 -1.63 5.61 28115 goodss-31-G141_28115 0.7402
goodss 10259 2 1 1 0.8655 0.839 0.8497 0.8901 0.9161 0.54502 0.28854 0.25649 2647100000.0 1069600000.0 1.0 0.8655 2.0 6.914 13.19 157210000.0 713060000.0 1.75 0.09 1.17 1.18 15.99 10259 goodss-21-G141_10259 0.86545
goodss 44523 1 1 1 0.735 -1.0 -1.0 -1.0 -1.0 1.31 0.57478 0.73526 5273200000.0 3066100000.0 0.0 0.735 1.0 17.97 12.08 1592400000.0 2044100000.0 -0.68 -99.0 -99.0 -99.0 -99.0 44523 goodss-30-G141_44523 0.73239
goodss 27965 1 1 1 0.6194 -1.0 -1.0 -1.0 -1.0 0.43473 0.16981 0.26492 1557900000.0 1104700000.0 1.0 0.6194 1.0 7.463 7.817 172400000.0 736490000.0 1.21 2.54 4.88 6.82 13.09 27965 goodss-32-G141_27965 0.62336
goodss 25884 1 1 1 0.667 -1.0 -1.0 -1.0 -1.0 1.1255 0.53745 0.58806 4930800000.0 2452300000.0 0.0 0.667 1.0 20.65 8.478 1277400000.0 1634900000.0 -0.43 -0.75 1.62 -1.85 3.99 25884 goodss-38-G141_25884 0.66196
goodss 35226 1 1 1 0.726 -1.0 -1.0 -1.0 -1.0 2.8755 2.3657 0.50987 21703000000.0 2126200000.0 0.0 0.726 1.0 75.98 13.88 414330000.0 1417500000.0 1.26 6.83 1.68 21.77 5.39 35226 goodss-12-G141_35226 0.72202
goodss 17212 1 1 0 0.577 -1.0 -1.0 -1.0 -1.0 4.0849 3.0212 1.0638 27717000000.0 4436100000.0 0.0 0.577 1.0 154.0 9.221 1194000000.0 2957400000.0 0.75 -3.62 1.55 -2.41 1.03 17212 goodss-20-G141_17212 0.71515
goodss 8097 2 1 1 0.7816 0.7774 0.7794 0.7833 0.7853 4.6019 3.0102 1.5917 27617000000.0 6637500000.0 0.0 0.7816 2.0 82.69 10.83 1116200000.0 4425000000.0 1.12 -1.63 1.53 -1.67 1.56 8097 goodss-21-G141_08097 0.78158
goodss 26138 1 1 1 0.732 -1.0 -1.0 -1.0 -1.0 2.3324 1.1776 1.1547 10804000000.0 4815400000.0 0.0 0.732 1.0 37.15 7.331 1010600000.0 3210200000.0 0.26 -0.02 1.96 -0.02 1.94 26138 goodss-02-G141_26138 0.73412
goodss 22327 2 1 1 0.9533 0.848 0.8849 0.9569 0.9633 0.63724 0.065908 0.57133 604660000.0 2382500000.0 1.0 0.9533 2.0 1.226 8.891 2408600000.0 1588400000.0 -1.68 2.12 1.05 119.22 62.64 22327 goodss-02-G141_22327 0.95326
goodss 35381 2 1 1 0.5334 0.4758 0.5119 0.5558 0.5714 0.71965 0.38031 0.33933 3489100000.0 1415100000.0 0.0 0.5334 2.0 23.62 9.856 615020000.0 943380000.0 -0.09 -99.0 -99.0 -99.0 -99.0 35381 goodss-33-G141_35381 0.53342
goodss 33816 2 1 1 0.6728 0.6437 0.6573 0.6802 0.6887 0.43983 0.31539 0.12443 2893500000.0 518890000.0 0.0 0.6728 2.0 11.92 10.31 62702000.0 345930000.0 1.99 0.33 2.62 5.94 48.22 33816 goodss-24-G141_33816 0.6728
goodss 5718 3 1 0 0.8997 0.847 0.867 0.933 0.969 0.28728 0.19296 0.094319 1770300000.0 393330000.0 1.0 0.8997 3.0 4.264 10.88 121850000.0 262220000.0 0.38 -99.0 -99.0 -99.0 -99.0 5718 00000 -1.0
goodss 2595 1 1 1 0.6656 -1.0 -1.0 -1.0 -1.0 2.4972 1.4385 1.0586 13198000000.0 4414600000.0 0.0 0.6656 1.0 55.49 8.372 3552000000.0 2943100000.0 -1.4 10.66 8.02 68.35 52.2 2595 goodss-16-G141_02595 0.65037
goodss 1602 1 1 1 0.6873 -1.0 -1.0 -1.0 -1.0 7.5257 5.9951 1.5307 55000000000.0 6383100000.0 0.0 0.6873 1.0 217.1 9.773 3848500000.0 4255400000.0 -0.71 -99.0 -99.0 -99.0 -99.0 1602 goodss-15-G141_01602 0.65616
goodss 43648 3 1 0 0.7542 0.719 0.73 0.78 0.789 3.2423 2.2081 1.0342 20258000000.0 4312700000.0 0.0 0.7542 3.0 65.28 10.38 2247000000.0 2875200000.0 -0.41 -99.0 -99.0 -99.0 -99.0 43648 00000 -1.0
goodss 43390 2 1 1 0.968 0.9616 0.9648 0.9702 0.9735 10.996 10.723 0.27302 98379000000.0 1138500000.0 0.0 0.968 2.0 189.3 12.28 449900000.0 759010000.0 -0.15 7.76 0.99 154.16 20.97 43390 goodss-35-G141_43390 0.96796
goodss 340 3 1 0 0.6626 0.637 0.642 0.682 0.695 12.433 10.917 1.5161 100160000000.0 6322400000.0 0.0 0.6626 3.0 424.7 13.23 3448500000.0 4214900000.0 -0.43 -99.0 -99.0 -99.0 -99.0 340 00000 -1.0
goodss 41796 1 1 1 0.735 -1.0 -1.0 -1.0 -1.0 27.651 26.059 1.5923 239070000000.0 6640100000.0 0.0 0.735 1.0 814.7 13.73 3053600000.0 4426800000.0 -0.41 64.93 3.17 122.01 6.23 41796 goodss-12-G141_41796 0.73499
goodss 2546 1 1 1 0.664 -1.0 -1.0 -1.0 -1.0 24.166 21.129 3.0378 193840000000.0 12668000000.0 0.0 0.664 1.0 818.7 7.433 3240000000.0 8445400000.0 0.66 76.15 7.62 40.67 4.08 2546 goodss-14-G141_02546 0.65699
goodss 7680 2 1 1 0.7843 0.7663 0.7751 0.7879 0.7927 2.3005 0.86107 1.4394 7899700000.0 6002600000.0 0.0 0.7842 2.0 23.5 8.577 5963400000.0 4001800000.0 -1.64 7.22 2.05 136.6 41.32 7680 goodss-21-G141_07680 0.78425
goodss 18023 2 1 1 0.7332 0.7289 0.7308 0.7348 0.7365 3.6304 2.6685 0.96186 24482000000.0 4011100000.0 0.0 0.7332 2.0 83.88 10.17 2291100000.0 2674100000.0 -0.47 12.47 1.47 176.99 23.16 18023 goodss-19-G141_18023 0.73325
goodss 6195 1 1 1 0.8862 -1.0 -1.0 -1.0 -1.0 10.065 7.4888 2.576 68705000000.0 10742000000.0 0.0 0.8862 1.0 171.8 9.502 6603000000.0 7161500000.0 -0.83 -99.0 -99.0 -99.0 -99.0 6195 goodss-22-G141_06195 -1.0
goodss 13052 1 1 1 0.7836 -1.0 -1.0 -1.0 -1.0 5.9669 3.0382 2.9288 27873000000.0 12213000000.0 0.0 0.7836 1.0 83.02 7.46 10253000000.0 8142200000.0 -1.45 34.25 3.76 228.84 27.93 13052 goodss-06-G141_13052 0.78693
goodss 11380 1 1 1 0.767 -1.0 -1.0 -1.0 -1.0 4.8758 3.4321 1.4437 31487000000.0 6020200000.0 0.0 0.767 1.0 97.96 6.61 3116400000.0 4013500000.0 -0.42 7.32 1.91 67.28 18.15 11380 goodss-06-G141_11380 0.77092
goodss 24457 2 1 1 0.8414 0.8384 0.8397 0.8429 0.8445 30.345 27.513 2.8321 252410000000.0 11810000000.0 0.0 0.8414 2.0 683.2 11.28 4402500000.0 7873500000.0 0.11 46.2 2.12 180.52 9.1 24457 goodss-25-G141_24457 0.84135
goodss 42504 2 1 1 0.6686 0.6638 0.6655 0.6694 0.6715 40.976 35.766 5.21 328130000000.0 21727000000.0 0.0 0.6686 2.0 1368.0 23.74 12026000000.0 14484000000.0 -0.4 114.46 3.31 208.17 6.37 42504 goodss-30-G141_42504 0.66863
goodss 16853 1 1 1 0.8537 -1.0 -1.0 -1.0 -1.0 24.821 21.829 2.9921 200270000000.0 12478000000.0 0.0 0.8537 1.0 533.8 9.0 5411100000.0 8318400000.0 -0.21 33.76 1.92 168.46 10.38 16853 goodss-27-G141_16853 0.85243
goodss 27247 1 1 1 0.668 -1.0 -1.0 -1.0 -1.0 46.702 42.805 3.8977 392700000000.0 16254000000.0 0.0 0.668 1.0 1640.0 8.917 10522000000.0 10836000000.0 -1.24 86.72 11.57 82.16 10.91 27247 goodss-31-G141_27247 0.6603
goodss 37387 1 1 1 0.839 -1.0 -1.0 -1.0 -1.0 22.21 21.139 1.0711 193930000000.0 4466800000.0 0.0 0.839 1.0 526.5 10.0 2288900000.0 2977900000.0 -0.38 -99.0 -99.0 -99.0 -99.0 37387 goodss-33-G141_37387 1.75247
goodss 13126 1 1 1 0.99 -1.0 -1.0 -1.0 -1.0 22.887 22.133 0.75393 203050000000.0 3144000000.0 0.0 0.99 1.0 360.3 7.575 1608500000.0 2096000000.0 -0.43 18.15 0.95 495.66 32.47 13126 goodss-19-G141_13126 0.99172
goodss 25091 3 1 0 0.8491 0.811 0.827 0.874 0.88 504.09 357.84 146.24 3283000000000.0 609850000000.0 0.0 0.8491 3.0 8801.0 17.85 499600000000.0 406570000000.0 -1.07 -99.0 -99.0 -99.0 -99.0 25091 goodss-02-G141_25091 -1.0
goodss 49872 2 1 1 1.0897 1.0869 1.088 1.0903 1.0915 -99.0 -99.0 -99.0 -99.0 -99.0 -99.0 1.09 2.0 nan 0.0 -99.0 -99.0 -1.72 14.23 0.62 633.94 35.77 49872 goodss-01-G141_49872 1.08966
goodss 46106 2 1 1 1.0886 1.0843 1.0862 1.0906 1.0926 -99.0 -99.0 -99.0 -99.0 -99.0 -99.0 1.089 2.0 nan 0.0 -99.0 -99.0 -1.28 6.66 0.66 280.14 29.71 46106 goodss-01-G141_46106 1.08861
goodss 48849 3 1 0 1.4405 1.32 1.355 1.544 1.605 -99.0 -99.0 -99.0 -99.0 -99.0 -99.0 1.44 3.0 nan 0.0 -99.0 -99.0 -1.81 2.44 0.85 370.2 155.55 48849 goodss-01-G141_48849 1.54212
goodss 43403 2 1 1 1.2887 1.2853 1.2866 1.2893 1.2906 -99.0 -99.0 -99.0 -99.0 -99.0 -99.0 1.289 2.0 nan 0.0 -99.0 -99.0 -1.31 13.02 0.8 538.84 50.35 43403 goodss-01-G141_43403 1.28874
goodss 49426 3 1 0 1.0655 0.875 0.981 1.142 1.208 -99.0 -99.0 -99.0 -99.0 -99.0 -99.0 1.065 3.0 nan 0.0 -99.0 -99.0 -1.51 1.64 0.54 240.11 88.05 49426 goodss-01-G141_49426 1.10539
goodss 48105 3 1 0 1.3969 1.264 1.307 1.474 1.539 -99.0 -99.0 -99.0 -99.0 -99.0 -99.0 1.397 3.0 nan 0.0 -99.0 -99.0 -1.62 -99.0 -99.0 -99.0 -99.0 48105 goodss-01-G141_48105 1.35255
goodss 48097 3 1 0 1.1261 1.047 1.086 1.162 1.22 -99.0 -99.0 -99.0 -99.0 -99.0 -99.0 1.126 3.0 nan 0.0 -99.0 -99.0 -1.88 3.51 0.53 430.34 73.63 48097 goodss-01-G141_48097 1.13614
goodss 45122 2 1 1 1.0432 1.0372 1.0396 1.0454 1.0483 -99.0 -99.0 -99.0 -99.0 -99.0 -99.0 1.043 2.0 nan 0.0 -99.0 -99.0 -1.55 4.16 0.75 341.47 83.38 45122 goodss-01-G141_45122 1.04316
goodss 47348 2 1 1 1.4254 1.4222 1.4235 1.4261 1.4274 -99.0 -99.0 -99.0 -99.0 -99.0 -99.0 1.425 2.0 nan 0.0 -99.0 -99.0 -1.64 20.73 0.53 1616.78 111.22 47348 goodss-01-G141_47348 1.42541
goodss 49609 2 1 1 1.1739 1.1667 1.1704 1.176 1.1798 -99.0 -99.0 -99.0 -99.0 -99.0 -99.0 1.174 2.0 nan 0.0 -99.0 -99.0 -1.44 2.74 0.65 173.74 43.12 49609 goodss-01-G141_49609 1.17385
goodss 49693 2 1 1 1.0198 0.979 0.998 1.0419 1.1027 -99.0 -99.0 -99.0 -99.0 -99.0 -99.0 1.02 2.0 nan 0.0 -99.0 -99.0 -1.78 -2.51 0.9 -99.86 35.54 49693 goodss-01-G141_49693 1.0198
goodss 48357 2 1 1 1.0442 1.0406 1.042 1.0449 1.0462 -99.0 -99.0 -99.0 -99.0 -99.0 -99.0 1.044 2.0 nan 0.0 -99.0 -99.0 -1.26 25.3 1.01 430.98 19.75 48357 goodss-01-G141_48357 1.04419
goodss 44427 2 1 1 1.4181 1.4137 1.4161 1.4223 1.4256 -99.0 -99.0 -99.0 -99.0 -99.0 -99.0 1.418 2.0 nan 0.0 -99.0 -99.0 -1.57 3.21 0.72 175.02 45.07 44427 goodss-01-G141_44427 1.41814
goodss 497 3 1 0 1.1454 0.999 1.045 1.243 1.514 0.0055317 -99.0 0.0055317 -99.0 23068000.0 2.0 1.145 3.0 -13.16 9.869 6159800.0 15379000.0 0.16 -99.0 -99.0 -99.0 -99.0 497 00000 -1.0
goodss 13622 3 1 0 1.4081 1.335 1.365 1.451 1.543 -99.0 -99.0 -99.0 -99.0 -99.0 -99.0 1.408 3.0 nan 0.0 -99.0 -99.0 -1.5 -99.0 -99.0 -99.0 -99.0 13622 goodss-28-G141_13622 1.90229
goodss 49040 2 1 1 1.4242 1.4173 1.4203 1.4257 1.4277 -99.0 -99.0 -99.0 -99.0 -99.0 -99.0 1.424 2.0 nan 0.0 -99.0 -99.0 -1.71 8.58 1.19 563.85 112.55 49040 goodss-01-G141_49040 1.4242
goodss 13530 2 1 1 1.2991 1.2893 1.2943 1.3015 1.3046 -99.0 -99.0 -99.0 -99.0 -99.0 -99.0 1.299 2.0 nan 0.0 -99.0 -99.0 -1.85 8.78 1.05 659.34 106.14 13530 goodss-28-G141_13530 1.29906
goodss 13275 2 1 1 1.314 1.2875 1.3041 1.3735 1.419 -99.0 -99.0 -99.0 -99.0 -99.0 -99.0 1.314 2.0 nan 0.0 -99.0 -99.0 -1.52 3.71 1.36 162.49 62.98 13275 goodss-28-G141_13275 1.31405
goodss 14252 2 1 1 1.2322 1.1929 1.218 1.2584 1.2829 -99.0 -99.0 -99.0 -99.0 -99.0 -99.0 1.232 2.0 nan 0.0 -99.0 -99.0 2.79 0.46 0.5 20.34 22.65 14252 goodss-28-G141_14252 1.23223
goodss 43812 3 1 0 1.1153 1.078 1.087 1.142 1.161 -99.0 -99.0 -99.0 -99.0 -99.0 -99.0 1.115 3.0 nan 0.0 -99.0 -99.0 -1.68 -99.0 -99.0 -99.0 -99.0 43812 00000 -1.0
goodss 43904 3 1 0 1.1264 1.082 1.101 1.155 1.177 -99.0 -99.0 -99.0 -99.0 -99.0 -99.0 1.126 3.0 nan 0.0 -99.0 -99.0 -1.2 -99.0 -99.0 -99.0 -99.0 43904 00000 -1.0
goodss 44101 2 1 1 1.036 1.029 1.0325 1.0384 1.0409 -99.0 -99.0 -99.0 -99.0 -99.0 -99.0 1.036 2.0 nan 0.0 -99.0 -99.0 -1.05 13.44 1.33 156.86 16.15 44101 goodss-01-G141_44101 1.03603
goodss 45364 2 1 1 1.033 1.0236 1.0278 1.0356 1.039 -99.0 -99.0 -99.0 -99.0 -99.0 -99.0 1.033 2.0 nan 0.0 -99.0 -99.0 -1.28 4.26 0.82 119.38 23.72 45364 goodss-01-G141_45364 1.03297
goodss 45485 3 1 0 1.0943 1.032 1.058 1.126 1.246 -99.0 -99.0 -99.0 -99.0 -99.0 -99.0 1.094 3.0 nan 0.0 -99.0 -99.0 -1.26 -99.0 -99.0 -99.0 -99.0 45485 00000 -1.0
goodss 47091 2 1 1 1.1641 1.0399 1.0754 1.2097 1.2604 -99.0 -99.0 -99.0 -99.0 -99.0 -99.0 1.164 2.0 nan 0.0 -99.0 -99.0 -1.25 1.39 1.0 79.7 58.22 47091 goodss-01-G141_47091 1.16409
goodss 47375 2 1 1 1.2457 1.2408 1.2429 1.2469 1.2488 -99.0 -99.0 -99.0 -99.0 -99.0 -99.0 1.246 2.0 nan 0.0 -99.0 -99.0 -1.3 16.09 1.72 221.56 24.79 47375 goodss-01-G141_47375 1.24566
goodss 47399 2 1 1 1.2378 1.2341 1.2358 1.2391 1.2408 -99.0 -99.0 -99.0 -99.0 -99.0 -99.0 1.238 2.0 nan 0.0 -99.0 -99.0 -1.3 10.96 0.91 221.13 19.31 47399 goodss-01-G141_47399 1.23782
goodss 47736 2 1 1 1.1394 0.9891 1.0859 1.1689 1.2532 -99.0 -99.0 -99.0 -99.0 -99.0 -99.0 1.139 2.0 nan 0.0 -99.0 -99.0 -1.07 0.82 1.0 59.75 79.32 47736 goodss-01-G141_47736 1.13935
goodss 47919 2 1 1 1.1117 1.1084 1.1098 1.1127 1.1143 -99.0 -99.0 -99.0 -99.0 -99.0 -99.0 1.112 2.0 nan 0.0 -99.0 -99.0 -0.66 12.14 0.99 209.15 17.98 47919 goodss-01-G141_47919 1.11171
goodss 48685 2 1 1 1.036 1.0316 1.0335 1.0369 1.0388 -99.0 -99.0 -99.0 -99.0 -99.0 -99.0 1.036 2.0 nan 0.0 -99.0 -99.0 -1.13 9.21 0.92 180.59 19.24 48685 goodss-01-G141_48685 1.03603
goodss 49257 2 1 1 1.4633 1.4566 1.4601 1.4664 1.4702 -99.0 -99.0 -99.0 -99.0 -99.0 -99.0 1.463 2.0 nan 0.0 -99.0 -99.0 -1.36 7.67 1.14 268.09 46.57 49257 goodss-01-G141_49257 1.4633
goodss 49377 2 1 1 1.0401 1.0315 1.0368 1.0436 1.0475 -99.0 -99.0 -99.0 -99.0 -99.0 -99.0 1.04 2.0 nan 0.0 -99.0 -99.0 -0.94 4.6 0.7 303.86 52.97 49377 goodss-01-G141_49377 1.0401
goodss 49891 2 1 1 1.0514 0.898 0.9851 1.069 1.1133 -99.0 -99.0 -99.0 -99.0 -99.0 -99.0 1.051 2.0 nan 0.0 -99.0 -99.0 -0.41 -1.18 0.82 -59.33 41.11 49891 goodss-01-G141_49891 1.05135
goodss 50180 3 1 0 1.1018 1.033 1.064 1.138 1.161 -99.0 -99.0 -99.0 -99.0 -99.0 -99.0 1.102 3.0 nan 0.0 -99.0 -99.0 0.98 -99.0 -99.0 -99.0 -99.0 50180 00000 -1.0
goodss 49836 2 1 1 1.0949 1.0891 1.0918 1.0958 1.0975 -99.0 -99.0 -99.0 -99.0 -99.0 -99.0 1.095 2.0 nan 0.0 -99.0 -99.0 0.01 14.46 1.53 122.21 13.09 49836 goodss-01-G141_49836 1.09489
goodss 27253 2 1 1 1.0128 0.988 1.0068 1.1429 1.2316 0.076958 -99.0 0.076958 -99.0 320930000.0 2.0 1.013 2.0 -1.66 16.27 25063000.0 213950000.0 3.77 0.31 0.62 9.45 18.96 27253 goodss-25-G141_27253 1.01275
goodss 47677 2 1 1 1.1212 1.0825 1.1057 1.1345 1.1492 -99.0 -99.0 -99.0 -99.0 -99.0 -99.0 1.121 2.0 nan 0.0 -99.0 -99.0 2.43 -0.57 0.64 -11.66 12.87 47677 goodss-01-G141_47677 1.12124
goodss 49002 2 1 1 1.0117 1.0071 1.0091 1.0128 1.0149 -99.0 -99.0 -99.0 -99.0 -99.0 -99.0 1.012 2.0 nan 0.0 -99.0 -99.0 -0.53 8.69 1.03 155.55 19.34 49002 goodss-01-G141_49002 1.01174
goodss 8842 2 1 1 1.2968 1.2927 1.2944 1.2979 1.2997 -99.0 -99.0 -99.0 -99.0 -99.0 -99.0 1.297 2.0 nan 0.0 -99.0 -99.0 -1.32 7.64 0.68 373.85 39.85 8842 goodss-28-G141_08842 1.29676
goodss 47202 2 1 1 1.3667 1.3561 1.3619 1.3762 1.6239 -99.0 -99.0 -99.0 -99.0 -99.0 -99.0 1.367 2.0 nan 0.0 -99.0 -99.0 -1.52 8.88 1.37 301.88 53.36 47202 goodss-01-G141_47202 1.36671
goodss 45069 2 1 1 1.0876 1.085 1.0862 1.0888 1.0902 -99.0 -99.0 -99.0 -99.0 -99.0 -99.0 1.088 2.0 nan 0.0 -99.0 -99.0 -0.44 27.83 0.98 326.47 12.65 45069 goodss-01-G141_45069 1.08757
goodss 10044 2 1 1 1.3643 1.3195 1.3541 1.4659 1.8079 -99.0 -99.0 -99.0 -99.0 -99.0 -99.0 1.364 2.0 nan 0.0 -99.0 -99.0 0.25 0.26 0.63 12.74 31.82 10044 goodss-28-G141_10044 1.36434
goodss 46345 2 1 1 1.4181 1.2146 1.3586 1.4201 1.4309 -99.0 -99.0 -99.0 -99.0 -99.0 -99.0 1.418 2.0 nan 0.0 -99.0 -99.0 2.91 0.57 0.5 19.2 17.11 46345 goodss-01-G141_46345 1.41814
goodss 11923 2 1 1 1.3037 1.2952 1.3 1.3101 1.3228 -99.0 -99.0 -99.0 -99.0 -99.0 -99.0 1.304 2.0 nan 0.0 -99.0 -99.0 -1.46 9.54 1.54 281.15 50.24 11923 goodss-28-G141_11923 1.30366
goodss 49100 2 1 1 1.1319 1.1101 1.1196 1.1376 1.1675 -99.0 -99.0 -99.0 -99.0 -99.0 -99.0 1.132 2.0 nan 0.0 -99.0 -99.0 -0.26 4.66 1.45 51.42 16.11 49100 goodss-01-G141_49100 1.13187
goodss 4500 2 1 1 1.4073 1.3754 1.3866 1.4992 1.5569 0.19354 -99.0 0.19354 -99.0 807110000.0 2.0 1.407 2.0 -2.663 7.271 90107000.0 538070000.0 2.67 -0.38 0.57 -12.18 18.39 4500 goodss-13-G141_04500 1.40729
goodss 31549 2 1 1 1.034 1.0183 1.032 1.0787 1.1085 0.14224 -99.0 0.14224 -99.0 593150000.0 2.0 1.034 2.0 -4.601 7.777 64126000.0 395430000.0 2.34 1.04 0.7 21.25 14.82 31549 goodss-32-G141_31549 1.03399
goodss 49493 2 1 1 1.037 1.0339 1.0352 1.0379 1.0392 -99.0 -99.0 -99.0 -99.0 -99.0 -99.0 1.037 2.0 nan 0.0 -99.0 -99.0 -0.41 13.49 0.79 149.15 9.06 49493 goodss-01-G141_49493 1.03704
goodss 49402 2 1 1 1.0309 1.0168 1.0233 1.0362 1.0426 -99.0 -99.0 -99.0 -99.0 -99.0 -99.0 1.031 2.0 nan 0.0 -99.0 -99.0 1.66 -0.6 0.55 -6.67 6.11 49402 goodss-01-G141_49402 1.03094
goodss 46583 3 1 0 1.1296 1.082 1.101 1.158 1.18 -99.0 -99.0 -99.0 -99.0 -99.0 -99.0 1.13 3.0 nan 0.0 -99.0 -99.0 -1.25 -99.0 -99.0 -99.0 -99.0 46583 00000 -1.0
goodss 5652 2 1 1 1.1223 1.1108 1.1161 1.1278 1.1339 0.5954 -99.0 0.5954 -99.0 2482900000.0 2.0 1.122 2.0 -11.94 10.84 295110000.0 1655300000.0 2.28 0.75 1.14 4.77 7.23 5652 goodss-26-G141_05652 1.1223
goodss 9959 2 1 1 1.3129 1.3039 1.3076 1.3146 1.3185 -99.0 -99.0 -99.0 -99.0 -99.0 -99.0 1.313 2.0 nan 0.0 -99.0 -99.0 -0.5 16.3 2.0 110.29 14.12 9959 goodss-28-G141_09959 1.3129
goodss 11103 2 1 1 1.1673 1.1613 1.1634 1.1681 1.1698 -99.0 -99.0 -99.0 -99.0 -99.0 -99.0 1.167 2.0 nan 0.0 -99.0 -99.0 -0.32 39.62 1.46 157.92 5.96 11103 goodss-28-G141_11103 1.16734
goodss 13635 2 1 1 1.22 1.2076 1.214 1.2266 1.2337 -99.0 -99.0 -99.0 -99.0 -99.0 -99.0 1.22 2.0 nan 0.0 -99.0 -99.0 2.89 -1.21 0.8 -10.66 7.02 13635 goodss-28-G141_13635 1.21998
goodss 44999 2 1 1 1.0401 1.0305 1.035 1.0424 1.0461 -99.0 -99.0 -99.0 -99.0 -99.0 -99.0 1.04 2.0 nan 0.0 -99.0 -99.0 -0.33 19.58 2.2 101.23 11.58 44999 goodss-01-G141_44999 1.0401
goodss 47469 2 1 1 1.0391 1.0356 1.037 1.0397 1.041 -99.0 -99.0 -99.0 -99.0 -99.0 -99.0 1.039 2.0 nan 0.0 -99.0 -99.0 0.26 20.85 1.09 108.74 5.92 47469 goodss-01-G141_47469 1.03908
goodss 47691 2 1 1 1.1276 1.1158 1.1206 1.132 1.1382 -99.0 -99.0 -99.0 -99.0 -99.0 -99.0 1.128 2.0 nan 0.0 -99.0 -99.0 3.16 1.33 1.31 6.14 6.1 47691 goodss-01-G141_47691 1.12761
goodss 46392 3 1 0 1.4567 1.357 1.41 1.508 1.552 -99.0 -99.0 -99.0 -99.0 -99.0 -99.0 1.457 3.0 nan 0.0 -99.0 -99.0 1.92 -99.0 -99.0 -99.0 -99.0 46392 00000 -1.0
goodss 5234 3 1 0 1.099 0.906 1.021 1.19 1.27 0.096517 0.03322 0.063297 304770000.0 263960000.0 1.0 1.099 3.0 0.3626 9.935 60773000.0 175970000.0 0.92 1.28 0.87 630.84 809.65 5234 goodss-13-G141_05234 1.20891
goodss 40091 3 1 0 1.1141 0.864 1.037 1.21 1.283 0.054202 -99.0 0.054202 -99.0 226030000.0 2.0 1.114 3.0 -2.261 13.09 43517000.0 150690000.0 1.36 1.96 0.61 235.9 83.38 40091 goodss-23-G141_40091 1.32449
goodss 42746 3 1 0 1.3692 0.824 1.007 1.203 1.221 0.068547 -99.0 0.068547 -99.0 285850000.0 2.0 1.369 3.0 -4.716 9.125 301690000.0 190570000.0 -1.74 -99.0 -99.0 -99.0 -99.0 42746 00000 -1.0
goodss 32811 2 1 1 1.4278 1.4184 1.424 1.5506 1.6107 0.29586 -99.0 0.29586 -99.0 1233800000.0 2.0 1.428 2.0 -15.39 8.084 211460000.0 822530000.0 1.5 1.09 0.69 81.09 53.37 32811 goodss-24-G141_32811 1.42784
goodss 42548 2 1 1 1.3584 1.2743 1.3303 1.4359 1.5727 0.84046 0.7007 0.13976 6428400000.0 582830000.0 1.0 1.358 2.0 3.068 7.519 257590000.0 388550000.0 -0.39 2.21 0.95 222.35 109.01 42548 goodss-11-G141_42548 1.35844
goodss 41108 2 1 1 1.2289 1.1911 1.2117 1.2317 1.2398 1.0173 0.18886 0.82841 1732700000.0 3454600000.0 1.0 1.229 2.0 1.312 10.31 617020000.0 2303100000.0 1.16 1.06 0.57 21.08 11.54 41108 goodss-11-G141_41108 1.22888
goodss 27573 2 1 1 1.3326 1.2694 1.301 1.3566 1.3815 0.67235 0.38991 0.28243 3577200000.0 1177800000.0 1.0 1.333 2.0 1.84 7.717 75851000.0 785190000.0 3.08 0.92 0.57 33.21 20.77 27573 goodss-34-G141_27573 1.33264
goodss 16336 1 1 1 1.038 -1.0 -1.0 -1.0 -1.0 1.5459 0.65388 0.89207 5998900000.0 3720000000.0 0.0 1.038 1.0 8.891 7.278 1186400000.0 2480000000.0 0.21 -99.0 -99.0 -99.0 -99.0 16336 goodss-04-G141_16336 -1.0
goodss 39631 2 1 1 1.0178 0.9926 1.0089 1.0274 1.0766 2.0647 1.4247 0.64001 13071000000.0 2669000000.0 0.0 1.018 2.0 20.86 11.61 149190000.0 1779300000.0 3.42 2.23 1.68 14.7 11.13 39631 goodss-23-G141_39631 1.01778
goodss 46377 3 1 0 1.0876 1.053 1.063 1.113 1.119 5.6518 4.9233 0.72845 45168000000.0 3037700000.0 0.0 1.088 3.0 55.79 8.894 395840000.0 2025200000.0 2.01 -99.0 -99.0 -99.0 -99.0 46377 00000 -1.0
goodss 18398 1 1 1 1.12 -1.0 -1.0 -1.0 -1.0 3.1663 3.0395 0.12676 27885000000.0 528590000.0 0.0 1.12 1.0 30.99 27.24 113170000.0 352390000.0 1.01 5.89 1.25 170.77 38.92 18398 goodss-27-G141_18398 1.12761
goodss 5030 1 1 1 1.38 -1.0 -1.0 -1.0 -1.0 5.8875 4.0216 1.8659 36896000000.0 7781100000.0 0.0 1.38 1.0 16.65 10.96 4182400000.0 5187400000.0 -0.48 6.5 1.01 79.2 13.73 5030 goodss-13-G141_05030 1.38333
goodss 43615 1 1 1 1.018 -1.0 -1.0 -1.0 -1.0 1.8992 1.4513 0.44783 13315000000.0 1867500000.0 0.0 1.018 1.0 21.25 9.152 306770000.0 1245000000.0 1.69 12.86 9.13 193.24 150.04 43615 goodss-30-G141_43615 1.00872
goodss 29407 1 1 1 1.149 -1.0 -1.0 -1.0 -1.0 1.2423 0.84629 0.39599 7764200000.0 1651300000.0 1.0 1.149 1.0 7.869 11.64 453270000.0 1100900000.0 0.35 -99.0 -99.0 -99.0 -99.0 29407 goodss-09-G141_29407 1.60257
goodss 7503 1 1 1 1.096 -1.0 -1.0 -1.0 -1.0 2.5131 1.4687 1.0444 13474000000.0 4355400000.0 0.0 1.096 1.0 16.19 12.82 494090000.0 2903600000.0 2.38 1.34 1.48 4.38 4.83 7503 goodss-26-G141_07503 1.09908
goodss 1523 1 1 1 1.346 -1.0 -1.0 -1.0 -1.0 8.4023 7.57 0.83227 69450000000.0 3470700000.0 0.0 1.346 1.0 34.31 8.6 838470000.0 2313800000.0 0.46 -1.89 0.87 -15.58 7.15 1523 goodss-16-G141_01523 1.34902
goodss 41603 2 1 1 1.0289 0.9441 1.0098 1.0329 1.042 2.0215 1.1776 0.84392 10803000000.0 3519300000.0 0.0 1.029 2.0 16.56 8.524 3767300000.0 2346200000.0 -1.83 2.88 0.95 164.33 57.21 41603 goodss-30-G141_41603 1.02891
goodss 23963 2 1 1 1.1383 1.0905 1.1168 1.154 1.1732 7.6356 4.6954 2.9402 43077000000.0 12261000000.0 0.0 1.138 2.0 45.21 7.38 9046600000.0 8174100000.0 -1.14 -99.0 -99.0 -99.0 -99.0 23963 goodss-08-G141_23963 1.13828
goodss 41283 2 1 1 1.2122 1.1987 1.203 1.2174 1.2217 5.5996 2.1051 3.4945 19313000000.0 14572000000.0 0.0 1.212 2.0 15.62 9.605 11796000000.0 9714900000.0 -1.29 8.42 1.25 209.6 32.83 41283 goodss-12-G141_41283 1.21223
goodss 45472 2 1 1 1.2956 1.2895 1.2925 1.2989 1.3021 6.5423 5.7507 0.79162 52758000000.0 3301100000.0 0.0 1.296 2.0 30.9 16.67 2992400000.0 2200800000.0 -1.55 4.19 0.79 300.86 64.78 45472 goodss-35-G141_45472 1.29561
goodss 28343 2 1 1 1.2111 0.9807 1.0562 1.2081 1.2488 1.3407 0.4378 0.90291 4016500000.0 3765200000.0 1.0 1.211 2.0 3.261 12.92 3574100000.0 2510200000.0 -1.65 0.27 1.59 17.3 97.86 28343 goodss-24-G141_28343 1.21112
goodss 34406 1 1 1 1.098 -1.0 -1.0 -1.0 -1.0 4.6304 2.914 1.7164 26734000000.0 7157600000.0 0.0 1.098 1.0 31.91 10.25 5828000000.0 4771700000.0 -1.32 6.92 1.04 184.95 29.41 34406 goodss-33-G141_34406 1.0907
goodss 16994 2 1 1 1.3798 1.3321 1.3647 1.4056 1.4379 6.7594 3.9685 2.7909 36408000000.0 11638000000.0 0.0 1.38 2.0 16.43 9.902 5464200000.0 7758900000.0 -0.36 1.2 1.05 30.8 27.59 16994 goodss-04-G141_16994 1.37976
goodss 33717 1 1 1 1.303 -1.0 -1.0 -1.0 -1.0 6.0249 4.599 1.4259 42193000000.0 5946200000.0 0.0 1.303 1.0 24.09 9.386 4271700000.0 3964100000.0 -1.24 3.58 0.65 67.3 12.43 33717 goodss-09-G141_33717 1.29561
goodss 29934 2 1 1 1.1085 1.0945 1.1042 1.1116 1.1164 24.711 24.035 0.67641 220500000000.0 2820700000.0 0.0 1.109 2.0 253.9 14.84 1714900000.0 1880500000.0 -0.65 9.69 1.83 78.37 15.81 29934 goodss-25-G141_29934 1.10855
goodss 7444 3 1 0 1.1063 1.064 1.082 1.133 1.14 71.256 69.273 1.9836 635530000000.0 8272000000.0 0.0 1.106 3.0 739.0 20.41 1681000000.0 5514700000.0 1.09 -99.0 -99.0 -99.0 -99.0 7444 00000 -1.0
goodss 37409 2 1 1 1.2278 1.2203 1.2248 1.2361 1.247 23.229 22.153 1.0758 203240000000.0 4486100000.0 0.0 1.228 2.0 154.5 9.588 1872000000.0 2990800000.0 -0.37 7.29 1.32 57.83 10.63 37409 goodss-33-G141_37409 1.22888
goodss 47742 1 1 1 1.11 -1.0 -1.0 -1.0 -1.0 51.211 48.901 2.3096 448640000000.0 9631500000.0 0.0 1.11 1.0 514.9 13.11 3980000000.0 6421000000.0 -0.15 29.58 1.99 90.15 6.14 47742 goodss-35-G141_47742 1.117
goodss 15959 3 1 0 1.4699 1.327 1.387 1.554 1.586 1.2704 -99.0 1.2704 -99.0 5297800000.0 2.0 1.47 3.0 -14.32 8.101 5883500000.0 3531900000.0 -1.81 -1.2 1.42 -1282.35 2751.22 15959 goodss-04-G141_15959 1.55231
goodss 41905 2 1 1 1.2222 1.0284 1.055 1.2279 1.2755 3.7518 2.0448 1.707 18760000000.0 7118500000.0 0.0 1.222 2.0 14.6 9.552 6758000000.0 4745600000.0 -1.55 3.13 0.96 295.44 98.51 41905 goodss-29-G141_41905 1.22221
goodss 6824 3 1 0 1.1332 1.031 1.08 1.187 1.235 2.0138 1.5355 0.4783 14087000000.0 1994600000.0 0.0 1.133 3.0 15.02 10.06 1722800000.0 1329700000.0 -1.38 2.5 0.88 282.48 108.56 6824 goodss-13-G141_06824 1.07197
goodss 31698 3 1 0 1.4173 1.345 1.374 1.506 1.979 6.5097 5.2859 1.2238 48495000000.0 5103400000.0 0.0 1.417 3.0 20.47 8.352 4634200000.0 3402300000.0 -1.47 -99.0 -99.0 -99.0 -99.0 31698 goodss-17-G141_31698 1.87772
goodss 265 3 1 0 1.0857 1.017 1.046 1.124 1.153 1.5946 0.92198 0.67264 8458600000.0 2805000000.0 0.0 1.086 3.0 10.52 8.709 3109300000.0 1870000000.0 -1.86 -99.0 -99.0 -99.0 -99.0 265 00000 -1.0
goodss 24581 1 1 1 1.186 -1.0 -1.0 -1.0 -1.0 5.2904 2.5848 2.7055 23714000000.0 11282000000.0 0.0 1.186 1.0 21.12 8.937 12117000000.0 7521700000.0 -1.79 21.45 1.01 1486.95 105.26 24581 goodss-25-G141_24581 1.21777
goodss 33202 1 1 1 1.122 -1.0 -1.0 -1.0 -1.0 1.9134 0.97673 0.93663 8960800000.0 3905900000.0 0.0 1.122 1.0 9.895 7.899 3955300000.0 2603900000.0 -1.75 6.38 0.72 558.36 75.44 33202 goodss-17-G141_33202 1.12124
goodss 37043 2 1 1 1.2979 1.2935 1.2958 1.3004 1.3027 6.969 5.7218 1.2472 52494000000.0 5201100000.0 0.0 1.298 2.0 30.51 10.39 3713600000.0 3467400000.0 -1.11 4.44 0.61 406.93 69.4 37043 goodss-33-G141_37043 1.29791
goodss 17874 2 1 1 1.2922 1.2876 1.2896 1.2935 1.2953 6.8935 3.9916 2.9019 36621000000.0 12101000000.0 0.0 1.292 2.0 21.78 7.093 9910200000.0 8067500000.0 -1.31 12.17 0.93 738.84 99.48 17874 goodss-20-G141_17874 1.29217
goodss 16286 2 1 1 1.1265 1.122 1.124 1.1275 1.1291 9.5942 6.6468 2.9474 60980000000.0 12291000000.0 0.0 1.127 2.0 66.27 9.129 9028600000.0 8194100000.0 -1.13 11.99 0.97 220.13 18.69 16286 goodss-27-G141_16286 1.12655
goodss 46735 3 1 0 1.2334 1.169 1.193 1.272 1.312 7.8812 6.061 1.8202 55606000000.0 7590500000.0 0.0 1.233 3.0 41.45 9.724 5141000000.0 5060300000.0 -0.94 -99.0 -99.0 -99.0 -99.0 46735 00000 -1.0
goodss 46550 3 1 0 1.4671 1.357 1.403 1.531 1.594 65.385 62.101 3.283 569740000000.0 13691000000.0 0.0 1.467 3.0 226.5 9.479 5640400000.0 9127200000.0 -0.06 -99.0 -99.0 -99.0 -99.0 46550 00000 -1.0
goodss 20198 1 1 1 1.413 -1.0 -1.0 -1.0 -1.0 101.01 100.33 0.68753 920420000000.0 2867100000.0 0.0 1.413 1.0 391.0 11.21 800500000.0 1911400000.0 0.57 18.71 1.09 334.79 24.27 20198 goodss-02-G141_20198 1.41211
goodss 16814 2 1 1 1.4769 1.4166 1.4465 1.5067 1.5443 232.9 232.19 0.70666 2130200000000.0 2946900000.0 0.0 1.477 2.0 839.8 9.882 750210000.0 1964600000.0 0.38 -0.9 1.7 -10.45 19.82 16814 goodss-19-G141_16814 1.47688
goodss 15351 3 1 0 1.2791 1.057 1.187 1.364 1.481 7.5632 7.07 0.49322 64862000000.0 2056800000.0 0.0 1.279 3.0 40.55 9.829 1778900000.0 1371200000.0 -1.47 7.26 1.39 14349.79 33138.29 15351 goodss-27-G141_15351 0.87667
goodss 14994 1 1 1 1.413 -1.0 -1.0 -1.0 -1.0 33.264 29.431 3.8336 270010000000.0 15987000000.0 0.0 1.413 1.0 114.7 7.602 13510000000.0 10658000000.0 -1.44 5.0 1.22 196.11 54.36 14994 goodss-20-G141_14994 1.41452
goodss 26175 1 1 1 1.318 -1.0 -1.0 -1.0 -1.0 80.529 77.462 3.0673 710660000000.0 12791000000.0 0.0 1.318 1.0 384.7 20.89 12027000000.0 8527500000.0 -1.53 5.49 1.47 164.45 46.08 26175 goodss-37-G141_26175 1.31174
goodss 7929 2 1 1 1.3397 1.25 1.2968 1.3833 1.4351 34.246 31.987 2.2592 293460000000.0 9421300000.0 0.0 1.34 2.0 147.5 7.017 7796400000.0 6280800000.0 -1.44 0.96 1.6 30.03 50.01 7929 goodss-21-G141_07929 1.33965
goodss 41319 2 1 1 1.3549 1.3509 1.353 1.3567 1.3583 52.129 50.402 1.7264 462410000000.0 7199100000.0 0.0 1.355 2.0 222.6 40.95 3941000000.0 4799400000.0 -0.44 10.41 0.69 597.21 54.22 41319 goodss-30-G141_41319 1.3549
goodss 6677 1 1 1 1.2488 -1.0 -1.0 -1.0 -1.0 49.822 31.363 18.459 287730000000.0 76977000000.0 0.0 1.249 1.0 201.6 7.377 79851000000.0 51318000000.0 -1.65 57.82 0.76 610.5 10.65 6677 goodss-21-G141_06677 1.25128
goodss 11763 2 1 1 1.1001 1.0972 1.0986 1.1017 1.1032 28.068 25.351 2.7177 232580000000.0 11333000000.0 0.0 1.1 2.0 275.8 6.59 11268000000.0 7555300000.0 -1.62 7.03 0.89 237.0 32.35 11763 goodss-06-G141_11763 1.10013
goodss 579 2 1 1 1.4242 1.4132 1.4234 1.5445 1.5761 105.99 101.47 4.5206 930920000000.0 18851000000.0 0.0 1.424 2.0 388.7 45.21 14623000000.0 12568000000.0 -1.21 -99.0 -99.0 -99.0 -99.0 579 goodss-15-G141_00579 1.4242
goodss 4431 2 1 1 1.4266 1.3503 1.3842 1.4732 1.5118 108.02 107.01 1.0075 981730000000.0 4201200000.0 0.0 1.427 2.0 408.5 15.19 1043800000.0 2800800000.0 0.67 1.75 0.9 51.31 27.01 4431 goodss-14-G141_04431 1.42662
goodss 45378 2 1 1 1.3821 1.2771 1.3491 1.4196 1.4388 167.51 162.4 5.1048 1489900000000.0 21288000000.0 0.0 1.382 2.0 669.6 9.072 10253000000.0 14192000000.0 -0.26 -2.04 1.28 -24.73 15.46 45378 goodss-03-G141_45378 1.38214
goodss 10660 3 1 0 1.6772 1.546 1.594 1.768 1.843 -99.0 -99.0 -99.0 -99.0 -99.0 -99.0 1.677 3.0 nan 0.0 -99.0 -99.0 -1.95 -99.0 -99.0 -99.0 -99.0 10660 goodss-28-G141_10660 1.78153
goodss 11193 3 1 0 1.572 1.395 1.486 1.681 1.852 -99.0 -99.0 -99.0 -99.0 -99.0 -99.0 1.572 3.0 nan 0.0 -99.0 -99.0 -1.82 -99.0 -99.0 -99.0 -99.0 11193 goodss-28-G141_11193 1.79268
goodss 12509 2 1 1 1.6578 1.58 1.6341 1.6655 1.7943 -99.0 -99.0 -99.0 -99.0 -99.0 -99.0 1.658 2.0 nan 0.0 -99.0 -99.0 -1.91 -99.0 -99.0 -99.0 -99.0 12509 goodss-28-G141_12509 1.6578
goodss 15287 3 1 0 1.7027 1.573 1.613 1.807 1.876 -99.0 -99.0 -99.0 -99.0 -99.0 -99.0 1.703 3.0 nan 0.0 -99.0 -99.0 -1.82 -99.0 -99.0 -99.0 -99.0 15287 goodss-28-G141_15287 1.63004
goodss 42861 3 1 0 1.6142 1.398 1.518 1.705 1.853 -99.0 -99.0 -99.0 -99.0 -99.0 -99.0 1.614 3.0 nan 0.0 -99.0 -99.0 -1.95 -99.0 -99.0 -99.0 -99.0 42861 00000 -1.0
goodss 43686 3 1 0 1.6439 1.528 1.568 1.73 1.831 -99.0 -99.0 -99.0 -99.0 -99.0 -99.0 1.644 3.0 nan 0.0 -99.0 -99.0 -1.45 -99.0 -99.0 -99.0 -99.0 43686 00000 -1.0
goodss 45219 2 1 1 1.5948 1.5897 1.5918 1.5959 1.6692 -99.0 -99.0 -99.0 -99.0 -99.0 -99.0 1.595 2.0 nan 0.0 -99.0 -99.0 -1.47 -99.0 -99.0 -99.0 -99.0 45219 goodss-01-G141_45219 1.59478
goodss 46328 3 1 0 1.5788 1.446 1.513 1.647 1.814 -99.0 -99.0 -99.0 -99.0 -99.0 -99.0 1.579 3.0 nan 0.0 -99.0 -99.0 -1.6 -99.0 -99.0 -99.0 -99.0 46328 00000 -1.0
goodss 50249 2 1 1 1.747 1.7422 1.7443 1.7487 1.751 -99.0 -99.0 -99.0 -99.0 -99.0 -99.0 1.747 2.0 nan 0.0 -99.0 -99.0 -1.93 -99.0 -99.0 -99.0 -99.0 50249 goodss-01-G141_50249 1.74697
goodss 50292 2 1 1 1.5498 1.5462 1.5478 1.5519 1.5536 -99.0 -99.0 -99.0 -99.0 -99.0 -99.0 1.55 2.0 nan 0.0 -99.0 -99.0 -1.74 5.68 0.92 1228.87 334.82 50292 goodss-01-G141_50292 1.54976
goodss 7816 2 1 1 1.7607 1.7507 1.7542 1.7615 1.7634 -99.0 -99.0 -99.0 -99.0 -99.0 -99.0 1.761 2.0 nan 0.0 -99.0 -99.0 -1.98 -99.0 -99.0 -99.0 -99.0 7816 goodss-28-G141_07816 1.76074
goodss 9066 3 1 0 1.8455 1.673 1.768 1.927 2.001 -99.0 -99.0 -99.0 -99.0 -99.0 -99.0 1.845 3.0 nan 0.0 -99.0 -99.0 -1.27 -99.0 -99.0 -99.0 -99.0 9066 goodss-28-G141_09066 1.81089
goodss 9835 3 1 0 1.6167 1.447 1.574 1.665 1.701 -99.0 -99.0 -99.0 -99.0 -99.0 -99.0 1.617 3.0 nan 0.0 -99.0 -99.0 1.95 -99.0 -99.0 -99.0 -99.0 9835 goodss-28-G141_09835 1.84056
goodss 10107 2 1 1 1.8179 1.7434 1.8058 1.8276 1.8432 -99.0 -99.0 -99.0 -99.0 -99.0 -99.0 1.818 2.0 nan 0.0 -99.0 -99.0 -1.62 -99.0 -99.0 -99.0 -99.0 10107 goodss-28-G141_10107 1.81792
goodss 11237 3 1 0 1.6806 1.236 1.618 1.769 1.846 -99.0 -99.0 -99.0 -99.0 -99.0 -99.0 1.681 3.0 nan 0.0 -99.0 -99.0 3.31 -99.0 -99.0 -99.0 -99.0 11237 goodss-28-G141_11237 2.03284
goodss 11334 2 1 1 1.537 1.5316 1.5337 1.5378 1.5399 -99.0 -99.0 -99.0 -99.0 -99.0 -99.0 1.537 2.0 nan 0.0 -99.0 -99.0 -1.03 -0.67 1.07 -22.93 36.35 11334 goodss-28-G141_11334 1.53704
goodss 11843 2 1 1 1.8979 1.8123 1.8189 1.8996 1.9034 -99.0 -99.0 -99.0 -99.0 -99.0 -99.0 1.898 2.0 nan 0.0 -99.0 -99.0 -1.88 -99.0 -99.0 -99.0 -99.0 11843 goodss-28-G141_11843 1.89794
goodss 12832 2 1 1 1.9329 1.8464 1.9272 1.9346 1.9382 -99.0 -99.0 -99.0 -99.0 -99.0 -99.0 1.933 2.0 nan 0.0 -99.0 -99.0 -1.64 -99.0 -99.0 -99.0 -99.0 12832 goodss-28-G141_12832 1.93292
goodss 13298 2 1 1 1.6459 1.5807 1.641 1.6545 1.6602 -99.0 -99.0 -99.0 -99.0 -99.0 -99.0 1.646 2.0 nan 0.0 -99.0 -99.0 -1.88 -99.0 -99.0 -99.0 -99.0 13298 goodss-28-G141_13298 1.64587
goodss 13414 3 1 0 1.5541 1.45 1.505 1.603 1.66 -99.0 -99.0 -99.0 -99.0 -99.0 -99.0 1.554 3.0 nan 0.0 -99.0 -99.0 -1.72 -99.0 -99.0 -99.0 -99.0 13414 goodss-28-G141_13414 1.65249
goodss 48231 2 1 1 1.5018 1.4903 1.4971 1.5066 1.707 -99.0 -99.0 -99.0 -99.0 -99.0 -99.0 1.502 2.0 nan 0.0 -99.0 -99.0 -1.42 6.03 1.0 307.19 62.41 48231 goodss-01-G141_48231 1.50177
goodss 48905 3 1 0 1.6204 1.482 1.564 1.683 1.743 -99.0 -99.0 -99.0 -99.0 -99.0 -99.0 1.62 3.0 nan 0.0 -99.0 -99.0 -1.27 -99.0 -99.0 -99.0 -99.0 48905 00000 -1.0
goodss 48918 2 1 1 1.5358 1.5326 1.534 1.5369 1.5382 -99.0 -99.0 -99.0 -99.0 -99.0 -99.0 1.536 2.0 nan 0.0 -99.0 -99.0 -1.53 32.44 1.23 1160.28 74.85 48918 goodss-01-G141_48918 1.53578
goodss 49036 2 1 1 1.7594 1.6489 1.7129 1.8294 1.9879 -99.0 -99.0 -99.0 -99.0 -99.0 -99.0 1.759 2.0 nan 0.0 -99.0 -99.0 -1.45 -99.0 -99.0 -99.0 -99.0 49036 goodss-01-G141_49036 1.75936
goodss 49247 2 1 1 1.9081 1.8337 1.8999 1.9096 1.9137 -99.0 -99.0 -99.0 -99.0 -99.0 -99.0 1.908 2.0 nan 0.0 -99.0 -99.0 -1.54 -99.0 -99.0 -99.0 -99.0 49247 goodss-01-G141_49247 1.9081
goodss 10512 2 1 1 1.7913 1.6999 1.7768 1.8716 1.944 -99.0 -99.0 -99.0 -99.0 -99.0 -99.0 1.791 2.0 nan 0.0 -99.0 -99.0 1.46 -99.0 -99.0 -99.0 -99.0 10512 goodss-28-G141_10512 1.79128
goodss 10541 2 1 1 1.7346 1.6289 1.688 1.7399 1.7526 -99.0 -99.0 -99.0 -99.0 -99.0 -99.0 1.735 2.0 nan 0.0 -99.0 -99.0 -0.5 -99.0 -99.0 -99.0 -99.0 10541 goodss-28-G141_10541 1.73464
goodss 10860 2 1 1 1.6738 1.6672 1.6699 1.676 1.6793 -99.0 -99.0 -99.0 -99.0 -99.0 -99.0 1.674 2.0 nan 0.0 -99.0 -99.0 -1.39 -99.0 -99.0 -99.0 -99.0 10860 goodss-28-G141_10860 1.6738
goodss 11050 2 1 1 1.8619 1.6153 1.7053 1.8834 1.9719 -99.0 -99.0 -99.0 -99.0 -99.0 -99.0 1.862 2.0 nan 0.0 -99.0 -99.0 -1.13 -99.0 -99.0 -99.0 -99.0 11050 goodss-28-G141_11050 1.86194
goodss 11768 2 1 1 1.7969 1.6508 1.7171 1.9117 2.1196 -99.0 -99.0 -99.0 -99.0 -99.0 -99.0 1.797 2.0 nan 0.0 -99.0 -99.0 -0.42 -99.0 -99.0 -99.0 -99.0 11768 goodss-28-G141_11768 1.79687
goodss 47393 2 1 1 1.8377 1.6545 1.7655 1.8734 1.9304 -99.0 -99.0 -99.0 -99.0 -99.0 -99.0 1.838 2.0 nan 0.0 -99.0 -99.0 -1.41 -99.0 -99.0 -99.0 -99.0 47393 goodss-01-G141_47393 1.83772
goodss 12271 2 1 1 1.9139 1.7958 1.8926 1.9776 2.04 -99.0 -99.0 -99.0 -99.0 -99.0 -99.0 1.914 2.0 nan 0.0 -99.0 -99.0 1.12 -99.0 -99.0 -99.0 -99.0 12271 goodss-28-G141_12271 1.91392
goodss 12792 2 1 1 1.758 1.686 1.7355 1.7672 1.8155 -99.0 -99.0 -99.0 -99.0 -99.0 -99.0 1.758 2.0 nan 0.0 -99.0 -99.0 -0.43 -99.0 -99.0 -99.0 -99.0 12792 goodss-28-G141_12792 1.75798
goodss 43826 3 1 0 1.8398 1.713 1.769 1.906 2.018 -99.0 -99.0 -99.0 -99.0 -99.0 -99.0 1.84 3.0 nan 0.0 -99.0 -99.0 0.28 -99.0 -99.0 -99.0 -99.0 43826 00000 -1.0
goodss 48373 2 1 1 1.5831 1.4411 1.5659 1.708 1.7821 0.19621 -99.0 0.19621 -99.0 818220000.0 2.0 1.583 2.0 -1.088e-05 1.047e-09 146840000.0 545480000.0 1.49 -99.0 -99.0 -99.0 -99.0 48373 goodss-01-G141_48373 1.58313
goodss 9704 2 1 1 1.7333 1.7185 1.7283 1.7419 1.7477 -99.0 -99.0 -99.0 -99.0 -99.0 -99.0 1.733 2.0 nan 0.0 -99.0 -99.0 0.66 -99.0 -99.0 -99.0 -99.0 9704 goodss-28-G141_09704 1.73327
goodss 10436 2 1 1 1.8391 1.7916 1.817 1.8462 1.8605 1.1743 -99.0 1.1743 -99.0 4897000000.0 2.0 1.839 2.0 -9.892 10.1 547730000.0 3264700000.0 2.26 -99.0 -99.0 -99.0 -99.0 10436 goodss-21-G141_10436 1.83914
goodss 48793 2 1 1 1.7346 1.7306 1.7323 1.7354 1.7368 -99.0 -99.0 -99.0 -99.0 -99.0 -99.0 1.735 2.0 nan 0.0 -99.0 -99.0 0.38 -99.0 -99.0 -99.0 -99.0 48793 goodss-01-G141_48793 1.73464
goodss 11635 3 1 0 1.5028 1.318 1.416 1.574 1.695 0.17179 -99.0 0.17179 -99.0 716380000.0 2.0 1.503 3.0 -4.442 8.93 678460000.0 477590000.0 -1.64 -99.0 -99.0 -99.0 -99.0 11635 00000 -1.0
goodss 29760 2 1 1 1.613 1.4553 1.5664 1.6224 1.6503 0.45161 -99.0 0.45161 -99.0 1883300000.0 2.0 1.613 2.0 -5.546 14.11 107690000.0 1255500000.0 3.0 -99.0 -99.0 -99.0 -99.0 29760 goodss-25-G141_29760 1.613
goodss 5532 2 1 1 1.9066 1.8038 1.8419 1.9185 2.1035 0.85462 -99.0 0.85462 -99.0 3563900000.0 2.0 1.907 2.0 -6.871 9.525 379270000.0 2375900000.0 2.23 -99.0 -99.0 -99.0 -99.0 5532 goodss-13-G141_05532 1.90665
goodss 36560 2 1 1 1.6966 1.5082 1.6253 1.7019 1.7615 1.9372 1.0288 0.90833 9438800000.0 3787900000.0 1.0 1.697 2.0 3.698 7.063 1373800000.0 2525200000.0 0.08 -99.0 -99.0 -99.0 -99.0 36560 goodss-12-G141_36560 1.69662
goodss 6204 3 1 0 1.5704 1.489 1.526 1.615 1.646 1.878 0.93571 0.94229 8584500000.0 3929500000.0 1.0 1.57 3.0 3.181 8.266 265350000.0 2619600000.0 2.75 -99.0 -99.0 -99.0 -99.0 6204 00000 -1.0
goodss 17049 2 1 1 1.6939 1.4819 1.5772 1.7121 1.7588 0.46751 -99.0 0.46751 -99.0 1949600000.0 2.0 1.694 2.0 -6.865 8.719 100590000.0 1299700000.0 3.19 -99.0 -99.0 -99.0 -99.0 17049 goodss-04-G141_17049 1.69393
goodss 49571 3 1 0 1.6559 1.592 1.618 1.694 1.716 1.5297 -99.0 1.5297 -99.0 6379100000.0 2.0 1.656 3.0 -13.71 13.56 1102800000.0 4252700000.0 1.5 -99.0 -99.0 -99.0 -99.0 49571 00000 -1.0
goodss 15748 2 1 1 1.8534 1.6933 1.7409 1.8549 1.8734 1.9273 -99.0 1.9273 -99.0 8037200000.0 2.0 1.853 2.0 -0.0001994 1.613e-06 2737900000.0 5358200000.0 0.02 -99.0 -99.0 -99.0 -99.0 15748 goodss-28-G141_15748 1.85337
goodss 44042 2 1 1 1.6182 1.5989 1.6087 1.6228 1.6296 2.0774 -99.0 2.0774 -99.0 8663000000.0 2.0 1.618 2.0 -2.392 683.8 1339800000.0 5775400000.0 1.69 -99.0 -99.0 -99.0 -99.0 44042 goodss-30-G141_44042 1.61823
goodss 34567 3 1 0 1.7545 1.611 1.657 1.857 1.964 2.7271 1.6082 1.1189 14754000000.0 4666000000.0 1.0 1.754 3.0 6.019 19.03 718440000.0 3110700000.0 1.77 -99.0 -99.0 -99.0 -99.0 34567 00000 -1.0
goodss 31397 1 1 1 1.903 -1.0 -1.0 -1.0 -1.0 7.9718 3.8485 4.1233 35308000000.0 17195000000.0 0.0 1.903 1.0 13.34 8.411 4963500000.0 11463000000.0 0.38 -99.0 -99.0 -99.0 -99.0 31397 goodss-32-G141_31397 1.90665
goodss 29652 1 1 1 1.61 -1.0 -1.0 -1.0 -1.0 7.9151 4.3384 3.5767 39802000000.0 14915000000.0 1.0 1.61 1.0 14.69 119.9 3309400000.0 9943700000.0 0.68 -99.0 -99.0 -99.0 -99.0 29652 goodss-24-G141_29652 1.613
goodss 42348 3 1 0 1.6228 1.465 1.562 1.686 1.763 2.3024 0.89389 1.4085 8200800000.0 5873600000.0 1.0 1.623 3.0 3.045 8.666 3912000000.0 3915700000.0 -0.71 0.4 0.7 62.05 113.0 42348 goodss-11-G141_42348 1.3502
goodss 8814 2 1 1 1.5767 1.536 1.5556 1.6017 1.6388 12.106 11.466 0.64025 105190000000.0 2669900000.0 0.0 1.577 2.0 38.9 11.25 422080000.0 1780000000.0 1.67 -99.0 -99.0 -99.0 -99.0 8814 goodss-21-G141_08814 1.57668
goodss 6185 2 1 1 1.551 1.3584 1.432 1.5536 1.5672 9.5821 9.0259 0.55617 82807000000.0 2319300000.0 0.0 1.551 2.0 30.94 8.296 718630000.0 1546200000.0 0.41 2.47 1.31 137.33 77.77 6185 goodss-21-G141_06185 1.55104
goodss 15682 2 1 1 1.8081 1.8018 1.8046 1.8101 1.8122 3.6786 2.7282 0.95032 25030000000.0 3963000000.0 0.0 1.808 2.0 10.25 9.909 654280000.0 2642000000.0 1.62 -99.0 -99.0 -99.0 -99.0 15682 goodss-04-G141_15682 1.80808
goodss 29955 2 1 1 1.613 1.5976 1.6062 1.6175 1.6231 21.433 19.798 1.6349 181630000000.0 6817700000.0 1.0 1.613 2.0 67.13 130.6 608420000.0 4545100000.0 2.54 -99.0 -99.0 -99.0 -99.0 29955 goodss-25-G141_29955 1.613
goodss 29288 2 1 1 1.532 1.461 1.5167 1.6055 1.6921 41.141 41.033 0.10736 376450000000.0 447720000.0 0.0 1.532 2.0 142.3 9.664 130030000.0 298480000.0 0.19 -2.07 1.32 -87.16 52.65 29288 goodss-09-G141_29288 1.53198
goodss 30534 2 1 1 1.5459 1.5334 1.5405 1.5528 1.5612 172.05 170.54 1.5112 1564600000000.0 6301900000.0 0.0 1.546 2.0 586.3 10.49 4269600000.0 4201300000.0 -1.16 15.98 2.54 198.47 34.69 30534 goodss-18-G141_30534 1.54594
goodss 36095 2 1 1 1.9329 1.8959 1.9185 1.9403 1.9501 154.56 147.24 7.3223 1350800000000.0 30535000000.0 0.0 1.933 2.0 489.5 5.331 16408000000.0 20357000000.0 -0.44 -99.0 -99.0 -99.0 -99.0 36095 goodss-33-G141_36095 1.93292
goodss 33240 3 1 0 1.5539 1.377 1.448 1.644 1.748 2.2642 -99.0 2.2642 -99.0 9442100000.0 2.0 1.554 3.0 -6.015 8.028 9398800000.0 6294800000.0 -1.65 2.59 1.04 491.8 234.64 33240 goodss-17-G141_33240 1.55104
goodss 40335 3 1 0 1.6656 1.55 1.593 1.754 1.811 4.8193 3.4997 1.3196 32107000000.0 5502900000.0 0.0 1.666 3.0 12.27 8.953 4570200000.0 3668600000.0 -1.32 -1.34 0.97 -314.62 214.89 40335 goodss-30-G141_40335 1.55614
goodss 21537 2 1 1 1.7913 1.7836 1.7871 1.7935 1.7963 6.3449 2.7521 3.5928 25248000000.0 14983000000.0 1.0 1.791 2.0 10.38 11.96 12019000000.0 9988300000.0 -1.22 -99.0 -99.0 -99.0 -99.0 21537 goodss-31-G141_21537 1.79128
goodss 17767 3 1 0 1.6182 1.497 1.555 1.686 1.75 3.213 1.6533 1.5597 15168000000.0 6504000000.0 1.0 1.618 3.0 5.619 8.425 6987500000.0 4336000000.0 -1.8 -99.0 -99.0 -99.0 -99.0 17767 goodss-19-G141_17767 1.65117
goodss 14962 1 1 1 1.552 -1.0 -1.0 -1.0 -1.0 8.7766 2.5304 6.2462 23215000000.0 26048000000.0 0.0 1.552 1.0 8.669 8.441 29132000000.0 17365000000.0 -1.85 5.97 1.89 367.27 126.87 14962 goodss-20-G141_14962 1.54849
goodss 3962 2 1 1 1.7871 1.7782 1.7831 1.7898 1.794 16.592 7.9699 8.6225 73118000000.0 35957000000.0 0.0 1.787 2.0 30.05 7.423 32674000000.0 23971000000.0 -1.49 -99.0 -99.0 -99.0 -99.0 3962 goodss-13-G141_03962 1.7871
goodss 9063 2 1 1 1.7663 1.7626 1.7644 1.7683 1.7703 27.176 16.308 10.867 149620000000.0 45319000000.0 0.0 1.766 2.0 61.38 12.3 41917000000.0 30213000000.0 -1.46 -99.0 -99.0 -99.0 -99.0 9063 goodss-28-G141_09063 1.76627
goodss 7384 2 1 1 1.5664 1.4351 1.5505 1.5709 1.5872 27.574 26.229 1.3443 240640000000.0 5606000000.0 0.0 1.566 2.0 89.27 9.591 3848300000.0 3737300000.0 -1.14 -99.0 -99.0 -99.0 -99.0 7384 goodss-13-G141_07384 1.56639
goodss 4915 3 1 0 1.5992 1.541 1.564 1.635 1.662 72.097 66.615 5.4814 611150000000.0 22858000000.0 0.0 1.599 3.0 225.5 4.779 14941000000.0 15239000000.0 -0.71 -99.0 -99.0 -99.0 -99.0 4915 00000 -1.0
goodss 9034 3 1 0 1.7548 1.647 1.7 1.81 1.851 32.345 24.633 7.7129 225990000000.0 32164000000.0 0.0 1.755 3.0 92.24 11.14 27806000000.0 21443000000.0 -1.43 -99.0 -99.0 -99.0 -99.0 9034 00000 -1.0
goodss 46831 2 1 1 1.9565 1.6692 1.7872 1.957 2.0719 175.56 174.36 1.2068 1599600000000.0 5032400000.0 0.0 1.956 2.0 561.5 20.98 1115100000.0 3354900000.0 0.97 -99.0 -99.0 -99.0 -99.0 46831 goodss-35-G141_46831 1.95648
goodss 20403 2 1 1 1.9359 1.6888 1.93 2.0241 2.0451 178.53 175.1 3.4269 1606400000000.0 14290000000.0 0.0 1.936 2.0 579.7 9.505 8622800000.0 9527000000.0 -0.63 -99.0 -99.0 -99.0 -99.0 20403 goodss-07-G141_20403 1.93586
goodss 11325 3 1 0 1.9868 1.835 1.905 2.069 2.147 89.205 88.547 0.65863 812360000000.0 2746600000.0 0.0 1.987 3.0 272.4 14.89 2054200000.0 1831100000.0 -1.1 -99.0 -99.0 -99.0 -99.0 11325 goodss-28-G141_11325 2.37367
goodss 39090 2 1 1 1.8081 1.6589 1.7436 1.8592 1.9435 116.5 115.94 0.5539 1063700000000.0 2309900000.0 0.0 1.808 2.0 435.6 5.9 595770000.0 1539900000.0 0.55 -99.0 -99.0 -99.0 -99.0 39090 goodss-12-G141_39090 1.80808
goodss 14335 2 1 1 1.5231 1.3856 1.4335 1.5742 1.7916 109.81 108.15 1.6571 992230000000.0 6910500000.0 0.0 1.523 2.0 377.4 9.251 4318800000.0 4607000000.0 -0.64 -2.87 1.88 -65.49 41.59 14335 goodss-10-G141_14335 1.52313
goodss 8422 1 1 1 1.603 -1.0 -1.0 -1.0 -1.0 787.22 782.84 4.3849 7182000000000.0 18286000000.0 0.0 1.603 1.0 2650.0 15.06 10386000000.0 12191000000.0 -0.49 -99.0 -99.0 -99.0 -99.0 8422 goodss-21-G141_08422 1.6117
goodss 48312 3 1 0 1.8459 1.76 1.795 1.895 1.962 160.47 159.51 0.96516 1463300000000.0 4024900000.0 0.0 1.846 3.0 587.3 9.981 1261500000.0 2683200000.0 0.42 -99.0 -99.0 -99.0 -99.0 48312 00000 -1.0
goodss 22079 2 1 1 1.6872 1.5614 1.6262 1.7419 1.8771 302.16 301.47 0.6888 2765800000000.0 2872400000.0 0.0 1.687 2.0 1075.0 8.352 1194200000.0 1914900000.0 -0.21 -99.0 -99.0 -99.0 -99.0 22079 goodss-31-G141_22079 1.6872
goodss 44157 2 1 1 1.8907 1.8011 1.8655 1.8917 1.9051 235.46 231.51 3.9512 2124000000000.0 16477000000.0 0.0 1.891 2.0 814.0 8.276 6787900000.0 10985000000.0 -0.17 -99.0 -99.0 -99.0 -99.0 44157 goodss-11-G141_44157 1.8907
goodss 42705 2 1 1 1.6859 1.4614 1.5518 1.7257 1.7726 225.44 224.39 1.0524 2058600000000.0 4388600000.0 0.0 1.686 2.0 799.5 9.086 1510100000.0 2925700000.0 0.24 -99.0 -99.0 -99.0 -99.0 42705 goodss-35-G141_42705 1.68586
goodss 14152 1 1 1 1.615 -1.0 -1.0 -1.0 -1.0 224.75 222.61 2.1475 2042300000000.0 8955300000.0 0.0 1.615 1.0 755.5 8.008 2951700000.0 5970200000.0 0.18 2.22 1.9 23.03 19.96 14152 goodss-27-G141_14152 1.41211
goodss 40030 3 1 0 1.6395 1.487 1.565 1.724 1.819 7.1657 5.4947 1.671 50410000000.0 6968400000.0 0.0 1.639 3.0 18.88 10.32 6696900000.0 4645600000.0 -1.56 -99.0 -99.0 -99.0 -99.0 40030 goodss-30-G141_40030 1.68854
goodss 7493 2 1 1 1.5664 1.5618 1.5638 1.5686 1.571 30.097 23.976 6.1212 219960000000.0 25526000000.0 0.0 1.566 2.0 81.6 10.49 25803000000.0 17017000000.0 -1.68 -99.0 -99.0 -99.0 -99.0 7493 goodss-13-G141_07493 1.56639
goodss 21199 2 1 1 1.7663 1.7618 1.7637 1.7675 1.7691 32.582 23.192 9.3901 212770000000.0 39158000000.0 0.0 1.766 2.0 87.29 8.772 33705000000.0 26105000000.0 -1.38 -99.0 -99.0 -99.0 -99.0 21199 goodss-08-G141_21199 1.76627
goodss 34013 1 1 1 1.8726 -1.0 -1.0 -1.0 -1.0 46.113 32.709 13.404 300080000000.0 55898000000.0 0.0 1.873 1.0 117.4 9.178 52424000000.0 37265000000.0 -1.48 -99.0 -99.0 -99.0 -99.0 34013 goodss-09-G141_34013 1.87485
goodss 21797 2 1 1 1.5434 1.4598 1.4939 1.5896 1.6515 135.91 130.72 5.1854 1199300000000.0 21624000000.0 0.0 1.543 2.0 450.2 7.129 14789000000.0 14416000000.0 -0.82 0.6 1.53 14.52 37.31 21797 goodss-07-G141_21797 1.5434
goodss 7083 3 1 0 1.8004 1.721 1.746 1.855 1.896 135.16 133.88 1.2739 1228300000000.0 5312200000.0 0.0 1.8 3.0 504.0 9.39 2155300000.0 3541500000.0 -0.12 -99.0 -99.0 -99.0 -99.0 7083 00000 -1.0
goodss 30836 1 1 1 1.61 -1.0 -1.0 -1.0 -1.0 83.345 75.929 7.4158 696600000000.0 30925000000.0 0.0 1.61 1.0 257.1 10.64 20693000000.0 20617000000.0 -0.86 -0.42 0.64 -8.85 13.46 30836 goodss-09-G141_30836 1.36671
goodss 6609 2 1 1 1.7278 1.5091 1.5509 1.729 1.7572 200.09 187.44 12.656 1719600000000.0 52776000000.0 0.0 1.728 2.0 690.4 7.089 31605000000.0 35184000000.0 -0.56 -99.0 -99.0 -99.0 -99.0 6609 goodss-21-G141_06609 1.72781
goodss 24110 1 1 1 1.998 -1.0 -1.0 -1.0 -1.0 361.43 343.33 18.1 3149800000000.0 75478000000.0 0.0 1.998 1.0 1039.0 18.13 42989000000.0 50319000000.0 -0.48 -99.0 -99.0 -99.0 -99.0 24110 goodss-34-G141_24110 1.99068
goodss 32690 2 1 1 1.9668 1.8732 1.9479 2.1108 2.1987 227.99 226.27 1.7227 2075900000000.0 7183700000.0 0.0 1.967 2.0 717.5 36.45 1400200000.0 4789100000.0 1.34 -99.0 -99.0 -99.0 -99.0 32690 goodss-33-G141_32690 1.96685
goodss 35127 2 1 1 1.569 1.4141 1.4693 1.6552 1.8163 228.91 226.76 2.1456 2080400000000.0 8947400000.0 0.0 1.569 2.0 771.1 23.95 3646000000.0 5964900000.0 -0.01 -99.0 -99.0 -99.0 -99.0 35127 goodss-29-G141_35127 1.56896
goodss 40838 1 1 1 1.98 -1.0 -1.0 -1.0 -1.0 235.93 225.56 10.37 2069400000000.0 43244000000.0 0.0 1.98 1.0 701.3 8.438 22358000000.0 28829000000.0 -0.41 0.87 1.19 18.7 25.83 40838 goodss-12-G141_40838 1.52439
goodss 44066 1 1 1 1.617 -1.0 -1.0 -1.0 -1.0 425.66 406.83 18.837 3732300000000.0 78551000000.0 0.0 1.617 1.0 1382.0 44.59 18152000000.0 52367000000.0 0.98 24.4 0.75 173.71 5.61 44066 goodss-35-G141_44066 0.98774
goodss 46869 2 1 1 1.5485 1.5129 1.5325 1.624 1.662 214.0 210.98 3.0204 1935600000000.0 12595000000.0 0.0 1.548 2.0 724.5 203.4 6866100000.0 8396900000.0 -0.41 1.97 1.99 40.91 41.65 46869 goodss-35-G141_46869 1.54849
goodss 42669 3 1 0 2.3389 2.211 2.272 2.407 2.463 -99.0 -99.0 -99.0 -99.0 -99.0 -99.0 2.339 3.0 nan 0.0 -99.0 -99.0 -1.92 -99.0 -99.0 -99.0 -99.0 42669 00000 -1.0
goodss 45790 3 1 0 2.2693 2.16 2.197 2.355 2.409 -99.0 -99.0 -99.0 -99.0 -99.0 -99.0 2.269 3.0 nan 0.0 -99.0 -99.0 -1.66 -99.0 -99.0 -99.0 -99.0 45790 goodss-01-G141_45790 2.5787
goodss 46734 3 1 0 2.2709 2.157 2.199 2.345 2.396 -99.0 -99.0 -99.0 -99.0 -99.0 -99.0 2.271 3.0 nan 0.0 -99.0 -99.0 -1.73 -99.0 -99.0 -99.0 -99.0 46734 goodss-01-G141_46734 2.26252
goodss 46868 3 1 0 2.3444 2.231 2.274 2.414 2.478 -99.0 -99.0 -99.0 -99.0 -99.0 -99.0 2.344 3.0 nan 0.0 -99.0 -99.0 -1.33 -99.0 -99.0 -99.0 -99.0 46868 goodss-01-G141_46868 2.22683
goodss 46984 3 1 0 2.2888 2.134 2.203 2.375 2.434 -99.0 -99.0 -99.0 -99.0 -99.0 -99.0 2.289 3.0 nan 0.0 -99.0 -99.0 -1.66 -99.0 -99.0 -99.0 -99.0 46984 00000 -1.0
goodss 48660 3 1 0 2.3115 2.199 2.243 2.381 2.433 -99.0 -99.0 -99.0 -99.0 -99.0 -99.0 2.311 3.0 nan 0.0 -99.0 -99.0 -1.72 -99.0 -99.0 -99.0 -99.0 48660 goodss-01-G141_48660 2.39906
goodss 49017 3 1 0 2.409 2.267 2.332 2.484 2.526 -99.0 -99.0 -99.0 -99.0 -99.0 -99.0 2.409 3.0 nan 0.0 -99.0 -99.0 -1.85 -99.0 -99.0 -99.0 -99.0 49017 00000 -1.0
goodss 49029 3 1 0 2.3234 2.191 2.248 2.402 2.467 -99.0 -99.0 -99.0 -99.0 -99.0 -99.0 2.323 3.0 nan 0.0 -99.0 -99.0 -1.43 -99.0 -99.0 -99.0 -99.0 49029 goodss-01-G141_49029 2.45907
goodss 49197 3 1 0 2.0943 1.899 2.018 2.17 2.217 -99.0 -99.0 -99.0 -99.0 -99.0 -99.0 2.094 3.0 nan 0.0 -99.0 -99.0 -1.9 -99.0 -99.0 -99.0 -99.0 49197 goodss-01-G141_49197 2.07406
goodss 49398 3 1 0 2.2917 2.132 2.209 2.384 2.482 -99.0 -99.0 -99.0 -99.0 -99.0 -99.0 2.292 3.0 nan 0.0 -99.0 -99.0 -1.22 -99.0 -99.0 -99.0 -99.0 49398 goodss-01-G141_49398 1.78849
goodss 9391 2 1 1 2.2691 2.2598 2.264 2.2711 2.2741 -99.0 -99.0 -99.0 -99.0 -99.0 -99.0 2.269 2.0 nan 0.0 -99.0 -99.0 -1.81 -99.0 -99.0 -99.0 -99.0 9391 goodss-28-G141_09391 2.26905
goodss 10884 3 1 0 2.3196 2.177 2.245 2.397 2.46 -99.0 -99.0 -99.0 -99.0 -99.0 -99.0 2.32 3.0 nan 0.0 -99.0 -99.0 -1.49 -99.0 -99.0 -99.0 -99.0 10884 goodss-28-G141_10884 2.07714
goodss 11287 3 1 0 2.1237 1.944 2.039 2.213 2.288 -99.0 -99.0 -99.0 -99.0 -99.0 -99.0 2.124 3.0 nan 0.0 -99.0 -99.0 -0.54 -99.0 -99.0 -99.0 -99.0 11287 goodss-28-G141_11287 2.23491
goodss 14849 3 1 0 2.3955 2.23 2.295 2.492 2.549 -99.0 -99.0 -99.0 -99.0 -99.0 -99.0 2.395 3.0 nan 0.0 -99.0 -99.0 -1.81 -99.0 -99.0 -99.0 -99.0 14849 goodss-28-G141_14849 2.54664
goodss 44962 3 1 0 2.2025 2.056 2.116 2.288 2.342 -99.0 -99.0 -99.0 -99.0 -99.0 -99.0 2.203 3.0 nan 0.0 -99.0 -99.0 -1.07 -99.0 -99.0 -99.0 -99.0 44962 goodss-01-G141_44962 2.21877
goodss 46223 3 1 0 2.2251 2.125 2.168 2.28 2.323 -99.0 -99.0 -99.0 -99.0 -99.0 -99.0 2.225 3.0 nan 0.0 -99.0 -99.0 -1.21 -99.0 -99.0 -99.0 -99.0 46223 00000 -1.0
goodss 47726 3 1 0 2.2333 2.111 2.17 2.296 2.329 -99.0 -99.0 -99.0 -99.0 -99.0 -99.0 2.233 3.0 nan 0.0 -99.0 -99.0 -1.24 -99.0 -99.0 -99.0 -99.0 47726 goodss-01-G141_47726 2.26252
goodss 48893 3 1 0 2.3647 2.229 2.27 2.462 2.525 -99.0 -99.0 -99.0 -99.0 -99.0 -99.0 2.365 3.0 nan 0.0 -99.0 -99.0 -1.16 -99.0 -99.0 -99.0 -99.0 48893 goodss-01-G141_48893 2.46426
goodss 13507 2 1 1 2.0511 2.0424 2.0472 2.0534 2.0566 -99.0 -99.0 -99.0 -99.0 -99.0 -99.0 2.051 2.0 nan 0.0 -99.0 -99.0 -1.75 -99.0 -99.0 -99.0 -99.0 13507 goodss-28-G141_13507 2.05109
goodss 47556 2 1 1 2.3485 2.337 2.3413 2.3513 2.3556 -99.0 -99.0 -99.0 -99.0 -99.0 -99.0 2.348 2.0 nan 0.0 -99.0 -99.0 -1.2 -99.0 -99.0 -99.0 -99.0 47556 goodss-01-G141_47556 2.34846
goodss 48424 2 1 1 2.2446 2.203 2.2311 2.3016 2.3469 -99.0 -99.0 -99.0 -99.0 -99.0 -99.0 2.245 2.0 nan 0.0 -99.0 -99.0 -1.56 -99.0 -99.0 -99.0 -99.0 48424 goodss-01-G141_48424 2.24463
goodss 48692 2 1 1 2.1709 2.1654 2.1679 2.1723 2.1743 -99.0 -99.0 -99.0 -99.0 -99.0 -99.0 2.171 2.0 nan 0.0 -99.0 -99.0 -1.23 -99.0 -99.0 -99.0 -99.0 48692 goodss-01-G141_48692 2.17085
goodss 49046 2 1 1 2.2576 2.2517 2.254 2.2587 2.2608 -99.0 -99.0 -99.0 -99.0 -99.0 -99.0 2.258 2.0 nan 0.0 -99.0 -99.0 -1.09 -99.0 -99.0 -99.0 -99.0 49046 goodss-01-G141_49046 2.25763
goodss 11771 2 1 1 2.2887 2.2741 2.2798 2.2957 2.3813 -99.0 -99.0 -99.0 -99.0 -99.0 -99.0 2.289 2.0 nan 0.0 -99.0 -99.0 -0.41 -99.0 -99.0 -99.0 -99.0 11771 goodss-28-G141_11771 2.28873
goodss 31452 2 1 1 2.2252 2.0365 2.1529 2.2375 2.2584 2.0045 -99.0 2.0045 -99.0 8359100000.0 2.0 2.225 2.0 -3.394 9.843 1695200000.0 5572700000.0 1.01 -99.0 -99.0 -99.0 -99.0 31452 goodss-32-G141_31452 2.22522
goodss 41273 3 1 0 2.3112 2.094 2.225 2.403 2.457 1.1686 -99.0 1.1686 -99.0 4873400000.0 2.0 2.311 3.0 -5.959 5.962 1527400000.0 3248900000.0 0.27 -99.0 -99.0 -99.0 -99.0 41273 goodss-29-G141_41273 2.2838
goodss 35061 2 1 1 2.3301 2.3063 2.3188 2.4213 2.4332 2.6773 -99.0 2.6773 -99.0 11165000000.0 2.0 2.33 2.0 -7.222 8.451 5273900000.0 7443200000.0 -0.38 -99.0 -99.0 -99.0 -99.0 35061 goodss-24-G141_35061 2.33009
goodss 43901 3 1 0 2.0724 1.984 2.015 2.132 2.196 7.2633 6.4466 0.81672 59143000000.0 3405800000.0 0.0 2.072 3.0 17.53 10.77 1234500000.0 2270600000.0 -0.22 -99.0 -99.0 -99.0 -99.0 43901 00000 -1.0
goodss 8477 3 1 0 2.1361 1.984 2.062 2.211 2.259 2.3038 -99.0 2.3038 -99.0 9607200000.0 2.0 2.136 3.0 -3.86 6.653 8674000000.0 6404800000.0 -1.49 -99.0 -99.0 -99.0 -99.0 8477 goodss-06-G141_08477 2.09411
goodss 35124 3 1 0 2.1695 1.967 2.091 2.25 2.326 1.721 -99.0 1.721 -99.0 7177000000.0 2.0 2.169 3.0 -0.7648 8.114 8244000000.0 4784600000.0 -1.88 -99.0 -99.0 -99.0 -99.0 35124 goodss-18-G141_35124 2.22522
goodss 40162 3 1 0 2.1784 2.043 2.109 2.25 2.3 2.6238 -99.0 2.6238 -99.0 10942000000.0 2.0 2.178 3.0 -7.78 8.864 9394400000.0 7294400000.0 -1.39 -99.0 -99.0 -99.0 -99.0 40162 goodss-12-G141_40162 2.08947
goodss 5430 3 1 0 2.0796 1.943 1.994 2.168 2.223 1.4743 -99.0 1.4743 -99.0 6147900000.0 2.0 2.08 3.0 -21.11 7.754 6637800000.0 4098600000.0 -1.81 1.03 0.56 190284827.87 2.0519141930029316e+26 5430 goodss-22-G141_05430 1.31984
goodss 39068 3 1 0 2.3796 2.227 2.289 2.472 2.54 1.9129 -99.0 1.9129 -99.0 7977100000.0 2.0 2.38 3.0 -3.102 9.714 8988200000.0 5318100000.0 -1.86 -99.0 -99.0 -99.0 -99.0 39068 goodss-23-G141_39068 2.54132
goodss 46897 3 1 0 2.2567 2.07 2.178 2.333 2.386 1.8962 -99.0 1.8962 -99.0 7907300000.0 2.0 2.257 3.0 -10.86 11.12 6312300000.0 5271600000.0 -1.29 -99.0 -99.0 -99.0 -99.0 46897 00000 -1.0
goodss 1283 3 1 0 2.4392 2.275 2.351 2.537 2.599 2.7242 -99.0 2.7242 -99.0 11360000000.0 2.0 2.439 3.0 -13.45 6.207 7965500000.0 7573400000.0 -0.98 -99.0 -99.0 -99.0 -99.0 1283 00000 -1.0
goodss 4647 3 1 0 2.0971 1.92 2.004 2.187 2.278 2.895 0.38984 2.5052 3576500000.0 10447000000.0 1.0 2.097 3.0 1.022 8.775 7592000000.0 6964600000.0 -1.07 -99.0 -99.0 -99.0 -99.0 4647 goodss-22-G141_04647 2.02678
goodss 39384 3 1 0 2.1291 1.502 2.027 2.208 2.267 3.3199 -99.0 3.3199 -99.0 13844000000.0 2.0 2.129 3.0 -2.164 10.48 14639000000.0 9229600000.0 -1.77 -99.0 -99.0 -99.0 -99.0 39384 goodss-23-G141_39384 2.00266
goodss 33721 2 1 1 2.3151 2.3046 2.3093 2.3174 2.3212 13.036 8.3917 4.6443 76988000000.0 19368000000.0 0.0 2.315 2.0 15.89 8.901 10109000000.0 12912000000.0 -0.4 -99.0 -99.0 -99.0 -99.0 33721 goodss-33-G141_33721 2.31514
goodss 1910 3 1 0 2.4878 2.374 2.425 2.551 2.597 3.4991 0.67033 2.8288 6149800000.0 11796000000.0 1.0 2.488 3.0 0.9353 10.12 4439700000.0 7864200000.0 0.23 -99.0 -99.0 -99.0 -99.0 1910 goodss-16-G141_01910 2.49908
goodss 42556 3 1 0 2.3507 2.198 2.269 2.434 2.533 20.218 18.22 1.9981 167160000000.0 8332200000.0 0.0 2.351 3.0 32.76 8.831 4274000000.0 5554800000.0 -0.4 -99.0 -99.0 -99.0 -99.0 42556 goodss-12-G141_42556 2.29861
goodss 18936 2 1 1 2.0344 2.0298 2.0315 2.0354 2.0372 16.576 6.0987 10.478 55952000000.0 43694000000.0 0.0 2.034 2.0 17.53 8.712 54411000000.0 29129000000.0 -1.96 -99.0 -99.0 -99.0 -99.0 18936 goodss-20-G141_18936 2.03436
goodss 30067 3 1 0 2.2815 2.095 2.2 2.368 2.443 11.852 9.5152 2.3372 87295000000.0 9746400000.0 0.0 2.281 3.0 18.89 10.34 4238500000.0 6497600000.0 -0.17 -99.0 -99.0 -99.0 -99.0 30067 goodss-18-G141_30067 2.10341
goodss 28581 3 1 0 2.1095 1.889 2.027 2.2 2.24 11.189 8.9439 2.2451 82054000000.0 9362400000.0 1.0 2.109 3.0 23.03 145.8 3359900000.0 6241600000.0 0.07 -4.4 2.26 -61292.86 62038.37 28581 goodss-25-G141_28581 1.17603
goodss 16498 2 1 1 2.0435 1.8527 1.8752 2.0459 2.0709 9.1653 4.4066 4.7587 40427000000.0 19844000000.0 0.0 2.043 2.0 12.5 8.686 9448300000.0 13230000000.0 -0.35 -99.0 -99.0 -99.0 -99.0 16498 goodss-19-G141_16498 2.04348
goodss 41748 1 1 1 2.3027 -1.0 -1.0 -1.0 -1.0 53.74 44.352 9.3882 406900000000.0 39150000000.0 0.0 2.303 1.0 85.37 8.385 27397000000.0 26100000000.0 -1.11 -99.0 -99.0 -99.0 -99.0 41748 goodss-30-G141_41748 2.29696
goodss 3603 2 1 1 2.3201 2.2166 2.2892 2.4318 2.5154 56.488 54.821 1.6672 502950000000.0 6952300000.0 0.0 2.32 2.0 103.1 7.76 2741300000.0 4634900000.0 -0.18 -99.0 -99.0 -99.0 -99.0 3603 goodss-13-G141_03603 2.32012
goodss 49285 2 1 1 2.0526 1.9453 2.0281 2.1141 2.3685 71.804 70.867 0.93728 650160000000.0 3908600000.0 0.0 2.053 2.0 198.1 10.64 1746900000.0 2605700000.0 -0.25 -99.0 -99.0 -99.0 -99.0 49285 goodss-03-G141_49285 2.05262
goodss 42607 2 1 1 2.2707 2.2521 2.2621 2.2775 2.2879 72.601 66.625 5.9761 611240000000.0 24921000000.0 0.0 2.271 2.0 134.2 9.043 9380300000.0 16614000000.0 0.04 -99.0 -99.0 -99.0 -99.0 42607 goodss-11-G141_42607 2.27069
goodss 2308 3 1 0 2.2795 2.127 2.192 2.374 2.457 2.4798 -99.0 2.4798 -99.0 10341000000.0 2.0 2.28 3.0 -2.621 6.362 12209000000.0 6894000000.0 -1.91 -99.0 -99.0 -99.0 -99.0 2308 goodss-05-G141_02308 2.39906
goodss 23408 3 1 0 2.1515 2.05 2.099 2.21 2.251 3.4022 -99.0 3.4022 -99.0 14188000000.0 2.0 2.151 3.0 -5.113 8.494 16924000000.0 9458400000.0 -1.92 -99.0 -99.0 -99.0 -99.0 23408 goodss-31-G141_23408 2.08484
goodss 21335 3 1 0 2.0926 1.932 2.013 2.175 2.23 5.1688 -99.0 5.1688 -99.0 21555000000.0 2.0 2.093 3.0 -3.989 9.889 21571000000.0 14370000000.0 -1.67 -99.0 -99.0 -99.0 -99.0 21335 goodss-25-G141_21335 -1.0
goodss 20722 3 1 0 2.3599 2.235 2.286 2.433 2.474 11.143 4.8186 6.3245 44208000000.0 26374000000.0 0.0 2.36 3.0 8.55 7.225 27871000000.0 17583000000.0 -1.73 -99.0 -99.0 -99.0 -99.0 20722 goodss-08-G141_20722 2.43838
goodss 30984 3 1 0 2.1575 2.033 2.088 2.233 2.275 7.844 4.487 3.3571 41165000000.0 13999000000.0 0.0 2.157 3.0 10.76 8.266 13943000000.0 9333000000.0 -1.64 -99.0 -99.0 -99.0 -99.0 30984 goodss-09-G141_30984 1.96536
goodss 28296 3 1 0 2.1847 2.102 2.135 2.237 2.272 13.875 6.1218 7.7528 56163000000.0 32330000000.0 0.0 2.185 3.0 14.07 7.232 31503000000.0 21553000000.0 -1.6 -99.0 -99.0 -99.0 -99.0 28296 goodss-18-G141_28296 2.11584
goodss 43885 2 1 1 2.0496 2.0218 2.0438 2.1332 2.177 8.598 -99.0 8.598 -99.0 35855000000.0 2.0 2.05 2.0 -2.794 8.52 34281000000.0 23903000000.0 -1.55 -99.0 -99.0 -99.0 -99.0 43885 goodss-23-G141_43885 2.04957
goodss 44322 2 1 1 2.1867 2.1215 2.1535 2.2088 2.2403 15.36 8.2308 7.129 75512000000.0 29729000000.0 0.0 2.187 2.0 18.86 12.13 22588000000.0 19819000000.0 -1.11 -99.0 -99.0 -99.0 -99.0 44322 goodss-30-G141_44322 2.18674
goodss 19017 3 1 0 2.0039 1.87 1.944 2.07 2.112 13.052 9.8781 3.1738 90624000000.0 13235000000.0 0.0 2.004 3.0 29.64 7.552 12337000000.0 8823500000.0 -1.52 -99.0 -99.0 -99.0 -99.0 19017 goodss-20-G141_19017 2.03891
goodss 6519 3 1 0 2.4805 2.35 2.427 2.54 2.573 20.615 11.371 9.2445 104320000000.0 38551000000.0 0.0 2.48 3.0 16.15 10.61 32460000000.0 25700000000.0 -1.33 -99.0 -99.0 -99.0 -99.0 6519 00000 -1.0
goodss 41526 3 1 0 2.1388 2.025 2.059 2.215 2.295 6.7555 3.712 3.0435 34055000000.0 12692000000.0 0.0 2.139 3.0 9.142 6.157 8579600000.0 8461200000.0 -0.77 -99.0 -99.0 -99.0 -99.0 41526 goodss-11-G141_41526 2.1393
goodss 32378 3 1 0 2.3153 2.22 2.248 2.386 2.472 6.8858 2.894 3.9918 26551000000.0 16646000000.0 1.0 2.315 3.0 5.48 125.0 14301000000.0 11098000000.0 -1.38 -99.0 -99.0 -99.0 -99.0 32378 00000 -1.0
goodss 43631 2 1 1 2.1582 2.1432 2.1497 2.1644 2.1741 49.985 41.601 8.3844 381660000000.0 34964000000.0 0.0 2.158 2.0 99.61 8.22 24561000000.0 23309000000.0 -0.97 -99.0 -99.0 -99.0 -99.0 43631 goodss-11-G141_43631 2.15819
goodss 42341 3 1 0 2.3473 2.227 2.262 2.434 2.507 47.503 43.823 3.6796 402050000000.0 15344000000.0 0.0 2.347 3.0 79.26 8.656 9932300000.0 10230000000.0 -0.65 -99.0 -99.0 -99.0 -99.0 42341 goodss-29-G141_42341 2.23814
goodss 42107 2 1 1 2.222 2.1847 2.2007 2.2371 2.2557 37.482 17.965 19.517 164820000000.0 81389000000.0 0.0 2.222 2.0 38.97 13.93 51217000000.0 54259000000.0 -0.54 -99.0 -99.0 -99.0 -99.0 42107 goodss-23-G141_42107 2.22199
goodss 42789 2 1 1 2.2544 2.2434 2.2486 2.2571 2.2613 64.126 50.655 13.471 464720000000.0 56176000000.0 0.0 2.254 2.0 104.6 23.02 31407000000.0 37451000000.0 -0.43 -99.0 -99.0 -99.0 -99.0 42789 goodss-23-G141_42789 2.25437
goodss 28844 2 1 1 2.4973 2.4092 2.477 2.5355 2.6686 88.063 84.818 3.2448 778150000000.0 13531000000.0 0.0 2.497 2.0 116.0 9.284 4278900000.0 9020700000.0 0.33 -99.0 -99.0 -99.0 -99.0 28844 goodss-36-G141_28844 2.49733
goodss 19545 2 1 1 2.2011 2.0846 2.1106 2.1984 2.2104 146.19 135.65 10.538 1244500000000.0 43946000000.0 0.0 2.201 2.0 304.1 12.42 39987000000.0 29297000000.0 -1.52 -99.0 -99.0 -99.0 -99.0 19545 goodss-02-G141_19545 2.20112
goodss 36193 2 1 1 2.1127 2.0775 2.1015 2.1553 2.1783 85.386 82.202 3.1839 754140000000.0 13277000000.0 0.0 2.113 2.0 210.4 6.078 6643500000.0 8851500000.0 -0.33 -99.0 -99.0 -99.0 -99.0 36193 goodss-23-G141_36193 2.11273
goodss 45475 3 1 0 2.0255 1.944 1.979 2.074 2.107 138.9 133.41 5.489 1224000000000.0 22890000000.0 0.0 2.026 3.0 388.0 6.901 11715000000.0 15260000000.0 -0.44 -99.0 -99.0 -99.0 -99.0 45475 00000 -1.0
goodss 22825 2 1 1 2.3669 2.2054 2.2832 2.3809 2.4305 151.9 148.45 3.4531 1361900000000.0 14400000000.0 0.0 2.367 2.0 260.5 7.03 6485000000.0 9600100000.0 -0.28 -99.0 -99.0 -99.0 -99.0 22825 goodss-31-G141_22825 2.36693
goodss 1395 3 1 0 2.1075 2.136 2.153 2.352 2.487 6.6895 6.0713 0.61819 55700000000.0 2577900000.0 0.0 2.107 3.0 15.68 9.968 2301700000.0 1718600000.0 -1.48 -99.0 -99.0 -99.0 -99.0 1395 00000 -1.0
goodss 36408 3 1 0 2.2384 2.125 2.172 2.307 2.378 7.9337 4.5458 3.3878 41705000000.0 14128000000.0 0.0 2.238 3.0 9.621 7.641 16577000000.0 9418500000.0 -1.89 -99.0 -99.0 -99.0 -99.0 36408 00000 -1.0
goodss 18788 3 1 0 2.1119 2.006 2.05 2.175 2.213 24.009 20.875 3.1343 191510000000.0 13070000000.0 0.0 2.112 3.0 53.51 9.403 11313000000.0 8713600000.0 -1.39 -99.0 -99.0 -99.0 -99.0 18788 goodss-27-G141_18788 2.08638
goodss 19244 3 1 0 2.2932 2.221 2.24 2.346 2.399 9.8996 5.6577 4.2419 51906000000.0 17689000000.0 0.0 2.293 3.0 11.04 7.003 19512000000.0 11793000000.0 -1.8 -99.0 -99.0 -99.0 -99.0 19244 goodss-27-G141_19244 2.30191
goodss 41529 3 1 0 2.3455 2.23 2.275 2.415 2.478 9.5819 6.5492 3.0327 60085000000.0 12647000000.0 1.0 2.345 3.0 11.88 13.14 13284000000.0 8431100000.0 -1.71 -99.0 -99.0 -99.0 -99.0 41529 goodss-12-G141_41529 2.44526
goodss 18864 3 1 0 2.2913 2.072 2.208 2.38 2.466 11.796 10.492 1.304 96260000000.0 5437800000.0 0.0 2.291 3.0 20.53 7.357 3853700000.0 3625200000.0 -1.08 -99.0 -99.0 -99.0 -99.0 18864 goodss-27-G141_18864 2.25275
goodss 33036 2 1 1 2.3118 2.3076 2.3093 2.313 2.3149 15.212 4.1061 11.106 37671000000.0 46315000000.0 1.0 2.312 2.0 7.807 8.269 55526000000.0 30877000000.0 -1.92 -99.0 -99.0 -99.0 -99.0 33036 goodss-17-G141_33036 2.31183
goodss 8279 3 1 0 2.1949 2.104 2.142 2.247 2.278 18.523 11.538 6.9854 105850000000.0 29130000000.0 0.0 2.195 3.0 26.11 8.372 32334000000.0 19420000000.0 -1.82 -99.0 -99.0 -99.0 -99.0 8279 goodss-26-G141_08279 2.3168
goodss 33811 2 1 1 2.3135 2.3072 2.3097 2.3148 2.3171 41.327 34.239 7.0887 314120000000.0 29561000000.0 0.0 2.313 2.0 65.01 8.015 23685000000.0 19707000000.0 -1.19 -99.0 -99.0 -99.0 -99.0 33811 goodss-33-G141_33811 2.31348
goodss 17494 2 1 1 2.1221 2.0759 2.0956 2.1557 2.1965 45.237 36.776 8.4616 337390000000.0 35286000000.0 0.0 2.122 2.0 92.87 9.403 31346000000.0 23524000000.0 -1.4 -99.0 -99.0 -99.0 -99.0 17494 goodss-20-G141_17494 2.12208
goodss 5798 3 1 0 2.3597 2.237 2.286 2.435 2.507 136.07 129.85 6.2247 1191300000000.0 25958000000.0 0.0 2.36 3.0 230.4 8.031 19731000000.0 17305000000.0 -1.18 -99.0 -99.0 -99.0 -99.0 5798 00000 -1.0
goodss 29868 2 1 1 2.222 2.2123 2.2169 2.2252 2.2304 111.96 93.996 17.968 862350000000.0 74927000000.0 0.0 2.222 2.0 203.9 38.67 68825000000.0 49951000000.0 -1.45 -99.0 -99.0 -99.0 -99.0 29868 goodss-32-G141_29868 2.22199
goodss 4756 2 1 1 2.2107 2.1816 2.2045 2.2139 2.2204 358.3 352.07 6.2259 3230000000000.0 25963000000.0 0.0 2.211 2.0 777.0 21.32 7593200000.0 17309000000.0 0.45 -99.0 -99.0 -99.0 -99.0 4756 goodss-05-G141_04756 2.21074
goodss 37124 1 1 1 2.4345 -1.0 -1.0 -1.0 -1.0 235.66 224.17 11.487 2056600000000.0 47904000000.0 0.0 2.434 1.0 349.7 10.56 28978000000.0 31936000000.0 -0.53 -99.0 -99.0 -99.0 -99.0 37124 goodss-29-G141_37124 2.56442
goodss 41181 1 1 1 2.291 -1.0 -1.0 -1.0 -1.0 677.54 672.58 4.9646 6170400000000.0 20703000000.0 0.0 2.291 1.0 1316.0 11.13 6862800000.0 13802000000.0 0.27 -99.0 -99.0 -99.0 -99.0 41181 goodss-30-G141_41181 2.11273
goodss 8955 3 1 0 2.8907 2.782 2.822 2.96 3.007 -99.0 -99.0 -99.0 -99.0 -99.0 -99.0 2.891 3.0 nan 0.0 -99.0 -99.0 -1.58 -99.0 -99.0 -99.0 -99.0 8955 goodss-28-G141_08955 2.87095
goodss 10321 3 1 0 2.6692 2.51 2.594 2.748 2.798 -99.0 -99.0 -99.0 -99.0 -99.0 -99.0 2.669 3.0 nan 0.0 -99.0 -99.0 -1.21 -99.0 -99.0 -99.0 -99.0 10321 goodss-28-G141_10321 2.72289
goodss 11892 3 1 0 2.5474 2.487 2.5 2.59 2.622 -99.0 -99.0 -99.0 -99.0 -99.0 -99.0 2.547 3.0 nan 0.0 -99.0 -99.0 -1.87 -99.0 -99.0 -99.0 -99.0 11892 goodss-28-G141_11892 -1.0
goodss 43273 3 1 0 2.8235 2.681 2.733 2.923 3.035 -99.0 -99.0 -99.0 -99.0 -99.0 -99.0 2.823 3.0 nan 0.0 -99.0 -99.0 -1.64 -99.0 -99.0 -99.0 -99.0 43273 00000 -1.0
goodss 43950 3 1 0 2.9421 2.782 2.846 3.037 3.12 -99.0 -99.0 -99.0 -99.0 -99.0 -99.0 2.942 3.0 nan 0.0 -99.0 -99.0 -1.52 -99.0 -99.0 -99.0 -99.0 43950 goodss-01-G141_43950 3.05926
goodss 44664 3 1 0 2.6785 2.594 2.629 2.731 2.767 -99.0 -99.0 -99.0 -99.0 -99.0 -99.0 2.678 3.0 nan 0.0 -99.0 -99.0 -1.5 -99.0 -99.0 -99.0 -99.0 44664 00000 -1.0
goodss 44702 3 1 0 2.7941 2.738 2.749 2.84 2.85 -99.0 -99.0 -99.0 -99.0 -99.0 -99.0 2.794 3.0 nan 0.0 -99.0 -99.0 -1.5 -99.0 -99.0 -99.0 -99.0 44702 goodss-01-G141_44702 2.8
goodss 48025 3 1 0 2.7573 2.636 2.685 2.821 2.952 -99.0 -99.0 -99.0 -99.0 -99.0 -99.0 2.757 3.0 nan 0.0 -99.0 -99.0 -1.54 -99.0 -99.0 -99.0 -99.0 48025 goodss-01-G141_48025 2.76407
goodss 48027 3 1 0 2.8517 0.067 2.777 2.92 2.994 -99.0 -99.0 -99.0 -99.0 -99.0 -99.0 2.852 3.0 nan 0.0 -99.0 -99.0 -1.47 -99.0 -99.0 -99.0 -99.0 48027 goodss-01-G141_48027 2.87482
goodss 48151 3 1 0 2.5171 2.419 2.461 2.576 2.609 -99.0 -99.0 -99.0 -99.0 -99.0 -99.0 2.517 3.0 nan 0.0 -99.0 -99.0 -1.75 -99.0 -99.0 -99.0 -99.0 48151 goodss-01-G141_48151 2.55019
goodss 9770 3 1 0 2.5871 2.473 2.518 2.661 2.737 -99.0 -99.0 -99.0 -99.0 -99.0 -99.0 2.587 3.0 nan 0.0 -99.0 -99.0 -0.45 -99.0 -99.0 -99.0 -99.0 9770 goodss-28-G141_09770 2.8019
goodss 12562 3 1 0 2.7219 2.619 2.667 2.777 2.812 -99.0 -99.0 -99.0 -99.0 -99.0 -99.0 2.722 3.0 nan 0.0 -99.0 -99.0 -0.69 -99.0 -99.0 -99.0 -99.0 12562 goodss-28-G141_12562 2.76972
goodss 14624 3 1 0 2.717 2.657 2.674 2.763 2.773 -99.0 -99.0 -99.0 -99.0 -99.0 -99.0 2.717 3.0 nan 0.0 -99.0 -99.0 -1.27 -99.0 -99.0 -99.0 -99.0 14624 goodss-28-G141_14624 2.70432
goodss 14927 3 1 0 2.9943 2.845 2.911 3.076 3.138 -99.0 -99.0 -99.0 -99.0 -99.0 -99.0 2.994 3.0 nan 0.0 -99.0 -99.0 -0.92 -99.0 -99.0 -99.0 -99.0 14927 goodss-28-G141_14927 2.99483
goodss 47549 3 1 0 2.5333 2.427 2.473 2.592 2.627 -99.0 -99.0 -99.0 -99.0 -99.0 -99.0 2.533 3.0 nan 0.0 -99.0 -99.0 -1.18 -99.0 -99.0 -99.0 -99.0 47549 goodss-01-G141_47549 2.61648
goodss 47952 3 1 0 2.6249 2.539 2.573 2.679 2.699 -99.0 -99.0 -99.0 -99.0 -99.0 -99.0 2.625 3.0 nan 0.0 -99.0 -99.0 -1.8 -99.0 -99.0 -99.0 -99.0 47952 goodss-01-G141_47952 2.64552
goodss 48374 3 1 0 2.9547 2.807 2.868 3.039 3.107 -99.0 -99.0 -99.0 -99.0 -99.0 -99.0 2.955 3.0 nan 0.0 -99.0 -99.0 -1.16 -99.0 -99.0 -99.0 -99.0 48374 goodss-01-G141_48374 3.11855
goodss 49718 3 1 0 2.7832 2.705 2.738 2.835 2.85 -99.0 -99.0 -99.0 -99.0 -99.0 -99.0 2.783 3.0 nan 0.0 -99.0 -99.0 -1.19 -99.0 -99.0 -99.0 -99.0 49718 goodss-01-G141_49718 2.78861
goodss 10633 3 1 0 2.5895 2.506 2.538 2.644 2.663 -99.0 -99.0 -99.0 -99.0 -99.0 -99.0 2.589 3.0 nan 0.0 -99.0 -99.0 -1.05 -99.0 -99.0 -99.0 -99.0 10633 goodss-28-G141_10633 1.76489
goodss 13473 2 1 1 2.6346 2.6073 2.6214 2.6547 2.6689 -99.0 -99.0 -99.0 -99.0 -99.0 -99.0 2.635 2.0 nan 0.0 -99.0 -99.0 -1.46 -99.0 -99.0 -99.0 -99.0 13473 goodss-28-G141_13473 2.6346
goodss 47035 2 1 1 2.6877 2.6042 2.6517 2.7071 2.732 -99.0 -99.0 -99.0 -99.0 -99.0 -99.0 2.688 2.0 nan 0.0 -99.0 -99.0 -1.04 -99.0 -99.0 -99.0 -99.0 47035 goodss-01-G141_47035 2.68769
goodss 47818 2 1 1 2.5537 2.4437 2.468 2.5654 2.5788 -99.0 -99.0 -99.0 -99.0 -99.0 -99.0 2.554 2.0 nan 0.0 -99.0 -99.0 -1.57 -99.0 -99.0 -99.0 -99.0 47818 goodss-01-G141_47818 2.55374
goodss 48577 3 1 0 2.5646 2.443 2.494 2.641 2.695 -99.0 -99.0 -99.0 -99.0 -99.0 -99.0 2.565 3.0 nan 0.0 -99.0 -99.0 -0.54 -99.0 -99.0 -99.0 -99.0 48577 goodss-01-G141_48577 3.0552
goodss 23308 3 1 0 2.5591 2.42 2.468 2.651 2.714 7.3381 5.2134 2.1247 47830000000.0 8860200000.0 0.0 2.559 3.0 6.147 5.45 5368900000.0 5906800000.0 -0.71 -99.0 -99.0 -99.0 -99.0 23308 goodss-31-G141_23308 2.66197
goodss 25253 2 1 1 2.6364 2.6171 2.6273 2.648 2.6596 3.6241 -99.0 3.6241 -99.0 15113000000.0 2.0 2.636 2.0 -15.05 11.3 1599500000.0 10075000000.0 2.28 -99.0 -99.0 -99.0 -99.0 25253 goodss-25-G141_25253 2.63642
goodss 47436 3 1 0 2.6373 2.511 2.565 2.712 2.761 1.9982 -99.0 1.9982 -99.0 8333000000.0 2.0 2.637 3.0 -7.985 7.027 6758500000.0 5555300000.0 -1.2 -99.0 -99.0 -99.0 -99.0 47436 00000 -1.0
goodss 23439 3 1 0 2.7079 2.562 2.631 2.786 2.85 1.6954 -99.0 1.6954 -99.0 7070200000.0 2.0 2.708 3.0 -4.303 7.83 5570800000.0 4713500000.0 -1.17 -99.0 -99.0 -99.0 -99.0 23439 goodss-02-G141_23439 2.83052
goodss 111 3 1 0 2.5324 2.324 2.44 2.624 2.677 1.7506 -99.0 1.7506 -99.0 7300200000.0 2.0 2.532 3.0 -7.139 11.89 8411500000.0 4866800000.0 -1.87 -99.0 -99.0 -99.0 -99.0 111 00000 -1.0
goodss 1228 3 1 0 2.8123 2.701 2.742 2.886 2.961 1.8849 -99.0 1.8849 -99.0 7860500000.0 2.0 2.812 3.0 -4.743 11.88 8714600000.0 5240300000.0 -1.73 -99.0 -99.0 -99.0 -99.0 1228 00000 -1.0
goodss 46420 3 1 0 2.5044 2.297 2.412 2.599 2.658 2.2396 0.25206 1.9875 2312500000.0 8288300000.0 1.0 2.504 3.0 0.3394 9.3 9872700000.0 5525500000.0 -1.91 -99.0 -99.0 -99.0 -99.0 46420 00000 -1.0
goodss 22749 3 1 0 2.7713 2.67 2.708 2.833 2.932 2.4622 -99.0 2.4622 -99.0 10268000000.0 2.0 2.771 3.0 -6.729 6.223 8252500000.0 6845100000.0 -1.15 -99.0 -99.0 -99.0 -99.0 22749 goodss-31-G141_22749 2.76972
goodss 33947 3 1 0 2.5745 2.398 2.496 2.656 2.697 1.4806 -99.0 1.4806 -99.0 6174200000.0 2.0 2.574 3.0 -2.317 7.466 6403300000.0 4116100000.0 -1.69 -99.0 -99.0 -99.0 -99.0 33947 00000 -1.0
goodss 23502 3 1 0 2.5991 2.461 2.532 2.668 2.71 0.97653 -99.0 0.97653 -99.0 4072300000.0 2.0 2.599 3.0 -5.351 6.511 5033300000.0 2714800000.0 -1.94 -99.0 -99.0 -99.0 -99.0 23502 00000 -1.0
goodss 25890 3 1 0 2.6021 2.396 2.51 2.699 2.761 1.365 -99.0 1.365 -99.0 5692200000.0 2.0 2.602 3.0 -5.642 7.978 4500600000.0 3794800000.0 -1.17 -99.0 -99.0 -99.0 -99.0 25890 goodss-02-G141_25890 2.69877
goodss 14048 3 1 0 2.7804 2.625 2.698 2.869 2.991 2.7225 -99.0 2.7225 -99.0 11353000000.0 2.0 2.78 3.0 -0.8682 11.48 8589100000.0 7568900000.0 -1.09 -99.0 -99.0 -99.0 -99.0 14048 00000 -1.0
goodss 1852 3 1 0 2.5377 2.403 2.471 2.609 2.654 3.7084 -99.0 3.7084 -99.0 15465000000.0 2.0 2.538 3.0 -8.233 7.721 12486000000.0 10310000000.0 -1.25 -99.0 -99.0 -99.0 -99.0 1852 goodss-05-G141_01852 2.52366
goodss 16431 3 1 0 2.5065 2.274 2.422 2.585 2.648 2.4016 -99.0 2.4016 -99.0 10015000000.0 2.0 2.507 3.0 -30.08 15.75 7568500000.0 6676700000.0 -1.14 -99.0 -99.0 -99.0 -99.0 16431 00000 -1.0
goodss 22713 2 1 1 2.8286 2.7733 2.7898 2.8437 2.8674 24.977 19.484 5.4931 178750000000.0 22907000000.0 0.0 2.829 2.0 12.33 7.165 2959300000.0 15271000000.0 1.98 -99.0 -99.0 -99.0 -99.0 22713 goodss-31-G141_22713 2.8286
goodss 1397 3 1 0 2.5552 2.418 2.489 2.624 2.684 28.236 26.853 1.3838 246350000000.0 5770800000.0 0.0 2.555 3.0 31.98 8.983 2114100000.0 3847200000.0 0.01 -99.0 -99.0 -99.0 -99.0 1397 goodss-15-G141_01397 2.36356
goodss 952 3 1 0 2.6396 2.56 2.592 2.691 2.727 47.271 38.209 9.0614 350550000000.0 37787000000.0 0.0 2.64 3.0 36.75 8.752 11862000000.0 25192000000.0 0.48 -99.0 -99.0 -99.0 -99.0 952 00000 -1.0
goodss 34 3 1 0 2.8021 2.739 2.752 2.848 2.884 11.062 -99.0 11.062 -99.0 46128000000.0 2.0 2.802 3.0 -70.3 16.64 39397000000.0 30752000000.0 -1.25 -99.0 -99.0 -99.0 -99.0 34 00000 -1.0
goodss 1157 3 1 0 2.6721 2.558 2.608 2.734 2.771 17.82 15.03 2.7901 137890000000.0 11635000000.0 1.0 2.672 3.0 13.35 17.31 10185000000.0 7756700000.0 -1.52 -99.0 -99.0 -99.0 -99.0 1157 goodss-16-G141_01157 2.3602
goodss 2272 2 1 1 2.6803 2.6529 2.6631 2.6884 2.698 36.296 29.712 6.5839 272590000000.0 27456000000.0 0.0 2.68 2.0 25.89 7.612 2942800000.0 18304000000.0 2.23 -99.0 -99.0 -99.0 -99.0 2272 goodss-05-G141_02272 2.68032
goodss 2584 3 1 0 2.593 2.511 2.54 2.648 2.682 73.53 66.917 6.6127 613920000000.0 27576000000.0 0.0 2.593 3.0 72.45 10.52 16762000000.0 18384000000.0 -0.57 -99.0 -99.0 -99.0 -99.0 2584 00000 -1.0
goodss 3103 2 1 1 2.6748 2.6628 2.6689 2.6798 2.6856 30.18 20.093 10.086 184340000000.0 42061000000.0 0.0 2.675 2.0 17.72 8.983 7492600000.0 28041000000.0 1.44 -99.0 -99.0 -99.0 -99.0 3103 goodss-13-G141_03103 2.6748
goodss 8235 3 1 0 2.7673 2.577 2.672 2.869 2.949 74.305 71.237 3.068 653550000000.0 12794000000.0 0.0 2.767 3.0 50.8 10.36 6074900000.0 8529400000.0 -0.39 -99.0 -99.0 -99.0 -99.0 8235 goodss-06-G141_08235 2.45389
goodss 232 3 1 0 2.5641 0.291 2.499 2.623 2.66 7.9952 3.772 4.2232 34605000000.0 17611000000.0 1.0 2.564 3.0 4.392 8.249 18014000000.0 11741000000.0 -1.64 -99.0 -99.0 -99.0 -99.0 232 00000 -1.0
goodss 24895 3 1 0 2.6098 2.402 2.523 2.7 2.762 5.0162 2.0604 2.9558 18903000000.0 12326000000.0 1.0 2.61 3.0 2.137 7.38 9941300000.0 8217300000.0 -1.21 -99.0 -99.0 -99.0 -99.0 24895 goodss-31-G141_24895 2.64552
goodss 30773 3 1 0 2.7539 2.672 2.707 2.803 2.836 2.5957 -99.0 2.5957 -99.0 10825000000.0 2.0 2.754 3.0 -7.079 9.026 10864000000.0 7216400000.0 -1.57 -99.0 -99.0 -99.0 -99.0 30773 goodss-18-G141_30773 2.75467
goodss 6293 3 1 0 2.6759 2.599 2.632 2.727 2.755 4.4302 -99.0 4.4302 -99.0 18475000000.0 2.0 2.676 3.0 -7.403 8.16 16754000000.0 12316000000.0 -1.41 -99.0 -99.0 -99.0 -99.0 6293 goodss-21-G141_06293 2.72661
goodss 16155 3 1 0 2.8737 2.77 2.802 2.947 3.011 6.0666 -99.0 6.0666 -99.0 25299000000.0 2.0 2.874 3.0 -9.555e-06 5.394e-07 21566000000.0 16866000000.0 -1.22 -99.0 -99.0 -99.0 -99.0 16155 goodss-28-G141_16155 2.97689
goodss 1281 3 1 0 2.795 2.739 2.749 2.84 2.855 27.665 13.828 13.837 126870000000.0 57701000000.0 0.0 2.795 3.0 9.31 7.063 44696000000.0 38468000000.0 -1.08 -99.0 -99.0 -99.0 -99.0 1281 goodss-15-G141_01281 0.20021
goodss 2835 3 1 0 2.6307 2.559 2.583 2.683 2.7 16.084 10.584 5.5008 97097000000.0 22939000000.0 0.0 2.631 3.0 10.41 8.045 20671000000.0 15293000000.0 -1.41 -99.0 -99.0 -99.0 -99.0 2835 goodss-05-G141_02835 2.69322
goodss 17219 2 1 1 2.6951 2.6835 2.6887 2.7001 2.7072 27.808 16.786 11.022 154000000000.0 45963000000.0 0.0 2.695 2.0 14.11 9.01 37902000000.0 30642000000.0 -1.22 -99.0 -99.0 -99.0 -99.0 17219 goodss-20-G141_17219 2.69507
goodss 7009 2 1 1 2.6528 2.6249 2.6472 2.6667 2.691 21.029 11.362 9.6666 104240000000.0 40311000000.0 0.0 2.653 2.0 10.58 8.953 36872000000.0 26874000000.0 -1.44 -99.0 -99.0 -99.0 -99.0 7009 goodss-22-G141_07009 2.65282
goodss 43519 3 1 0 2.5031 2.419 2.454 2.553 2.586 7.2214 -99.0 7.2214 -99.0 30114000000.0 2.0 2.503 3.0 -9.78 9.076 28728000000.0 20076000000.0 -1.55 -99.0 -99.0 -99.0 -99.0 43519 goodss-23-G141_43519 2.58407
goodss 2417 3 1 0 2.5884 2.493 2.528 2.651 2.69 43.188 36.082 7.1062 331030000000.0 29634000000.0 0.0 2.588 3.0 39.56 8.996 23716000000.0 19756000000.0 -1.22 -99.0 -99.0 -99.0 -99.0 2417 goodss-14-G141_02417 2.6638
goodss 8603 2 1 1 2.602 2.5849 2.5931 2.6061 2.6113 72.963 53.962 19.002 495060000000.0 79240000000.0 0.0 2.602 2.0 57.11 8.243 56607000000.0 52827000000.0 -1.01 -99.0 -99.0 -99.0 -99.0 8603 goodss-06-G141_08603 2.60204
goodss 29642 2 1 1 2.7006 2.6907 2.6951 2.7069 2.7109 19.539 7.275 12.264 66743000000.0 51143000000.0 1.0 2.701 2.0 6.028 10.56 46953000000.0 34096000000.0 -1.47 -99.0 -99.0 -99.0 -99.0 29642 goodss-18-G141_29642 2.70062
goodss 21748 3 1 0 2.6788 2.609 2.636 2.725 2.736 76.16 64.777 11.383 594280000000.0 47470000000.0 0.0 2.679 3.0 56.58 10.85 56196000000.0 31647000000.0 -1.89 -99.0 -99.0 -99.0 -99.0 21748 00000 -1.0
goodss 4299 3 1 0 2.7656 2.606 2.676 2.852 2.927 257.41 255.96 1.4551 2348200000000.0 6068200000.0 0.0 2.766 3.0 182.9 8.359 1161900000.0 4045400000.0 0.42 -99.0 -99.0 -99.0 -99.0 4299 goodss-13-G141_04299 2.14244
goodss 20298 3 1 0 2.6206 2.524 2.558 2.688 2.75 196.22 194.3 1.9184 1782600000000.0 8000100000.0 0.0 2.621 3.0 196.0 7.0 4333500000.0 5333400000.0 -0.42 -99.0 -99.0 -99.0 -99.0 20298 goodss-07-G141_20298 2.3602
goodss 21291 3 1 0 2.5322 2.459 2.491 2.579 2.591 12.784 1.0104 11.773 9269800000.0 49096000000.0 1.0 2.532 3.0 1.273 8.438 56871000000.0 32730000000.0 -1.87 -99.0 -99.0 -99.0 -99.0 21291 goodss-25-G141_21291 2.53955
goodss 48612 3 1 0 2.9928 2.838 2.902 3.083 3.157 23.559 19.731 3.8281 181020000000.0 15964000000.0 1.0 2.993 3.0 9.139 12.55 14081000000.0 10642000000.0 -1.33 -99.0 -99.0 -99.0 -99.0 48612 00000 -1.0
goodss 23732 3 1 0 2.5439 2.464 2.496 2.59 2.624 11.526 8.0596 3.4669 73941000000.0 14458000000.0 0.0 2.544 3.0 9.862 9.003 14982000000.0 9638400000.0 -1.69 -99.0 -99.0 -99.0 -99.0 23732 goodss-38-G141_23732 2.60925
goodss 23791 3 1 0 2.5313 2.323 2.453 2.617 2.664 16.409 15.179 1.2302 139250000000.0 5129900000.0 0.0 2.531 3.0 19.17 7.182 5110500000.0 3419900000.0 -1.64 -99.0 -99.0 -99.0 -99.0 23791 goodss-02-G141_23791 2.54309
goodss 45466 3 1 0 2.5818 2.499 2.532 2.634 2.663 15.193 11.572 3.6212 106170000000.0 15101000000.0 0.0 2.582 3.0 12.88 9.063 15416000000.0 10067000000.0 -1.68 -99.0 -99.0 -99.0 -99.0 45466 00000 -1.0
goodss 2872 3 1 0 2.5855 2.49 2.527 2.647 2.686 8.5404 5.171 3.3694 47441000000.0 14051000000.0 1.0 2.586 3.0 5.698 7.559 13783000000.0 9367300000.0 -1.56 -99.0 -99.0 -99.0 -99.0 2872 goodss-14-G141_02872 2.55907
goodss 47247 3 1 0 2.5862 2.466 2.527 2.646 2.673 9.2481 5.564 3.6841 51046000000.0 15363000000.0 1.0 2.586 3.0 6.131 7.853 17680000000.0 10242000000.0 -1.85 -99.0 -99.0 -99.0 -99.0 47247 goodss-03-G141_47247 2.56798
goodss 1120 3 1 0 2.6379 2.557 2.588 2.691 2.726 15.676 11.918 3.7585 109340000000.0 15673000000.0 0.0 2.638 3.0 11.52 8.431 14179000000.0 10449000000.0 -1.42 -99.0 -99.0 -99.0 -99.0 1120 00000 -1.0
goodss 7624 3 1 0 2.7637 2.616 2.705 2.82 2.879 18.954 15.623 3.3304 143330000000.0 13888000000.0 0.0 2.764 3.0 11.21 6.924 10324000000.0 9258900000.0 -1.06 -99.0 -99.0 -99.0 -99.0 7624 goodss-13-G141_07624 2.72475
goodss 12306 3 1 0 2.5651 2.492 2.523 2.613 2.626 15.194 5.5034 9.6907 50490000000.0 40411000000.0 1.0 2.565 3.0 6.392 7.684 46250000000.0 26941000000.0 -1.84 -99.0 -99.0 -99.0 -99.0 12306 goodss-19-G141_12306 2.61828
goodss 36612 3 1 0 2.6879 2.595 2.633 2.746 2.773 14.769 10.316 4.4534 94639000000.0 18572000000.0 1.0 2.688 3.0 8.818 12.41 14861000000.0 12381000000.0 -1.16 -99.0 -99.0 -99.0 -99.0 36612 00000 -1.0
goodss 14396 2 1 1 2.7867 2.742 2.7527 2.7896 2.7967 52.462 37.609 14.853 345040000000.0 61940000000.0 0.0 2.787 2.0 25.74 10.49 49978000000.0 41293000000.0 -1.15 -99.0 -99.0 -99.0 -99.0 14396 goodss-10-G141_14396 2.78672
goodss 37196 3 1 0 2.8851 2.768 2.811 2.963 3.025 26.784 22.69 4.0934 208170000000.0 17070000000.0 0.0 2.885 3.0 12.99 9.317 10573000000.0 11380000000.0 -0.49 -99.0 -99.0 -99.0 -99.0 37196 goodss-12-G141_37196 2.83627
goodss 30096 3 1 0 2.585 2.414 2.505 2.669 2.72 36.261 34.526 1.7351 316750000000.0 7235800000.0 0.0 2.585 3.0 38.14 12.18 7040800000.0 4823900000.0 -1.57 -99.0 -99.0 -99.0 -99.0 30096 goodss-25-G141_30096 2.68953
goodss 11702 3 1 0 2.9776 2.891 2.923 3.035 3.073 86.629 75.718 10.911 694660000000.0 45500000000.0 0.0 2.978 3.0 36.22 12.85 33446000000.0 30334000000.0 -1.02 -99.0 -99.0 -99.0 -99.0 11702 goodss-04-G141_11702 3.06332
goodss 17424 3 1 0 2.7562 2.702 2.712 2.801 2.811 31.588 22.457 9.1309 206020000000.0 38077000000.0 0.0 2.756 3.0 16.38 7.542 34875000000.0 25385000000.0 -1.37 -99.0 -99.0 -99.0 -99.0 17424 goodss-27-G141_17424 2.7716
goodss 754 2 1 1 2.5644 2.5485 2.5589 2.6185 2.6319 49.557 40.451 9.1062 371110000000.0 37974000000.0 0.0 2.564 2.0 47.1 9.575 30530000000.0 25316000000.0 -1.25 -99.0 -99.0 -99.0 -99.0 754 goodss-16-G141_00754 2.56442
goodss 7208 2 1 1 2.7472 2.7013 2.7359 2.7956 2.8359 129.31 120.68 8.6343 1107100000000.0 36006000000.0 0.0 2.747 2.0 89.83 10.76 22519000000.0 24004000000.0 -0.59 -99.0 -99.0 -99.0 -99.0 7208 goodss-26-G141_07208 2.74717
goodss 16829 3 1 0 2.6667 2.523 2.577 2.748 2.918 153.25 152.12 1.134 1395600000000.0 4728900000.0 0.0 2.667 3.0 136.8 7.85 1538300000.0 3152600000.0 0.38 -99.0 -99.0 -99.0 -99.0 16829 goodss-27-G141_16829 2.58049
goodss 30504 2 1 1 2.8 2.7881 2.7956 2.8105 2.8182 148.75 138.61 10.142 1271700000000.0 42296000000.0 0.0 2.8 2.0 92.44 8.897 26038000000.0 28197000000.0 -0.53 -99.0 -99.0 -99.0 -99.0 30504 goodss-18-G141_30504 2.8
goodss 21365 3 1 0 2.6823 2.629 2.639 2.726 2.736 88.697 37.869 50.828 347420000000.0 211960000000.0 0.0 2.682 3.0 32.84 13.0 248840000000.0 141310000000.0 -1.81 -99.0 -99.0 -99.0 -99.0 21365 00000 -1.0
goodss 23075 3 1 0 2.7153 2.638 2.672 2.763 2.774 601.17 597.18 3.9944 5478700000000.0 16657000000.0 0.0 2.715 3.0 478.6 7.334 5069700000.0 11105000000.0 0.39 -99.0 -99.0 -99.0 -99.0 23075 goodss-31-G141_23075 2.31846
goodss 30391 3 1 0 2.632 2.502 2.547 2.718 2.8 457.78 455.79 1.987 4181600000000.0 8286200000.0 0.0 2.632 3.0 447.2 8.256 2674900000.0 5524100000.0 0.01 -99.0 -99.0 -99.0 -99.0 30391 goodss-24-G141_30391 1.99966
goodss 34114 3 1 0 2.5941 2.491 2.517 2.683 2.759 379.17 377.33 1.8338 3461800000000.0 7647200000.0 0.0 2.594 3.0 407.5 7.446 652600000.0 5098100000.0 2.58 -99.0 -99.0 -99.0 -99.0 34114 goodss-17-G141_34114 1.99666
goodss 48763 3 1 0 2.6982 2.569 2.642 2.758 2.774 446.01 435.19 10.812 3992600000000.0 45086000000.0 0.0 2.698 3.0 363.2 12.47 21300000000.0 30057000000.0 -0.25 -99.0 -99.0 -99.0 -99.0 48763 00000 -1.0
goodss 36486 3 1 0 2.5827 2.489 2.511 2.668 2.756 643.31 640.68 2.6282 5877800000000.0 10960000000.0 0.0 2.583 3.0 711.3 8.312 2227700000.0 7306500000.0 0.83 -99.0 -99.0 -99.0 -99.0 36486 goodss-12-G141_36486 1.88204
goodss 34568 2 1 1 2.5841 2.552 2.5733 2.5865 2.5919 247.45 227.19 20.262 2084300000000.0 84496000000.0 0.0 2.584 2.0 251.6 9.895 45650000000.0 56330000000.0 -0.41 -99.0 -99.0 -99.0 -99.0 34568 goodss-17-G141_34568 2.58407
goodss 14708 2 1 1 2.9177 2.7563 2.8082 2.9225 2.9748 699.92 678.27 21.654 6222600000000.0 90301000000.0 0.0 2.918 2.0 365.2 8.96 47305000000.0 60200000000.0 -0.4 -99.0 -99.0 -99.0 -99.0 14708 goodss-19-G141_14708 2.91768
goodss 19348 1 1 1 2.582 -1.0 -1.0 -1.0 -1.0 1310.8 1299.2 11.654 11919000000000.0 48599000000.0 0.0 2.582 1.0 1446.0 11.46 20108000000.0 32399000000.0 -0.16 -99.0 -99.0 -99.0 -99.0 19348 goodss-07-G141_19348 2.44526
goodss 31501 3 1 0 2.9885 2.854 2.905 3.073 3.148 1719.2 1716.2 2.9959 15745000000000.0 12494000000.0 0.0 2.988 3.0 803.5 9.195 1126600000.0 8329000000.0 2.6 -99.0 -99.0 -99.0 -99.0 31501 goodss-09-G141_31501 2.25275
goodss 46185 3 1 0 2.9101 2.744 2.836 2.988 3.047 704.26 701.56 2.7029 6436300000000.0 11271000000.0 0.0 2.91 3.0 383.4 7.42 2154200000.0 7514200000.0 1.1 -99.0 -99.0 -99.0 -99.0 46185 00000 -1.0
