# field phot_id z_best_s use_phot use_zgrism z_best z_best_l95 z_best_l68 z_best_u68 z_best_u95 sfr sfr_IR sfr_UV L_IR L_UV flag z_sfr z_type f24tot ef24tot L_1600 L_2800 beta Ha_FLUX Ha_FLUX_ERR Ha_EQW Ha_EQW_ERR number grism_id z_max_grism
# Author: I. Momcheva (Sat Oct  3 21:18:14 2015)
uds 19705 2 1 1 0.834 0.8067 0.8221 0.8398 0.8478 0.30036 -99.0 0.30036 -99.0 1252500000.0 2.0 0.834 2.0 -12.9 17.98 148590000.0 835020000.0 2.25 0.58 1.15 3.63 7.15 19705 uds-02-G141_19705 0.834
uds 40800 3 1 0 0.639 0.574 0.594 0.686 0.719 0.17193 -99.0 0.17193 -99.0 716960000.0 2.0 0.639 3.0 -20.87 15.57 149260000.0 477970000.0 0.91 -0.52 1.14 -3.18 6.91 40800 uds-05-G141_40800 0.82485
uds 35257 2 1 1 0.8276 0.8115 0.8201 0.8311 0.8386 0.15978 -99.0 0.15978 -99.0 666320000.0 2.0 0.8276 2.0 -23.42 22.48 300350000.0 444210000.0 -0.43 -99.0 -99.0 -99.0 -99.0 35257 uds-25-G141_35257 0.82759
uds 21010 3 1 0 0.9728 0.938 0.946 0.997 1.016 0.92718 0.63582 0.29135 5833200000.0 1215000000.0 1.0 0.9728 3.0 11.03 30.97 308340000.0 809990000.0 0.36 -99.0 -99.0 -99.0 -99.0 21010 00000 -1.0
uds 24607 2 1 1 0.6331 0.6261 0.6293 0.6362 0.6395 0.25593 -99.0 0.25593 -99.0 1067300000.0 2.0 0.6331 2.0 -2.604 23.36 46269000.0 711520000.0 3.53 3.61 6.04 9.31 15.58 24607 uds-02-G141_24607 0.63313
uds 40856 3 1 0 0.5646 0.53 0.544 0.586 0.604 0.41712 0.069089 0.34803 633840000.0 1451300000.0 1.0 0.5646 3.0 3.719 22.51 247260000.0 967550000.0 0.99 -99.0 -99.0 -99.0 -99.0 40856 00000 -1.0
uds 30207 2 1 1 0.9155 0.9079 0.9103 0.9162 0.9184 0.40624 -99.0 0.40624 -99.0 1694100000.0 2.0 0.9155 2.0 -24.64 21.95 453200000.0 1129400000.0 0.26 3.34 1.0 16.13 4.82 30207 uds-27-G141_30207 0.91554
uds 7741 2 1 1 0.6315 0.6249 0.6278 0.6334 0.636 1.1113 0.36683 0.74444 3365400000.0 3104400000.0 1.0 0.6315 2.0 15.57 26.97 176090000.0 2069600000.0 3.12 30.68 21.74 26.8 18.97 7741 uds-14-G141_07741 0.6315
uds 16074 3 1 0 0.6399 0.592 0.609 0.671 0.693 1.4393 0.027978 1.4113 256680000.0 5885300000.0 1.0 0.6399 3.0 1.16 29.37 1354800000.0 3923500000.0 0.38 -10.84 1.51 -6.75 0.94 16074 uds-15-G141_16074 0.78069
uds 28465 2 1 1 0.5762 0.5358 0.5557 0.6156 0.647 0.99461 0.68681 0.3078 6301000000.0 1283600000.0 0.0 0.5762 2.0 35.12 29.56 39664000.0 855710000.0 4.86 -99.0 -99.0 -99.0 -99.0 28465 uds-20-G141_28465 0.57617
uds 17487 2 1 1 0.5621 0.4912 0.5227 0.661 0.7184 0.029907 -99.0 0.029907 -99.0 124720000.0 2.0 0.562 2.0 -27.99 14.59 3830300.0 83144000.0 4.44 -99.0 -99.0 -99.0 -99.0 17487 uds-07-G141_17487 0.56205
uds 4153 2 1 1 0.555 0.4913 0.5439 0.5948 0.6206 0.11629 -99.0 0.11629 -99.0 484950000.0 2.0 0.555 2.0 -7.705 25.15 85210000.0 323300000.0 1.42 -99.0 -99.0 -99.0 -99.0 4153 uds-28-G141_04153 0.55504
uds 15433 3 1 0 0.6253 0.545 0.579 0.671 0.703 0.10458 -99.0 0.10458 -99.0 436120000.0 2.0 0.6253 3.0 -39.02 27.37 26703000.0 290750000.0 2.68 -99.0 -99.0 -99.0 -99.0 15433 00000 -1.0
uds 14972 2 1 1 0.5857 0.5199 0.5735 0.649 0.6955 0.06658 -99.0 0.06658 -99.0 277650000.0 2.0 0.5857 2.0 -3.877 14.09 18748000.0 185100000.0 2.59 -99.0 -99.0 -99.0 -99.0 14972 uds-15-G141_14972 0.58566
uds 25352 2 1 1 0.9069 0.7534 0.8139 0.9142 0.9361 0.71617 0.46041 0.25576 4224000000.0 1066600000.0 1.0 0.9069 2.0 9.973 23.95 410290000.0 711040000.0 -0.2 2.18 1.42 63.53 42.21 25352 uds-13-G141_25352 0.90694
uds 39673 3 1 0 0.629 0.533 0.572 0.683 0.715 0.30979 -99.0 0.30979 -99.0 1291900000.0 2.0 0.629 3.0 -23.78 19.04 508910000.0 861250000.0 -0.13 -99.0 -99.0 -99.0 -99.0 39673 00000 -1.0
uds 4819 3 1 0 0.7328 0.675 0.702 0.765 0.786 0.12073 -99.0 0.12073 -99.0 503470000.0 2.0 0.7328 3.0 -32.77 26.28 61006000.0 335650000.0 2.11 -99.0 -99.0 -99.0 -99.0 4819 00000 -1.0
uds 13259 1 1 1 0.639 -1.0 -1.0 -1.0 -1.0 0.15673 -99.0 0.15673 -99.0 653580000.0 2.0 0.639 1.0 -37.22 26.56 82722000.0 435720000.0 1.92 25.52 15.93 254.95 158.61 13259 uds-14-G141_13259 0.61688
uds 18861 2 1 1 0.6512 0.634 0.6418 0.6582 0.6656 0.16852 -99.0 0.16852 -99.0 702760000.0 2.0 0.6512 2.0 -9.361 32.12 120630000.0 468500000.0 1.43 1.28 2.61 11.72 23.85 18861 uds-17-G141_18861 0.6512
uds 17936 3 1 0 0.8096 0.73 0.763 0.857 0.894 0.097099 -99.0 0.097099 -99.0 404920000.0 2.0 0.8096 3.0 -16.79 19.66 67709000.0 269940000.0 1.5 -0.2 2.15 -8.5 91.71 17936 uds-15-G141_17936 0.81212
uds 41161 3 1 0 0.7886 0.671 0.737 0.841 0.876 1.5927 1.3727 0.22002 12593000000.0 917520000.0 0.0 0.7886 3.0 37.12 21.07 113930000.0 611680000.0 2.14 -99.0 -99.0 -99.0 -99.0 41161 00000 -1.0
uds 11186 2 1 1 0.6413 0.6331 0.6372 0.6449 0.6488 1.1207 0.83102 0.28965 7624000000.0 1207900000.0 0.0 0.6413 2.0 34.32 16.35 345910000.0 805250000.0 0.37 2.87 5.1 10.61 18.94 11186 uds-12-G141_11186 0.64132
uds 22917 2 1 1 0.6471 0.6381 0.6422 0.6498 0.6534 0.58487 0.34896 0.23591 3201400000.0 983790000.0 1.0 0.6471 2.0 14.18 27.79 55508000.0 655860000.0 2.88 0.3 2.49 1.63 13.44 22917 uds-06-G141_22917 0.64707
uds 30204 1 1 0 0.6418 -1.0 -1.0 -1.0 -1.0 0.53763 0.24097 0.29666 2210800000.0 1237100000.0 1.0 0.6418 1.0 9.938 25.43 70045000.0 824750000.0 3.06 11.08 10.01 45.79 41.21 30204 uds-20-G141_30204 0.62661
uds 5171 3 1 0 0.803 0.758 0.774 0.833 0.86 0.74675 0.07926 0.66749 727160000.0 2783500000.0 1.0 0.803 3.0 2.08 20.23 539840000.0 1855700000.0 1.01 -99.0 -99.0 -99.0 -99.0 5171 00000 -1.0
uds 5541 3 1 0 0.6464 0.582 0.611 0.681 0.705 2.2077 1.4555 0.75224 13353000000.0 3136900000.0 0.0 0.6464 3.0 59.26 33.64 251600000.0 2091300000.0 2.49 -99.0 -99.0 -99.0 -99.0 5541 00000 -1.0
uds 13927 2 1 1 0.7914 0.7851 0.788 0.7944 0.7976 1.2923 0.58806 0.70422 5395000000.0 2936700000.0 1.0 0.7914 2.0 15.81 25.01 411910000.0 1957800000.0 1.9 -99.0 -99.0 -99.0 -99.0 13927 uds-22-G141_13927 0.7914
uds 19003 1 1 1 0.919 -1.0 -1.0 -1.0 -1.0 13.68 11.119 2.5606 102010000000.0 10678000000.0 0.0 0.919 1.0 232.2 30.91 2564600000.0 7118800000.0 0.33 15.19 2.26 15.29 2.29 19003 uds-08-G141_19003 0.91842
uds 40669 3 1 0 0.5865 0.547 0.561 0.612 0.635 2.2577 1.0737 1.1839 9850800000.0 4937100000.0 0.0 0.5865 3.0 52.72 25.08 968960000.0 3291400000.0 0.24 -99.0 -99.0 -99.0 -99.0 40669 00000 -1.0
uds 8816 3 1 0 0.5778 0.531 0.549 0.606 0.629 3.5855 2.2809 1.3046 20926000000.0 5440200000.0 0.0 0.5778 3.0 115.9 26.65 1258400000.0 3626800000.0 0.43 -99.0 -99.0 -99.0 -99.0 8816 00000 -1.0
uds 18619 1 1 1 0.6494 -1.0 -1.0 -1.0 -1.0 1.2618 -99.0 1.2618 -99.0 5261800000.0 2.0 0.6494 1.0 -0.1943 24.0 1173100000.0 3507800000.0 0.45 12.64 9.47 10.19 7.64 18619 uds-07-G141_18619 0.64543
uds 28591 2 1 1 0.5825 0.4742 0.5193 0.6018 0.6308 1.0372 0.78107 0.25615 7165800000.0 1068200000.0 0.0 0.5825 2.0 38.96 21.04 1031300000.0 712130000.0 -1.58 -99.0 -99.0 -99.0 -99.0 28591 uds-19-G141_28591 0.58249
uds 28269 2 1 1 0.6603 0.5155 0.5439 0.6629 0.6806 1.7247 0.3126 1.4121 2867900000.0 5888600000.0 1.0 0.6603 2.0 12.24 24.48 6419300000.0 3925700000.0 -1.84 -0.36 2.21 -3.31 20.36 28269 uds-04-G141_28269 0.6603
uds 12458 2 1 1 0.6323 0.5257 0.5569 0.642 0.6743 0.69119 -99.0 0.69119 -99.0 2882300000.0 2.0 0.6323 2.0 -17.56 21.56 3421000000.0 1921600000.0 -1.94 4.44 7.11 120.01 196.04 12458 uds-16-G141_12458 0.63232
uds 27718 2 1 1 0.6299 0.5007 0.5668 0.67 0.7156 0.21641 0.096809 0.1196 888160000.0 498740000.0 1.0 0.6299 2.0 4.128 247.1 427760000.0 332490000.0 -1.55 3.17 5.41 113.54 193.16 27718 uds-13-G141_27718 0.62987
uds 15611 2 1 1 0.8212 0.8113 0.8161 0.8265 0.8312 1.5825 0.34189 1.2406 3136600000.0 5173600000.0 1.0 0.8212 2.0 8.72 25.31 4613700000.0 3449000000.0 -1.51 10.8 2.43 140.43 34.17 15611 uds-14-G141_15611 0.82121
uds 27211 3 1 0 0.5941 0.561 0.575 0.615 0.626 7.1662 6.8571 0.3091 62909000000.0 1289000000.0 0.0 0.5941 3.0 326.8 29.02 395190000.0 859330000.0 0.43 -99.0 -99.0 -99.0 -99.0 27211 00000 -1.0
uds 24163 2 1 1 0.9319 0.9136 0.9234 0.9339 0.9377 2.4554 0.56741 1.888 5205600000.0 7873200000.0 1.0 0.9319 2.0 11.36 24.77 7770900000.0 5248800000.0 -1.61 11.59 1.69 262.82 42.28 24163 uds-13-G141_24163 0.93189
uds 41303 3 1 0 0.5198 0.455 0.476 0.565 0.596 0.60105 0.11823 0.48282 1084700000.0 2013400000.0 1.0 0.5198 3.0 7.84 19.99 1224800000.0 1342300000.0 -0.82 -99.0 -99.0 -99.0 -99.0 41303 00000 -1.0
uds 22241 3 1 0 0.9274 0.832 0.875 0.976 1.06 2.0945 1.5908 0.5037 14594000000.0 2100500000.0 0.0 0.9274 3.0 32.32 21.66 1394300000.0 1400300000.0 -1.05 -99.0 -99.0 -99.0 -99.0 22241 00000 -1.0
uds 35570 2 1 1 0.8085 0.7976 0.8041 0.8148 0.8212 1.6626 -99.0 1.6626 -99.0 6933200000.0 2.0 0.8085 2.0 -2.573 20.18 7836000000.0 4622100000.0 -1.88 11.88 3.39 151.64 45.2 35570 uds-25-G141_35570 0.8085
uds 1980 3 1 0 0.6773 0.638 0.654 0.702 0.719 5.561 5.2874 0.27361 48508000000.0 1141000000.0 0.0 0.6773 3.0 197.2 35.32 654380000.0 760650000.0 -0.67 -99.0 -99.0 -99.0 -99.0 1980 00000 -1.0
uds 24424 2 1 1 0.6348 0.6178 0.6275 0.6406 0.6484 9.0096 8.7885 0.22106 80629000000.0 921840000.0 0.0 0.6348 2.0 369.6 30.85 454890000.0 614560000.0 -0.4 3.22 4.96 20.65 31.78 24424 uds-27-G141_24424 0.63477
uds 21238 2 1 1 0.9484 0.904 0.9187 0.9562 0.9754 5.0795 3.1782 1.9013 29158000000.0 7928800000.0 0.0 0.9484 2.0 60.16 25.57 6149900000.0 5285900000.0 -1.28 6.74 2.21 86.81 29.03 21238 uds-08-G141_21238 0.94838
uds 14515 2 1 1 0.7807 0.7596 0.7738 0.7937 0.8022 2.7488 2.1827 0.5661 20025000000.0 2360700000.0 0.0 0.7807 2.0 60.1 26.17 330310000.0 1573800000.0 1.94 -1.75 1.22 -9.19 6.38 14515 uds-14-G141_14515 0.78069
uds 41117 2 1 1 0.7126 0.7012 0.7058 0.7149 0.7192 7.1594 4.8226 2.3368 44244000000.0 9744800000.0 0.0 0.7126 2.0 161.3 22.58 7831900000.0 6496500000.0 -1.29 19.78 3.15 81.18 13.43 41117 uds-25-G141_41117 0.71258
uds 14396 2 1 1 0.9367 0.932 0.9339 0.9374 0.9388 14.109 12.39 1.7188 113670000000.0 7167800000.0 0.0 0.9367 2.0 244.2 28.74 3117500000.0 4778500000.0 -0.39 23.88 1.25 139.91 7.71 14396 uds-03-G141_14396 0.93673
uds 14752 2 1 1 0.8112 0.7964 0.8036 0.8165 0.8225 3.3594 2.7241 0.63531 24991000000.0 2649300000.0 1.0 0.8112 2.0 70.44 188.2 324080000.0 1766200000.0 2.2 -2.49 1.13 -10.93 4.93 14752 uds-28-G141_14752 0.8085
uds 11992 1 1 1 0.92 -1.0 -1.0 -1.0 -1.0 12.126 11.065 1.0614 101510000000.0 4426300000.0 0.0 0.92 1.0 230.3 25.33 1366100000.0 2950900000.0 0.06 14.43 1.21 58.95 5.11 11992 uds-09-G141_11992 0.91842
uds 32517 2 1 1 0.5373 0.5288 0.5329 0.5413 0.5457 7.3244 5.4859 1.8385 50329000000.0 7667000000.0 0.0 0.5373 2.0 334.5 31.31 7173000000.0 5111300000.0 -1.66 -99.0 -99.0 -99.0 -99.0 32517 uds-04-G141_32517 0.53726
uds 31130 2 1 1 0.9329 0.9278 0.9305 0.9348 0.9374 8.2195 6.3391 1.8804 58157000000.0 7841400000.0 0.0 0.9329 2.0 126.5 28.39 1503300000.0 5227600000.0 1.1 16.26 2.01 30.79 3.85 31130 uds-19-G141_31130 0.93286
uds 15960 2 1 1 0.9232 0.9036 0.9139 0.9318 0.94 29.408 28.488 0.91948 261360000000.0 3834300000.0 0.0 0.9232 2.0 586.8 41.54 1425100000.0 2556200000.0 -0.27 0.0 0.0 0.0 0.0 15960 uds-28-G141_15960 0.92322
uds 25945 2 1 1 0.9108 0.904 0.9091 0.9174 0.9199 49.681 49.188 0.49344 451260000000.0 2057700000.0 0.0 0.9108 2.0 1054.0 20.44 883240000.0 1371800000.0 -0.48 14.98 2.01 92.64 12.83 25945 uds-08-G141_25945 0.91076
uds 11090 3 1 0 0.6637 0.606 0.632 0.697 0.72 34.099 31.149 2.9497 285770000000.0 12301000000.0 0.0 0.6637 3.0 1208.0 34.19 9497300000.0 8200500000.0 -1.31 -99.0 -99.0 -99.0 -99.0 11090 00000 -1.0
uds 20688 3 1 0 0.5875 0.547 0.562 0.613 0.638 13.767 11.696 2.0713 107300000000.0 8637400000.0 0.0 0.5875 3.0 572.0 22.7 6431500000.0 5758300000.0 -1.31 -0.92 2.01 -0.78 1.7 20688 uds-15-G141_20688 0.77269
uds 34516 2 1 1 0.9003 0.894 0.8992 0.919 0.9295 22.136 16.989 5.1469 155860000000.0 21463000000.0 0.0 0.9003 2.0 374.8 19.09 17130000000.0 14309000000.0 -1.4 16.65 3.52 36.47 7.85 34516 uds-13-G141_34516 0.90028
uds 21533 2 1 1 0.9213 0.9155 0.9181 0.923 0.9254 30.665 27.69 2.9751 254030000000.0 12407000000.0 0.0 0.9213 2.0 573.9 32.8 4010800000.0 8271100000.0 0.24 16.66 2.49 32.23 4.85 21533 uds-08-G141_21533 0.9213
uds 18311 2 1 1 0.6471 0.6001 0.64 0.6509 0.6559 2.5481 1.3124 1.2357 12040000000.0 5152900000.0 0.0 0.6471 2.0 53.33 20.79 5929500000.0 3435300000.0 -1.9 21.93 5.93 247.3 68.77 18311 uds-17-G141_18311 0.64707
uds 39387 2 1 1 0.8776 0.8748 0.876 0.8787 0.8801 6.9267 4.5919 2.3349 42127000000.0 9736800000.0 0.0 0.8776 2.0 107.3 22.94 8635600000.0 6491200000.0 -1.48 13.14 1.35 175.42 19.25 39387 uds-23-G141_39387 0.87761
uds 10136 2 1 1 0.9367 0.9304 0.9341 0.9406 0.9442 3.0318 1.6337 1.398 14988000000.0 5829900000.0 0.0 0.9367 2.0 32.2 21.88 6352800000.0 3886600000.0 -1.76 7.88 1.11 385.33 61.9 10136 uds-03-G141_10136 0.93673
uds 41956 3 1 0 0.9632 0.84 0.905 1.015 1.036 1.6897 0.94279 0.74694 8649400000.0 3114800000.0 1.0 0.9632 3.0 16.93 21.11 3115200000.0 2076600000.0 -1.73 -99.0 -99.0 -99.0 -99.0 41956 00000 -1.0
uds 19729 2 1 1 0.9136 0.9106 0.9116 0.914 0.9152 14.054 9.8006 4.2532 89913000000.0 17736000000.0 0.0 0.9136 2.0 208.3 178.8 14939000000.0 11824000000.0 -1.38 38.8 1.47 428.33 20.02 19729 uds-17-G141_19729 0.91363
uds 15165 2 1 1 0.9377 0.9312 0.9346 0.9411 0.9445 4.7585 3.7811 0.97745 34689000000.0 4076100000.0 0.0 0.9377 2.0 74.28 24.64 3388100000.0 2717400000.0 -1.49 6.44 1.21 156.77 31.42 15165 uds-12-G141_15165 0.9377
uds 18696 2 1 1 0.9089 0.906 0.907 0.9095 0.9107 15.155 10.747 4.4078 98595000000.0 18381000000.0 0.0 0.9089 2.0 231.5 20.62 16263000000.0 12254000000.0 -1.54 34.29 1.45 258.05 12.5 18696 uds-07-G141_18696 0.90885
uds 11496 2 1 1 0.9997 0.994 0.9961 1.0009 1.0035 19.482 18.726 0.75652 171800000000.0 3154800000.0 0.0 0.9997 2.0 294.1 27.08 1644300000.0 2103200000.0 -0.49 9.06 1.14 166.8 21.78 11496 uds-09-G141_11496 0.99971
uds 17574 3 1 0 0.9556 0.839 0.874 1.017 1.036 18.325 16.748 1.5773 153650000000.0 6577700000.0 0.0 0.9556 3.0 309.0 19.0 4383800000.0 4385200000.0 -1.15 15.57 1.06 173.02 12.7 17574 uds-17-G141_17574 0.98377
uds 26323 2 1 1 0.9108 0.9078 0.9091 0.9121 0.9136 28.648 26.437 2.2104 242540000000.0 9217800000.0 0.0 0.9108 2.0 566.5 22.45 4772700000.0 6145200000.0 -0.44 29.12 1.75 179.22 11.6 26323 uds-19-G141_26323 0.91076
uds 10214 2 1 1 0.9165 0.9134 0.9147 0.9173 0.9184 50.032 48.353 1.6788 443600000000.0 7000700000.0 0.0 0.9165 2.0 1018.0 23.42 5416900000.0 4667100000.0 -1.41 15.02 1.39 69.35 6.61 10214 uds-09-G141_10214 0.9165
uds 22442 2 1 1 0.7959 0.786 0.7908 0.8003 0.8045 56.664 53.578 3.0858 491540000000.0 12868000000.0 0.0 0.7959 2.0 1427.0 20.8 4161500000.0 8578800000.0 0.57 -99.0 -99.0 -99.0 -99.0 22442 uds-19-G141_22442 0.79589
uds 35741 2 1 1 0.8571 0.8544 0.8555 0.8578 0.8589 40.829 35.733 5.0958 327830000000.0 21250000000.0 0.0 0.8571 2.0 870.1 46.89 14488000000.0 14167000000.0 -1.12 63.87 2.35 163.43 6.36 35741 uds-20-G141_35741 0.85707
uds 23534 2 1 1 0.9184 0.9147 0.916 0.9186 0.9198 55.21 52.621 2.5888 482760000000.0 10796000000.0 0.0 0.9184 2.0 1101.0 22.2 2925200000.0 7197100000.0 0.52 46.69 1.5 147.94 4.98 23534 uds-17-G141_23534 0.91842
uds 11638 3 1 0 0.9079 0.836 0.868 0.948 0.98 8.5578 5.671 2.8867 52028000000.0 12038000000.0 0.0 0.9079 3.0 122.5 22.81 14172000000.0 8025400000.0 -1.93 -99.0 -99.0 -99.0 -99.0 11638 00000 -1.0
uds 12239 3 1 0 0.732 0.659 0.693 0.771 0.802 7.108 6.7869 0.32115 62265000000.0 1339300000.0 0.0 0.732 3.0 214.1 54.39 1080900000.0 892840000.0 -1.36 -99.0 -99.0 -99.0 -99.0 12239 00000 -1.0
uds 38323 2 1 1 0.6217 0.6193 0.6201 0.6221 0.6231 20.102 16.393 3.7094 150390000000.0 15469000000.0 0.0 0.6217 2.0 715.7 24.75 9532000000.0 10313000000.0 -0.6 99.35 22.39 282.4 63.95 38323 uds-26-G141_38323 0.62174
uds 14247 2 1 1 1.3774 1.2492 1.3647 1.389 1.4594 -99.0 -99.0 -99.0 -99.0 -99.0 2.0 1.377 2.0 -60.78 21.57 -99.0 -99.0 -99.0 0.74 0.9 29.23 36.12 14247 uds-09-G141_14247 1.37738
uds 24526 2 1 1 1.4943 1.4857 1.4928 1.5135 1.6205 0.20285 -99.0 0.20285 -99.0 845920000.0 2.0 1.494 2.0 -38.86 25.06 342220000.0 563940000.0 -0.3 0.18 0.79 13.57 60.85 24526 uds-27-G141_24526 1.49428
uds 5647 2 1 1 1.2853 1.2276 1.2762 1.298 1.3247 0.4423 -99.0 0.4423 -99.0 1844500000.0 2.0 1.285 2.0 -28.15 15.19 690360000.0 1229600000.0 0.13 0.45 0.56 6.86 8.62 5647 uds-28-G141_05647 1.28531
uds 22162 2 1 1 1.3385 1.3258 1.331 1.3404 1.347 0.25907 -99.0 0.25907 -99.0 1080300000.0 2.0 1.338 2.0 -1.42 24.3 227750000.0 720230000.0 1.23 2.65 0.76 72.71 21.42 22162 uds-19-G141_22162 1.33848
uds 34956 3 1 0 1.0223 0.948 0.98 1.066 1.098 0.43411 -99.0 0.43411 -99.0 1810300000.0 2.0 1.022 3.0 -36.09 29.28 112900000.0 1206900000.0 3.11 -99.0 -99.0 -99.0 -99.0 34956 00000 -1.0
uds 14152 2 1 1 1.4193 1.3914 1.4086 1.4247 1.4412 0.83419 -99.0 0.83419 -99.0 3478700000.0 2.0 1.419 2.0 -9.725 29.21 329560000.0 2319100000.0 2.58 1.86 0.92 16.43 8.34 14152 uds-09-G141_14152 1.41935
uds 26552 2 1 1 1.0813 1.0732 1.0768 1.0847 1.0889 1.4799 -99.0 1.4799 -99.0 6171600000.0 2.0 1.081 2.0 -33.67 26.86 619750000.0 4114400000.0 2.47 -0.11 1.48 -0.29 3.7 26552 uds-27-G141_26552 1.08132
uds 33800 2 1 1 1.0299 0.9598 1.0071 1.0572 1.079 0.16579 -99.0 0.16579 -99.0 691360000.0 2.0 1.03 2.0 -4.286 40.12 120010000.0 460900000.0 1.04 -99.0 -99.0 -99.0 -99.0 33800 uds-25-G141_33800 1.02993
uds 40762 3 1 0 1.1073 0.991 1.06 1.155 1.217 0.13096 -99.0 0.13096 -99.0 546120000.0 2.0 1.107 3.0 -31.05 25.31 32193000.0 364080000.0 3.04 -99.0 -99.0 -99.0 -99.0 40762 00000 -1.0
uds 40127 2 1 1 1.1415 0.8435 0.9795 1.1337 1.1667 0.42134 -99.0 0.42134 -99.0 1757000000.0 2.0 1.141 2.0 -12.71 27.99 225460000.0 1171400000.0 1.9 0.11 1.78 3.8 63.98 40127 uds-25-G141_40127 1.14149
uds 40554 3 1 0 1.1761 1.023 1.074 1.271 1.542 0.087275 -99.0 0.087275 -99.0 363950000.0 2.0 1.176 3.0 -41.6 25.17 234950000.0 242630000.0 -1.08 -99.0 -99.0 -99.0 -99.0 40554 00000 -1.0
uds 40191 3 1 0 1.3598 1.186 1.261 1.44 1.521 0.72592 -99.0 0.72592 -99.0 3027200000.0 2.0 1.36 3.0 -0.9667 20.67 1586800000.0 2018100000.0 -0.42 4.25 0.75 339.21 78.43 40191 uds-26-G141_40191 1.40969
uds 19308 2 1 1 1.1054 0.9686 1.0194 1.1442 1.2141 0.63441 0.46912 0.16529 4303900000.0 689280000.0 1.0 1.105 2.0 5.021 25.22 56513000.0 459520000.0 2.47 0.3 0.7 12.98 30.79 19308 uds-11-G141_19308 1.10539
uds 35026 3 1 0 1.4643 1.232 1.367 1.566 1.665 0.32011 -99.0 0.32011 -99.0 1334900000.0 2.0 1.464 3.0 -20.01 20.9 702180000.0 889950000.0 -0.54 -99.0 -99.0 -99.0 -99.0 35026 uds-04-G141_35026 1.70743
uds 40445 3 1 0 1.0187 0.873 0.947 1.086 1.132 0.79515 -99.0 0.79515 -99.0 3315900000.0 2.0 1.019 3.0 -20.56 25.16 2211500000.0 2210600000.0 -0.95 1.48 2.13 45.94 66.18 40445 uds-25-G141_40445 1.02993
uds 31968 3 1 0 1.1157 1.044 1.077 1.156 1.185 0.50762 -99.0 0.50762 -99.0 2116800000.0 2.0 1.116 3.0 -33.61 17.77 1119200000.0 1411200000.0 -0.48 -99.0 -99.0 -99.0 -99.0 31968 00000 -1.0
uds 41605 3 1 0 1.1469 1.001 1.073 1.226 1.284 0.23603 -99.0 0.23603 -99.0 984270000.0 2.0 1.147 3.0 -45.89 17.28 61424000.0 656180000.0 2.92 -99.0 -99.0 -99.0 -99.0 41605 00000 -1.0
uds 34783 3 1 0 1.084 0.987 1.036 1.137 1.178 0.47855 -99.0 0.47855 -99.0 1995600000.0 2.0 1.084 3.0 -24.58 16.0 172980000.0 1330400000.0 2.66 -99.0 -99.0 -99.0 -99.0 34783 00000 -1.0
uds 16503 2 1 1 1.0473 1.0306 1.041 1.1788 1.1919 0.34574 -99.0 0.34574 -99.0 1441800000.0 2.0 1.047 2.0 -24.6 20.66 404110000.0 961190000.0 0.42 0.74 0.63 9.69 8.26 16503 uds-15-G141_16503 1.04726
uds 30097 2 1 1 1.0834 1.069 1.0779 1.0955 1.107 0.38259 -99.0 0.38259 -99.0 1595400000.0 2.0 1.083 2.0 -6.416 27.11 353600000.0 1063600000.0 0.54 0.24 0.69 3.1 9.01 30097 uds-20-G141_30097 1.0834
uds 30028 2 1 1 1.0959 1.0827 1.0908 1.1092 1.1201 0.77464 -99.0 0.77464 -99.0 3230400000.0 2.0 1.096 2.0 -9.764 27.73 597360000.0 2153600000.0 1.28 0.02 0.73 0.25 10.93 30028 uds-23-G141_30028 1.09594
uds 34388 3 1 0 1.0741 0.998 1.029 1.118 1.155 1.965 1.5759 0.38911 14458000000.0 1622700000.0 1.0 1.074 3.0 18.76 26.8 93818000.0 1081800000.0 3.05 -99.0 -99.0 -99.0 -99.0 34388 00000 -1.0
uds 40679 2 1 1 1.0168 1.001 1.0075 1.0201 1.0254 2.5883 1.7917 0.79656 16438000000.0 3321800000.0 0.0 1.017 2.0 26.33 23.45 1121200000.0 2214500000.0 0.23 3.45 1.13 22.58 7.44 40679 uds-25-G141_40679 1.01678
uds 9073 2 1 1 1.4157 1.2713 1.3412 1.4277 1.4964 4.6733 4.0658 0.60754 37301000000.0 2533500000.0 1.0 1.416 2.0 15.77 22.86 621230000.0 1689000000.0 0.37 0.61 1.15 10.4 19.56 9073 uds-12-G141_09073 1.41573
uds 32777 2 1 1 1.0991 1.0912 1.0961 1.0999 1.1035 7.9345 6.0614 1.8731 55609000000.0 7811300000.0 0.0 1.099 2.0 66.16 25.12 1082100000.0 5207500000.0 1.83 8.36 1.58 26.96 5.1 32777 uds-26-G141_32777 1.09908
uds 7783 2 1 1 1.4049 1.3875 1.395 1.41 1.4182 8.1789 3.4657 4.7132 31796000000.0 19655000000.0 1.0 1.405 2.0 13.68 28.7 16564000000.0 13103000000.0 -1.52 1.79 1.08 7.38 4.48 7783 uds-09-G141_07783 1.40488
uds 16239 1 1 1 1.094 -1.0 -1.0 -1.0 -1.0 1.8019 0.86109 0.94083 7899900000.0 3923400000.0 1.0 1.094 1.0 9.558 18.54 1302200000.0 2615600000.0 0.14 4.97 1.15 24.13 5.63 16239 uds-09-G141_16239 1.08236
uds 1123 3 1 0 1.0425 1.001 1.018 1.07 1.077 7.1436 6.2408 0.90284 57255000000.0 3765000000.0 0.0 1.042 3.0 83.59 26.83 570760000.0 2510000000.0 1.79 -99.0 -99.0 -99.0 -99.0 1123 00000 -1.0
uds 34353 2 1 1 1.0907 1.0732 1.0831 1.094 1.0987 2.4221 1.1984 1.2237 10994000000.0 5103200000.0 1.0 1.091 2.0 13.44 21.4 1390800000.0 3402100000.0 0.16 2.46 1.35 9.23 5.07 34353 uds-05-G141_34353 1.0907
uds 17879 1 1 1 1.031 -1.0 -1.0 -1.0 -1.0 6.8029 5.8352 0.96771 53534000000.0 4035500000.0 0.0 1.031 1.0 81.46 31.61 804790000.0 2690300000.0 1.03 15.7 1.54 63.72 6.36 17879 uds-09-G141_17879 1.03501
uds 12498 3 1 0 1.1198 0.999 1.043 1.187 1.23 1.4114 -99.0 1.4114 -99.0 5885700000.0 2.0 1.12 3.0 -15.61 26.37 4675300000.0 3923800000.0 -1.3 -99.0 -99.0 -99.0 -99.0 12498 00000 -1.0
uds 34787 2 1 1 1.4719 1.459 1.4669 1.4824 1.5046 2.2772 -99.0 2.2772 -99.0 9496400000.0 2.0 1.472 2.0 -35.48 19.85 8722000000.0 6330900000.0 -1.47 3.47 0.92 417.8 146.95 34787 uds-01-G141_34787 1.47193
uds 11684 3 1 0 1.2731 1.139 1.187 1.369 1.432 1.9983 -99.0 1.9983 -99.0 8333300000.0 2.0 1.273 3.0 -1.708 21.16 9788800000.0 5555500000.0 -1.91 -99.0 -99.0 -99.0 -99.0 11684 00000 -1.0
uds 40246 3 1 0 1.0894 0.94 1.026 1.15 1.238 1.0717 0.1454 0.92627 1334000000.0 3862700000.0 1.0 1.089 3.0 1.642 33.42 4456500000.0 2575100000.0 -1.9 -99.0 -99.0 -99.0 -99.0 40246 00000 -1.0
uds 5334 2 1 1 1.4918 1.4869 1.4895 1.4954 1.4984 3.8478 -99.0 3.8478 -99.0 16046000000.0 2.0 1.492 2.0 -24.81 21.03 15257000000.0 10697000000.0 -1.6 6.85 0.71 327.32 42.06 5334 uds-10-G141_05334 1.49179
uds 3893 3 1 0 1.4302 1.346 1.384 1.478 1.526 9.1995 6.7871 2.4125 62267000000.0 10060000000.0 0.0 1.43 3.0 25.82 22.13 9780600000.0 6706900000.0 -1.75 -99.0 -99.0 -99.0 -99.0 3893 00000 -1.0
uds 18013 2 1 1 1.0575 1.0512 1.0544 1.061 1.0637 2.4888 1.553 0.93577 14248000000.0 3902300000.0 1.0 1.058 2.0 19.6 24.95 2711600000.0 2601500000.0 -1.03 6.49 1.05 268.91 47.73 18013 uds-07-G141_18013 1.05752
uds 10298 3 1 0 1.2214 1.118 1.162 1.285 1.329 3.2368 -99.0 3.2368 -99.0 13498000000.0 2.0 1.221 3.0 -1.089 17.01 15263000000.0 8998700000.0 -1.88 -99.0 -99.0 -99.0 -99.0 10298 00000 -1.0
uds 18994 2 1 1 1.0959 1.086 1.092 1.1039 1.1098 3.39 -99.0 3.39 -99.0 14137000000.0 2.0 1.096 2.0 -3.886 18.78 15873000000.0 9424600000.0 -1.89 10.96 1.9 202.57 36.32 18994 uds-17-G141_18994 1.09594
uds 11948 3 1 0 1.2763 1.152 1.204 1.356 1.408 4.4167 2.5598 1.8569 23485000000.0 7743400000.0 1.0 1.276 3.0 14.85 25.11 7276900000.0 5162300000.0 -1.57 -99.0 -99.0 -99.0 -99.0 11948 00000 -1.0
uds 23938 3 1 0 1.2052 1.105 1.148 1.262 1.301 2.0084 0.79362 1.2148 7280900000.0 5065800000.0 1.0 1.205 3.0 6.049 23.72 3008400000.0 3377200000.0 -0.66 -99.0 -99.0 -99.0 -99.0 23938 00000 -1.0
uds 25084 2 1 1 1.2842 1.2787 1.2809 1.2851 1.2871 12.006 8.4937 3.5118 77924000000.0 14645000000.0 0.0 1.284 2.0 47.79 22.87 6544800000.0 9763300000.0 -0.25 10.99 1.13 115.54 12.1 25084 uds-27-G141_25084 1.28416
uds 28651 2 1 1 1.4157 1.4102 1.4123 1.4169 1.419 9.1943 4.321 4.8733 39642000000.0 20322000000.0 1.0 1.416 2.0 16.76 23.4 18234000000.0 13548000000.0 -1.46 10.74 1.36 312.55 47.35 28651 uds-24-G141_28651 1.41573
uds 41137 3 1 0 1.3471 1.274 1.306 1.387 1.412 4.8446 -99.0 4.8446 -99.0 20202000000.0 2.0 1.347 3.0 -29.86 30.38 15477000000.0 13468000000.0 -1.23 -99.0 -99.0 -99.0 -99.0 41137 00000 -1.0
uds 40053 3 1 0 1.1555 1.071 1.103 1.215 1.262 30.731 27.306 3.4242 250520000000.0 14279000000.0 0.0 1.155 3.0 248.8 29.9 13666000000.0 9519600000.0 -1.65 -99.0 -99.0 -99.0 -99.0 40053 00000 -1.0
uds 40773 3 1 0 1.4107 1.319 1.363 1.46 1.503 11.898 11.052 0.84557 101390000000.0 3526100000.0 0.0 1.411 3.0 43.21 21.47 372990000.0 2350800000.0 2.35 -99.0 -99.0 -99.0 -99.0 40773 00000 -1.0
uds 28302 2 1 1 1.4266 1.4197 1.4232 1.4302 1.4337 18.001 17.389 0.61198 159530000000.0 2552000000.0 0.0 1.427 2.0 66.38 21.43 1532500000.0 1701300000.0 -0.62 7.0 1.17 187.05 37.62 28302 uds-27-G141_28302 1.42662
uds 11141 2 1 1 1.035 1.031 1.0327 1.0365 1.0387 22.169 21.437 0.73189 196670000000.0 3052100000.0 0.0 1.035 2.0 294.8 30.62 1065800000.0 2034700000.0 -0.04 7.6 1.01 75.74 10.51 11141 uds-12-G141_11141 1.03501
uds 33531 2 1 1 1.0907 1.0844 1.0872 1.0934 1.0957 27.826 25.555 2.2718 234450000000.0 9473800000.0 0.0 1.091 2.0 286.6 23.64 3455700000.0 6315900000.0 0.1 9.26 1.45 37.84 5.95 33531 uds-05-G141_33531 1.0907
uds 21513 2 1 1 1.375 1.372 1.3733 1.376 1.3773 122.02 120.04 1.9806 1101300000000.0 8259300000.0 0.0 1.375 2.0 503.3 20.38 1155100000.0 5506200000.0 1.86 25.4 1.07 138.98 6.24 21513 uds-06-G141_21513 1.37501
uds 41412 3 1 0 1.425 1.368 1.389 1.461 1.485 113.14 111.68 1.4648 1024500000000.0 6108300000.0 0.0 1.425 3.0 427.3 69.67 1399500000.0 4072200000.0 0.61 -99.0 -99.0 -99.0 -99.0 41412 00000 -1.0
uds 31084 2 1 1 1.098 1.0256 1.0825 1.1439 1.1585 25.947 25.021 0.92536 229550000000.0 3858900000.0 0.0 1.098 2.0 274.0 25.73 1968400000.0 2572600000.0 -0.4 1.3 2.0 11.32 17.5 31084 uds-04-G141_31084 1.09803
uds 14854 2 1 1 1.0421 1.0373 1.0393 1.0439 1.046 48.219 46.983 1.2355 431040000000.0 5152400000.0 0.0 1.042 2.0 629.3 38.09 2274500000.0 3434900000.0 -0.4 21.9 1.7 119.74 9.71 14854 uds-15-G141_14854 1.04214
uds 23710 2 1 1 1.3798 1.3155 1.3632 1.4047 1.4271 13.737 8.4297 5.3069 77337000000.0 22130000000.0 1.0 1.38 2.0 34.9 37.73 14048000000.0 14754000000.0 -0.79 3.87 1.59 26.68 11.12 23710 uds-19-G141_23710 1.37976
uds 2393 3 1 0 1.1614 1.121 1.13 1.192 1.216 45.449 43.491 1.9584 399000000000.0 8166900000.0 0.0 1.161 3.0 388.3 25.17 1282600000.0 5444600000.0 1.72 -99.0 -99.0 -99.0 -99.0 2393 00000 -1.0
uds 3687 2 1 1 1.4193 1.4148 1.417 1.4208 1.4225 33.712 32.77 0.94176 300640000000.0 3927300000.0 0.0 1.419 2.0 126.5 22.91 943100000.0 2618200000.0 0.61 24.01 1.49 340.6 26.76 3687 uds-22-G141_03687 1.41935
uds 13862 3 1 0 1.2785 1.143 1.221 1.337 1.381 4.5816 3.1715 1.4101 29096000000.0 5880400000.0 0.0 1.279 3.0 18.19 16.92 6650500000.0 3920300000.0 -1.86 -99.0 -99.0 -99.0 -99.0 13862 00000 -1.0
uds 38585 3 1 0 1.2866 1.123 1.214 1.36 1.424 4.8687 3.923 0.94576 35991000000.0 3944000000.0 0.0 1.287 3.0 21.82 21.76 4496000000.0 2629300000.0 -1.88 -99.0 -99.0 -99.0 -99.0 38585 00000 -1.0
uds 11987 3 1 0 1.2445 1.121 1.18 1.31 1.358 8.1517 5.9351 2.2166 54451000000.0 9243400000.0 0.0 1.244 3.0 38.89 24.95 10494000000.0 6162300000.0 -1.84 -99.0 -99.0 -99.0 -99.0 11987 00000 -1.0
uds 9735 3 1 0 1.244 1.1 1.169 1.321 1.379 3.0756 0.93445 2.1412 8573000000.0 8929000000.0 1.0 1.244 3.0 6.123 26.52 6735100000.0 5952700000.0 -1.08 -99.0 -99.0 -99.0 -99.0 9735 00000 -1.0
uds 16078 3 1 0 1.329 1.16 1.232 1.413 1.465 6.9139 4.7286 2.1853 43382000000.0 9112900000.0 1.0 1.329 3.0 22.62 24.51 10766000000.0 6075300000.0 -1.92 -99.0 -99.0 -99.0 -99.0 16078 00000 -1.0
uds 10463 2 1 1 1.2751 1.2717 1.2734 1.2763 1.2779 25.297 19.491 5.8059 178820000000.0 24211000000.0 0.0 1.275 2.0 113.5 28.29 25893000000.0 16141000000.0 -1.69 31.46 1.37 1683.63 169.59 10463 uds-22-G141_10463 1.27505
uds 32670 3 1 0 1.4006 1.326 1.357 1.445 1.48 10.345 2.3713 7.9735 21755000000.0 33251000000.0 1.0 1.401 3.0 9.422 21.31 37357000000.0 22167000000.0 -1.84 -99.0 -99.0 -99.0 -99.0 32670 00000 -1.0
uds 24022 2 1 1 1.4121 1.4066 1.4095 1.416 1.4191 15.925 13.959 1.9656 128070000000.0 8196700000.0 0.0 1.412 2.0 54.49 26.59 8725100000.0 5464400000.0 -1.82 7.38 1.17 477.05 103.8 24022 uds-02-G141_24022 1.41211
uds 40157 3 1 0 1.1091 1.03 1.065 1.151 1.206 4.8151 2.465 2.35 22615000000.0 9800000000.0 1.0 1.109 3.0 26.04 27.66 10599000000.0 6533300000.0 -1.79 -99.0 -99.0 -99.0 -99.0 40157 00000 -1.0
uds 23092 3 1 0 1.4136 1.328 1.367 1.46 1.502 10.076 5.3712 4.7051 49277000000.0 19621000000.0 1.0 1.414 3.0 20.9 27.54 20066000000.0 13081000000.0 -1.7 -99.0 -99.0 -99.0 -99.0 23092 00000 -1.0
uds 2757 3 1 0 1.4759 1.407 1.437 1.518 1.551 66.237 62.434 3.8025 572790000000.0 15857000000.0 0.0 1.476 3.0 226.0 19.37 8595600000.0 10571000000.0 -0.44 -99.0 -99.0 -99.0 -99.0 2757 00000 -1.0
uds 14464 3 1 0 1.2057 1.107 1.143 1.279 1.323 30.278 28.0 2.2776 256880000000.0 9498100000.0 0.0 1.206 3.0 212.6 31.99 7477700000.0 6332100000.0 -1.4 -99.0 -99.0 -99.0 -99.0 14464 00000 -1.0
uds 14817 2 1 1 1.3002 1.2917 1.3487 1.5145 1.5778 19.663 19.229 0.43378 176410000000.0 1808900000.0 0.0 1.3 2.0 101.8 23.51 746770000.0 1205900000.0 0.02 -0.4 1.05 -16.74 44.4 14817 uds-21-G141_14817 1.30021
uds 15800 2 1 1 1.4193 1.4005 1.4123 1.5767 1.7974 43.641 43.132 0.50872 395710000000.0 2121400000.0 0.0 1.419 2.0 166.5 20.49 1609900000.0 1414300000.0 -1.15 0.42 1.07 31.74 86.3 15800 uds-09-G141_15800 1.41935
uds 10121 2 1 1 1.3845 1.3778 1.3808 1.386 1.3883 26.397 19.639 6.7582 180170000000.0 28183000000.0 0.0 1.385 2.0 80.5 22.64 27797000000.0 18788000000.0 -1.7 18.31 1.17 287.38 22.24 10121 uds-22-G141_10121 1.38453
uds 23693 2 1 1 1.1394 1.1343 1.1364 1.1406 1.1423 25.453 20.514 4.9384 188200000000.0 20594000000.0 0.0 1.139 2.0 196.9 27.75 15812000000.0 13729000000.0 -1.28 13.09 0.99 174.16 13.89 23693 uds-19-G141_23693 1.13935
uds 7802 2 1 1 1.3432 1.3398 1.3412 1.3447 1.3465 55.124 50.31 4.8141 461560000000.0 20076000000.0 0.0 1.343 2.0 230.0 25.76 15879000000.0 13384000000.0 -1.26 17.22 1.66 293.55 32.01 7802 uds-12-G141_07802 1.34316
uds 6890 2 1 1 1.4339 1.4293 1.4316 1.4355 1.4373 67.876 65.755 2.1214 603250000000.0 8846500000.0 0.0 1.434 2.0 249.0 26.25 5358300000.0 5897700000.0 -0.65 14.7 1.1 280.13 26.13 6890 uds-03-G141_06890 1.43391
uds 42410 3 1 0 1.4329 1.348 1.383 1.484 1.527 52.978 51.752 1.2258 474790000000.0 5111600000.0 0.0 1.433 3.0 196.2 18.75 1783400000.0 3407800000.0 0.16 -99.0 -99.0 -99.0 -99.0 42410 00000 -1.0
uds 40339 3 1 0 1.3043 1.21 1.256 1.355 1.395 87.8 76.751 11.049 704140000000.0 46076000000.0 0.0 1.304 3.0 400.6 31.43 38837000000.0 30717000000.0 -1.41 -99.0 -99.0 -99.0 -99.0 40339 00000 -1.0
uds 26018 3 1 0 1.2621 1.209 1.232 1.292 1.318 76.047 71.759 4.2878 658340000000.0 17881000000.0 0.0 1.262 3.0 438.9 19.9 6786700000.0 11921000000.0 -0.03 -99.0 -99.0 -99.0 -99.0 26018 00000 -1.0
uds 29896 2 1 1 1.4831 1.3919 1.4384 1.5334 1.724 227.11 224.63 2.4788 2060800000000.0 10337000000.0 0.0 1.483 2.0 808.5 26.21 6434500000.0 6891200000.0 -0.64 -2.17 1.43 -35.98 23.05 29896 uds-13-G141_29896 1.48308
uds 31163 3 1 0 1.1149 1.032 1.064 1.159 1.187 99.114 95.03 4.0838 871840000000.0 17030000000.0 0.0 1.115 3.0 984.5 22.84 7862000000.0 11353000000.0 -0.37 -99.0 -99.0 -99.0 -99.0 31163 00000 -1.0
uds 22921 3 1 0 1.2089 1.141 1.168 1.253 1.281 67.319 64.868 2.4509 595120000000.0 10221000000.0 0.0 1.209 3.0 486.9 18.21 6412700000.0 6813700000.0 -0.86 -99.0 -99.0 -99.0 -99.0 22921 00000 -1.0
uds 5924 3 1 0 1.027 0.998 1.003 1.051 1.057 163.11 159.18 3.9329 1460400000000.0 16401000000.0 0.0 1.027 3.0 2255.0 97.06 9108100000.0 10934000000.0 -0.41 -99.0 -99.0 -99.0 -99.0 5924 00000 -1.0
uds 25394 2 1 1 1.4206 1.3164 1.3636 1.4317 1.5884 161.25 158.52 2.7259 1454400000000.0 11367000000.0 0.0 1.421 2.0 610.0 24.56 9119700000.0 7578200000.0 -1.38 7.58 2.69 80.98 30.3 25394 uds-20-G141_25394 1.42056
uds 26875 2 1 1 1.3679 1.3649 1.3662 1.369 1.3708 241.47 236.92 4.5548 2173600000000.0 18994000000.0 0.0 1.368 2.0 1011.0 24.76 5710100000.0 12663000000.0 0.42 29.73 0.88 158.02 5.13 26875 uds-17-G141_26875 1.36789
uds 35071 2 1 1 1.4535 1.4503 1.4515 1.4543 1.4556 218.08 211.42 6.6629 1939600000000.0 27785000000.0 0.0 1.453 2.0 783.4 11.64 11256000000.0 18524000000.0 -0.1 63.35 1.38 283.34 7.59 35071 uds-26-G141_35071 1.45346
uds 37459 2 1 1 1.4486 1.4443 1.4461 1.4496 1.4512 229.66 226.99 2.678 2082400000000.0 11168000000.0 0.0 1.449 2.0 844.9 20.49 4496800000.0 7445000000.0 -0.06 22.77 1.25 199.79 12.78 37459 uds-26-G141_37459 1.44856
uds 37235 3 1 0 1.3884 1.229 1.313 1.464 1.545 9.9544 8.3112 1.6432 76250000000.0 6852200000.0 0.0 1.388 3.0 33.87 21.79 7654400000.0 4568100000.0 -1.82 1.2 0.69 180.31 120.22 37235 uds-24-G141_37235 1.40729
uds 6057 2 1 1 1.0289 1.0241 1.0267 1.0316 1.034 10.148 7.8149 2.333 71696000000.0 9728800000.0 0.0 1.029 2.0 109.9 28.77 9973000000.0 6485900000.0 -1.66 6.44 1.08 254.55 46.94 6057 uds-10-G141_06057 1.02891
uds 30237 3 1 0 1.1197 0.999 1.055 1.191 1.249 7.195 6.1948 1.0002 56833000000.0 4171000000.0 0.0 1.12 3.0 63.16 24.39 4389500000.0 2780700000.0 -1.77 1.98 0.82 358.14 169.42 30237 uds-20-G141_30237 1.14256
uds 19288 3 1 0 1.3554 1.151 1.272 1.435 1.514 10.274 9.3401 0.93344 85689000000.0 3892600000.0 0.0 1.355 3.0 41.25 16.37 2280600000.0 2595000000.0 -0.41 -99.0 -99.0 -99.0 -99.0 19288 00000 -1.0
uds 25584 3 1 0 1.1184 1.0 1.052 1.194 1.27 9.4284 8.9406 0.48784 82024000000.0 2034400000.0 0.0 1.118 3.0 91.74 24.9 1957700000.0 1356200000.0 -1.68 16.18 1.07 1844.03 253.62 25584 uds-27-G141_25584 1.05855
uds 16382 2 1 1 1.0897 1.066 1.0844 1.0992 1.1102 21.082 18.527 2.555 169970000000.0 10655000000.0 0.0 1.09 2.0 208.5 19.85 11782000000.0 7103100000.0 -1.82 4.58 1.11 145.96 37.3 16382 uds-07-G141_16382 1.08966
uds 27125 2 1 1 1.4559 1.4344 1.4457 1.4573 1.4634 35.025 32.089 2.9361 294390000000.0 12244000000.0 0.0 1.456 2.0 118.5 23.93 9270500000.0 8162700000.0 -1.19 7.08 1.59 544.19 222.89 27125 uds-02-G141_27125 1.45592
uds 31649 2 1 1 1.4621 1.4588 1.4601 1.4628 1.4641 34.28 28.136 6.1438 258130000000.0 25621000000.0 0.0 1.462 2.0 103.2 24.51 31485000000.0 17080000000.0 -1.98 24.56 0.7 1960.89 171.13 31649 uds-26-G141_31649 1.46206
uds 41147 3 1 0 1.4631 1.389 1.414 1.516 1.563 21.436 14.698 6.7379 134840000000.0 28098000000.0 0.0 1.463 3.0 53.85 29.61 33278000000.0 18732000000.0 -1.91 -99.0 -99.0 -99.0 -99.0 41147 00000 -1.0
uds 16235 2 1 1 1.451 1.4462 1.4484 1.4551 1.4582 136.22 134.15 2.0726 1230700000000.0 8642900000.0 0.0 1.451 2.0 498.2 30.96 9877200000.0 5761900000.0 -1.87 10.52 1.11 485.14 77.3 16235 uds-08-G141_16235 1.45101
uds 41148 3 1 0 1.2909 1.191 1.227 1.389 1.429 200.51 196.26 4.2459 1800600000000.0 17706000000.0 0.0 1.291 3.0 1075.0 34.96 14657000000.0 11804000000.0 -1.45 -99.0 -99.0 -99.0 -99.0 41148 00000 -1.0
uds 32726 2 1 1 1.2626 1.2596 1.2608 1.2632 1.2644 818.56 812.38 6.1826 7453000000000.0 25782000000.0 0.0 1.263 2.0 4950.0 84.01 23879000000.0 17188000000.0 -1.6 40.06 1.11 268.12 8.32 32726 uds-20-G141_32726 1.26257
uds 38579 3 1 0 1.6231 1.051 1.198 1.376 1.392 0.080777 -99.0 0.080777 -99.0 336850000.0 2.0 1.623 3.0 -21.23 14.77 42774.0 224570000.0 15.32 -99.0 -99.0 -99.0 -99.0 38579 00000 -1.0
uds 6770 3 1 0 1.5135 1.352 1.419 1.606 1.7 0.36499 -99.0 0.36499 -99.0 1522100000.0 2.0 1.513 3.0 -49.59 25.77 332500000.0 1014700000.0 0.59 -99.0 -99.0 -99.0 -99.0 6770 00000 -1.0
uds 17286 3 1 0 1.9771 1.817 1.895 2.059 2.118 1.3949 -99.0 1.3949 -99.0 5816900000.0 2.0 1.977 3.0 -39.47 23.87 3309200000.0 3877900000.0 -0.47 -99.0 -99.0 -99.0 -99.0 17286 00000 -1.0
uds 43787 3 1 0 1.5069 1.389 1.439 1.575 1.635 0.53406 -99.0 0.53406 -99.0 2227100000.0 2.0 1.507 3.0 -0.03551 21.12 269400000.0 1484700000.0 1.96 -99.0 -99.0 -99.0 -99.0 43787 uds-25-G141_43787 1.41935
uds 11045 2 1 1 1.7885 1.5063 1.7679 1.8148 1.8677 0.78717 -99.0 0.78717 -99.0 3282600000.0 2.0 1.788 2.0 -20.74 23.33 1169600000.0 2188400000.0 0.01 -99.0 -99.0 -99.0 -99.0 11045 uds-09-G141_11045 1.78849
uds 1436 3 1 0 1.7465 1.661 1.698 1.796 1.827 3.2797 -99.0 3.2797 -99.0 13677000000.0 2.0 1.747 3.0 -14.7 25.03 2574800000.0 9117900000.0 1.31 -99.0 -99.0 -99.0 -99.0 1436 00000 -1.0
uds 20441 3 1 0 1.5673 1.433 1.49 1.641 1.709 1.804 -99.0 1.804 -99.0 7523000000.0 2.0 1.567 3.0 -11.97 22.68 1070200000.0 5015300000.0 1.9 -99.0 -99.0 -99.0 -99.0 20441 00000 -1.0
uds 23620 2 1 1 1.5857 1.5714 1.584 1.7238 1.8874 0.7646 -99.0 0.7646 -99.0 3188500000.0 2.0 1.586 2.0 -28.98 20.2 1220900000.0 2125600000.0 -0.0 -99.0 -99.0 -99.0 -99.0 23620 uds-27-G141_23620 1.58571
uds 23021 3 1 0 1.6043 1.464 1.545 1.667 1.72 1.3457 -99.0 1.3457 -99.0 5611600000.0 2.0 1.604 3.0 -48.92 20.99 495000000.0 3741000000.0 2.57 -99.0 -99.0 -99.0 -99.0 23021 00000 -1.0
uds 24035 2 1 1 1.702 1.6314 1.6689 1.7172 1.7913 2.5789 0.37548 2.2034 3444800000.0 9188400000.0 1.0 1.702 2.0 1.355 25.63 4131000000.0 6125600000.0 -0.12 -99.0 -99.0 -99.0 -99.0 24035 uds-21-G141_24035 1.70202
uds 10931 3 1 0 1.6655 1.51 1.579 1.748 1.795 4.2586 2.8351 1.4235 26010000000.0 5936100000.0 1.0 1.665 3.0 9.932 21.59 547340000.0 3957400000.0 2.55 -99.0 -99.0 -99.0 -99.0 10931 00000 -1.0
uds 32460 2 1 1 1.7621 1.7538 1.7592 1.8206 1.8487 1.0596 -99.0 1.0596 -99.0 4418600000.0 2.0 1.762 2.0 -11.06 19.04 916270000.0 2945700000.0 1.17 -99.0 -99.0 -99.0 -99.0 32460 uds-26-G141_32460 1.76212
uds 8947 2 1 1 1.7074 1.6771 1.6935 1.7224 1.7393 6.3291 5.3959 0.93317 49503000000.0 3891500000.0 1.0 1.707 2.0 19.55 31.94 501130000.0 2594300000.0 2.05 -99.0 -99.0 -99.0 -99.0 8947 uds-03-G141_08947 1.70743
uds 30737 2 1 1 1.613 1.5987 1.6046 1.6154 1.6213 14.489 6.5236 7.9651 59850000000.0 33216000000.0 0.0 1.613 2.0 22.12 17.7 10888000000.0 22144000000.0 0.28 -99.0 -99.0 -99.0 -99.0 30737 uds-18-G141_30737 1.613
uds 36010 2 1 1 1.6104 1.5871 1.5973 1.6457 1.7597 2.1754 -99.0 2.1754 -99.0 9071600000.0 2.0 1.61 2.0 -35.29 13.24 1626900000.0 6047800000.0 1.47 -99.0 -99.0 -99.0 -99.0 36010 uds-18-G141_36010 1.61039
uds 39118 3 1 0 1.7626 1.591 1.696 1.836 1.892 3.752 2.1699 1.5821 19907000000.0 6597600000.0 1.0 1.763 3.0 8.159 22.45 418060000.0 4398400000.0 3.02 -99.0 -99.0 -99.0 -99.0 39118 00000 -1.0
uds 20529 3 1 0 1.7716 1.651 1.705 1.84 1.89 3.4484 -99.0 3.4484 -99.0 14380000000.0 2.0 1.772 3.0 -17.57 23.64 2801300000.0 9586700000.0 1.27 -99.0 -99.0 -99.0 -99.0 20529 00000 -1.0
uds 33527 2 1 1 1.6366 1.6285 1.632 1.6403 1.6447 9.3239 6.8871 2.4368 63185000000.0 10162000000.0 0.0 1.637 2.0 23.63 17.06 4776700000.0 6774500000.0 -0.41 -99.0 -99.0 -99.0 -99.0 33527 uds-18-G141_33527 1.63663
uds 40420 2 1 1 1.6565 1.6444 1.6489 1.6617 1.668 3.9095 -99.0 3.9095 -99.0 16303000000.0 2.0 1.656 2.0 -15.08 22.45 2668800000.0 10869000000.0 1.52 -99.0 -99.0 -99.0 -99.0 40420 uds-26-G141_40420 1.65647
uds 33422 2 1 1 1.8123 1.7969 1.8054 1.8297 1.8475 2.0278 0.098475 1.9294 903440000.0 8045700000.0 1.0 1.812 2.0 0.3696 24.25 993540000.0 5363800000.0 2.0 -99.0 -99.0 -99.0 -99.0 33422 uds-24-G141_33422 1.81229
uds 7128 3 1 0 1.7019 1.573 1.619 1.784 1.86 1.5131 -99.0 1.5131 -99.0 6309800000.0 2.0 1.702 3.0 -73.86 16.64 5325500000.0 4206500000.0 -1.37 -99.0 -99.0 -99.0 -99.0 7128 uds-16-G141_07128 1.65249
uds 40722 3 1 0 1.7482 1.486 1.661 1.838 1.941 1.611 -99.0 1.611 -99.0 6718200000.0 2.0 1.748 3.0 -15.22 18.44 7412600000.0 4478800000.0 -1.85 -99.0 -99.0 -99.0 -99.0 40722 00000 -1.0
uds 16889 3 1 0 1.6427 1.42 1.573 1.725 1.825 1.0813 -99.0 1.0813 -99.0 4509000000.0 2.0 1.643 3.0 -31.24 25.1 4281700000.0 3006000000.0 -1.61 -99.0 -99.0 -99.0 -99.0 16889 uds-11-G141_16889 1.61431
uds 15646 2 1 1 1.958 1.9002 1.9526 1.9698 1.9749 3.275 0.059348 3.2156 544480000.0 13410000000.0 1.0 1.958 2.0 0.1906 22.5 14093000000.0 8939800000.0 -1.81 -99.0 -99.0 -99.0 -99.0 15646 uds-07-G141_15646 1.95796
uds 40664 2 1 1 1.6091 1.5352 1.5662 1.6171 1.6953 5.6951 3.3352 2.3599 30598000000.0 9841300000.0 1.0 1.609 2.0 11.29 19.33 5834400000.0 6560800000.0 -0.48 -99.0 -99.0 -99.0 -99.0 40664 uds-23-G141_40664 1.60909
uds 38738 2 1 1 1.8193 1.508 1.7253 1.896 2.0087 2.6074 -99.0 2.6074 -99.0 10873000000.0 2.0 1.819 2.0 -14.66 21.33 9950800000.0 7248900000.0 -1.56 -99.0 -99.0 -99.0 -99.0 38738 uds-26-G141_38738 1.81933
uds 13538 2 1 1 1.5345 1.4477 1.5024 1.6143 1.6957 5.2194 -99.0 5.2194 -99.0 21766000000.0 2.0 1.535 2.0 -69.86 29.67 24421000000.0 14511000000.0 -1.87 1.23 2.51 34.92 75.57 13538 uds-10-G141_13538 1.53451
uds 2102 3 1 0 1.5692 1.43 1.489 1.659 1.745 2.2662 -99.0 2.2662 -99.0 9450300000.0 2.0 1.569 3.0 -25.55 21.19 10541000000.0 6300200000.0 -1.86 -99.0 -99.0 -99.0 -99.0 2102 00000 -1.0
uds 31059 2 1 1 1.9125 1.86 1.8788 1.9227 1.9601 10.321 9.3416 0.97974 85703000000.0 4085600000.0 0.0 1.912 2.0 31.99 26.31 1805300000.0 2723800000.0 -0.17 -99.0 -99.0 -99.0 -99.0 31059 uds-23-G141_31059 1.91247
uds 33331 2 1 1 1.8221 1.8164 1.8192 1.8248 1.8293 11.807 9.3118 2.4948 85430000000.0 10404000000.0 0.0 1.822 2.0 34.83 23.82 8356600000.0 6935800000.0 -1.34 -99.0 -99.0 -99.0 -99.0 33331 uds-24-G141_33331 1.82215
uds 23888 2 1 1 1.5181 1.4823 1.5073 1.5282 1.55 14.198 13.474 0.72349 123620000000.0 3017100000.0 0.0 1.518 2.0 47.18 18.77 512640000.0 2011400000.0 1.53 2.61 0.67 63.14 17.44 23888 uds-19-G141_23888 1.51809
uds 26903 2 1 1 1.6671 1.5202 1.5993 1.7492 1.8325 11.503 9.2395 2.2639 84766000000.0 9440700000.0 0.0 1.667 2.0 32.42 23.21 6351300000.0 6293800000.0 -1.03 -99.0 -99.0 -99.0 -99.0 26903 uds-24-G141_26903 1.66712
uds 38976 2 1 1 1.6685 1.6434 1.662 1.7464 1.8014 8.2569 6.7831 1.4738 62230000000.0 6145900000.0 1.0 1.668 2.0 23.82 26.39 2528500000.0 4097300000.0 0.02 -99.0 -99.0 -99.0 -99.0 38976 uds-25-G141_38976 1.66846
uds 1286 3 1 0 1.674 1.556 1.615 1.735 1.771 6.9622 5.1492 1.813 47240000000.0 7560400000.0 1.0 1.674 3.0 18.17 20.81 920210000.0 5040200000.0 2.02 -99.0 -99.0 -99.0 -99.0 1286 00000 -1.0
uds 37498 2 1 1 1.6832 1.5975 1.6636 1.7461 1.855 16.429 15.91 0.51887 145960000000.0 2163700000.0 0.0 1.683 2.0 56.55 22.84 725130000.0 1442500000.0 0.21 -99.0 -99.0 -99.0 -99.0 37498 uds-25-G141_37498 1.68317
uds 38631 3 1 0 1.6495 1.541 1.581 1.714 1.771 33.502 29.557 3.9454 271160000000.0 16453000000.0 0.0 1.649 3.0 102.3 19.87 6654900000.0 10968000000.0 -0.15 -99.0 -99.0 -99.0 -99.0 38631 00000 -1.0
uds 39349 2 1 1 1.5728 1.5421 1.5599 1.5823 1.5979 70.488 69.157 1.3316 634460000000.0 5552900000.0 0.0 1.573 2.0 234.9 18.61 422460000.0 3702000000.0 2.85 -99.0 -99.0 -99.0 -99.0 39349 uds-05-G141_39349 1.57281
uds 40472 2 1 1 1.6685 1.6538 1.6615 1.6768 1.6872 19.022 17.225 1.7965 158030000000.0 7491800000.0 0.0 1.668 2.0 60.49 19.32 1560800000.0 4994500000.0 1.04 -99.0 -99.0 -99.0 -99.0 40472 uds-26-G141_40472 1.66846
uds 21031 2 1 1 1.532 1.4719 1.5036 1.5368 1.5454 38.221 36.448 1.7722 334390000000.0 7390400000.0 0.0 1.532 2.0 126.4 29.59 2806200000.0 4926900000.0 0.03 6.67 1.42 85.42 18.84 21031 uds-08-G141_21031 1.53198
uds 1513 3 1 0 1.5862 1.489 1.527 1.651 1.729 56.052 52.849 3.203 484850000000.0 13357000000.0 0.0 1.586 3.0 178.9 18.71 10335000000.0 8904500000.0 -1.36 -99.0 -99.0 -99.0 -99.0 1513 00000 -1.0
uds 19484 3 1 0 1.5081 1.379 1.432 1.574 1.687 1.881 -99.0 1.881 -99.0 7844200000.0 2.0 1.508 3.0 -41.22 19.03 9433600000.0 5229500000.0 -1.95 -99.0 -99.0 -99.0 -99.0 19484 00000 -1.0
uds 3267 3 1 0 1.6717 1.559 1.601 1.74 1.798 4.1059 -99.0 4.1059 -99.0 17122000000.0 2.0 1.672 3.0 -80.14 19.45 21352000000.0 11415000000.0 -2.0 -99.0 -99.0 -99.0 -99.0 3267 00000 -1.0
uds 2096 3 1 0 1.7334 1.547 1.644 1.819 1.894 9.6826 6.4282 3.2545 58974000000.0 13572000000.0 1.0 1.733 3.0 23.77 27.59 15656000000.0 9047800000.0 -1.89 -99.0 -99.0 -99.0 -99.0 2096 uds-16-G141_02096 1.74423
uds 44020 3 1 0 1.6918 1.555 1.612 1.769 1.862 21.622 15.03 6.5919 137890000000.0 27489000000.0 0.0 1.692 3.0 53.81 27.27 25108000000.0 18326000000.0 -1.49 -99.0 -99.0 -99.0 -99.0 44020 00000 -1.0
uds 33299 2 1 1 1.5549 1.4786 1.5447 1.7158 1.8172 19.719 17.234 2.4851 158110000000.0 10363000000.0 0.0 1.555 2.0 58.94 21.67 9008600000.0 6908700000.0 -1.41 -1.3 1.74 -79.61 107.16 33299 uds-04-G141_33299 1.55487
uds 29175 2 1 1 1.9698 1.8885 1.9628 1.9716 1.9753 8.2466 5.0307 3.2159 46154000000.0 13411000000.0 1.0 1.97 2.0 15.88 17.96 13959000000.0 8940500000.0 -1.74 -99.0 -99.0 -99.0 -99.0 29175 uds-18-G141_29175 1.96982
uds 22136 2 1 1 1.537 1.5314 1.534 1.5393 1.5424 42.401 37.818 4.5827 346960000000.0 19111000000.0 0.0 1.537 2.0 130.7 29.37 13004000000.0 12740000000.0 -0.81 14.07 1.31 450.4 53.36 22136 uds-11-G141_22136 1.53704
uds 2027 3 1 0 1.7957 1.569 1.725 1.875 1.954 35.427 19.874 15.553 182330000000.0 64858000000.0 0.0 1.796 3.0 74.89 23.69 73866000000.0 43239000000.0 -1.86 -99.0 -99.0 -99.0 -99.0 2027 00000 -1.0
uds 18717 2 1 1 1.8039 1.7617 1.7865 1.8238 1.8465 17.867 5.7648 12.102 52888000000.0 50467000000.0 1.0 1.804 2.0 21.68 28.56 50426000000.0 33644000000.0 -1.65 -99.0 -99.0 -99.0 -99.0 18717 uds-07-G141_18717 1.80387
uds 24560 2 1 1 1.9802 1.9142 1.9557 1.9893 2.008 98.913 82.467 16.446 756580000000.0 68584000000.0 0.0 1.98 2.0 256.4 23.75 55670000000.0 45723000000.0 -1.32 -99.0 -99.0 -99.0 -99.0 24560 uds-08-G141_24560 1.98023
uds 31615 2 1 1 1.8619 1.8387 1.8577 1.8849 1.913 250.0 248.29 1.7044 2277900000000.0 7107600000.0 0.0 1.862 2.0 900.7 76.15 3080700000.0 4738400000.0 -0.27 -99.0 -99.0 -99.0 -99.0 31615 uds-19-G141_31615 1.86194
uds 15270 2 1 1 1.8081 1.6052 1.7088 1.8257 1.8951 266.93 262.55 4.3849 2408700000000.0 18286000000.0 0.0 1.808 2.0 986.4 34.0 12278000000.0 12191000000.0 -1.07 -99.0 -99.0 -99.0 -99.0 15270 uds-09-G141_15270 1.80808
uds 35616 2 1 1 1.6182 1.6091 1.6139 1.6258 1.6374 159.08 148.77 10.314 1364800000000.0 43010000000.0 0.0 1.618 2.0 505.6 163.2 16496000000.0 28674000000.0 -0.07 -99.0 -99.0 -99.0 -99.0 35616 uds-04-G141_35616 1.61823
uds 38246 1 1 1 1.8235 -1.0 -1.0 -1.0 -1.0 268.27 255.7 12.568 2345900000000.0 52410000000.0 0.0 1.823 1.0 955.8 25.2 26501000000.0 34940000000.0 -0.41 -99.0 -99.0 -99.0 -99.0 38246 uds-25-G141_38246 1.82922
uds 36685 3 1 0 1.9515 1.808 1.862 2.038 2.09 301.29 292.75 8.545 2685800000000.0 35634000000.0 0.0 1.952 3.0 948.0 28.55 20682000000.0 23756000000.0 -0.64 -99.0 -99.0 -99.0 -99.0 36685 uds-26-G141_36685 1.82498
uds 30093 3 1 0 1.6809 1.559 1.599 1.765 1.845 10.591 7.9184 2.6724 72646000000.0 11144000000.0 0.0 1.681 3.0 28.1 23.66 13389000000.0 7429500000.0 -1.94 -99.0 -99.0 -99.0 -99.0 30093 00000 -1.0
uds 33682 2 1 1 1.532 1.5287 1.53 1.5329 1.5343 8.2265 4.9886 3.2379 45767000000.0 13503000000.0 1.0 1.532 2.0 17.3 23.98 16016000000.0 9001700000.0 -1.92 11.34 0.81 3170.49 1021.09 33682 uds-20-G141_33682 1.53198
uds 9047 2 1 1 1.7566 1.7505 1.7532 1.7583 1.7606 21.065 16.815 4.2505 154260000000.0 17725000000.0 0.0 1.757 2.0 63.03 23.26 18273000000.0 11817000000.0 -1.73 -99.0 -99.0 -99.0 -99.0 9047 uds-14-G141_09047 1.75661
uds 36796 3 1 0 1.6372 1.448 1.555 1.726 1.88 7.9275 5.5668 2.3607 51072000000.0 9844400000.0 1.0 1.637 3.0 19.1 20.17 11683000000.0 6563000000.0 -1.92 -99.0 -99.0 -99.0 -99.0 36796 00000 -1.0
uds 4764 2 1 1 1.6845 1.6632 1.6751 1.761 1.771 29.897 26.395 3.5017 242160000000.0 14602000000.0 0.0 1.685 2.0 93.97 15.27 16731000000.0 9734900000.0 -1.88 -99.0 -99.0 -99.0 -99.0 4764 uds-03-G141_04764 1.68451
uds 5028 3 1 0 1.7718 1.649 1.713 1.832 1.9 31.392 28.84 2.5522 264580000000.0 10643000000.0 0.0 1.772 3.0 108.6 96.42 10449000000.0 7095400000.0 -1.73 -99.0 -99.0 -99.0 -99.0 5028 00000 -1.0
uds 5800 2 1 1 1.5434 1.54 1.5414 1.5441 1.5454 282.92 200.79 82.137 1842100000000.0 342520000000.0 0.0 1.543 2.0 691.5 16.0 421520000000.0 228350000000.0 -1.97 -1.17 0.89 -4.84 3.65 5800 uds-03-G141_05800 1.5434
uds 26100 2 1 1 1.9624 1.958 1.9598 1.9639 1.966 142.04 120.86 21.185 1108800000000.0 88345000000.0 0.0 1.962 2.0 386.0 23.76 67484000000.0 58896000000.0 -1.13 -99.0 -99.0 -99.0 -99.0 26100 uds-27-G141_26100 1.9624
uds 16570 2 1 1 1.6818 1.6759 1.6791 1.6898 1.6966 70.43 68.252 2.1779 626160000000.0 9082100000.0 0.0 1.682 2.0 242.4 25.55 8739000000.0 6054700000.0 -1.65 -99.0 -99.0 -99.0 -99.0 16570 uds-17-G141_16570 1.68183
uds 15592 3 1 0 1.953 1.85 1.888 2.027 2.08 102.81 84.606 18.209 776200000000.0 75933000000.0 0.0 1.953 3.0 273.6 26.22 83003000000.0 50622000000.0 -1.8 -99.0 -99.0 -99.0 -99.0 15592 00000 -1.0
uds 36198 2 1 1 1.6182 1.6152 1.6166 1.6196 1.621 122.57 115.49 7.0837 1059500000000.0 29540000000.0 0.0 1.618 2.0 392.5 18.89 25295000000.0 19693000000.0 -1.51 -99.0 -99.0 -99.0 -99.0 36198 uds-01-G141_36198 1.61823
uds 15319 2 1 1 1.8434 1.8397 1.8411 1.8442 1.8457 418.21 327.44 90.77 3004000000000.0 378520000000.0 0.0 1.843 2.0 1208.0 19.36 303890000000.0 252350000000.0 -1.24 -99.0 -99.0 -99.0 -99.0 15319 uds-14-G141_15319 1.8434
uds 22059 2 1 1 1.6912 1.4561 1.4688 1.64 1.6997 208.54 204.12 4.4165 1872700000000.0 18417000000.0 0.0 1.691 2.0 730.2 21.19 7624600000.0 12278000000.0 -0.1 -99.0 -99.0 -99.0 -99.0 22059 uds-02-G141_22059 1.69123
uds 35498 2 1 1 1.8193 1.8017 1.8076 1.8246 1.8412 188.99 187.31 1.6747 1718500000000.0 6983900000.0 0.0 1.819 2.0 701.8 209.6 2469200000.0 4655900000.0 0.04 -99.0 -99.0 -99.0 -99.0 35498 uds-05-G141_35498 1.81933
uds 7312 3 1 0 2.3022 2.174 2.243 2.365 2.406 2.4159 -99.0 2.4159 -99.0 10075000000.0 2.0 2.302 3.0 -39.41 21.54 2565500000.0 6716600000.0 0.46 -99.0 -99.0 -99.0 -99.0 7312 00000 -1.0
uds 13119 3 1 0 2.0841 1.925 2.007 2.168 2.247 1.6857 -99.0 1.6857 -99.0 7029600000.0 2.0 2.084 3.0 -38.73 21.29 1190900000.0 4686400000.0 1.54 -99.0 -99.0 -99.0 -99.0 13119 00000 -1.0
uds 27585 2 1 1 2.1143 1.9892 2.1132 2.2517 2.4759 0.77184 -99.0 0.77184 -99.0 3218700000.0 2.0 2.114 2.0 -18.42 31.39 1004600000.0 2145800000.0 0.45 -99.0 -99.0 -99.0 -99.0 27585 uds-01-G141_27585 2.11429
uds 5865 2 1 1 2.1836 2.1474 2.1702 2.2524 2.2885 1.4098 -99.0 1.4098 -99.0 5879200000.0 2.0 2.184 2.0 -92.74 28.33 2696300000.0 3919500000.0 -0.43 -99.0 -99.0 -99.0 -99.0 5865 uds-03-G141_05865 2.18356
uds 15624 3 1 0 2.286 2.154 2.221 2.354 2.405 2.9126 -99.0 2.9126 -99.0 12146000000.0 2.0 2.286 3.0 -1.014 19.47 3150400000.0 8097400000.0 0.39 -99.0 -99.0 -99.0 -99.0 15624 00000 -1.0
uds 24947 2 1 1 2.3052 2.2646 2.2862 2.3157 2.3293 1.8084 -99.0 1.8084 -99.0 7541400000.0 2.0 2.305 2.0 -18.4 23.65 881580000.0 5027600000.0 2.11 -99.0 -99.0 -99.0 -99.0 24947 uds-06-G141_24947 2.30521
uds 16659 2 1 1 2.045 2.0107 2.0403 2.0588 2.0995 2.5353 1.258 1.2773 11541000000.0 5326700000.0 1.0 2.045 2.0 3.558 23.12 2448000000.0 3551100000.0 -0.4 -99.0 -99.0 -99.0 -99.0 16659 uds-15-G141_16659 2.045
uds 2544 2 1 1 2.3251 2.3083 2.3177 2.3432 2.3556 2.6497 0.16971 2.48 1557000000.0 10342000000.0 1.0 2.325 2.0 0.317 26.45 835900000.0 6894600000.0 2.55 -99.0 -99.0 -99.0 -99.0 2544 uds-10-G141_02544 2.3251
uds 14743 3 1 0 2.0244 1.778 1.922 2.117 2.156 2.3224 -99.0 2.3224 -99.0 9684600000.0 2.0 2.024 3.0 -1.561 26.92 1540700000.0 6456400000.0 1.67 -99.0 -99.0 -99.0 -99.0 14743 uds-15-G141_14743 2.03891
uds 1620 2 1 1 2.3185 2.3058 2.3117 2.3239 2.3281 9.863 1.866 7.9969 17120000000.0 33348000000.0 1.0 2.318 2.0 3.519 17.99 8818800000.0 22232000000.0 0.52 -99.0 -99.0 -99.0 -99.0 1620 uds-10-G141_01620 2.31846
uds 34150 2 1 1 2.3151 2.2886 2.2989 2.3273 2.3447 4.0732 -99.0 4.0732 -99.0 16986000000.0 2.0 2.315 2.0 -29.86 20.07 2838900000.0 11324000000.0 1.59 -99.0 -99.0 -99.0 -99.0 34150 uds-24-G141_34150 2.31514
uds 30916 2 1 1 2.1598 2.1336 2.148 2.1664 2.1751 4.4422 -99.0 4.4422 -99.0 18525000000.0 2.0 2.16 2.0 -31.77 18.59 2622900000.0 12350000000.0 1.78 -99.0 -99.0 -99.0 -99.0 30916 uds-24-G141_30916 2.15977
uds 11558 2 1 1 2.2123 1.9532 2.0356 2.2103 2.2271 1.9418 -99.0 1.9418 -99.0 8097400000.0 2.0 2.212 2.0 -14.9 27.07 1321900000.0 5398300000.0 1.59 -99.0 -99.0 -99.0 -99.0 11558 uds-12-G141_11558 2.21234
uds 25282 2 1 1 2.0072 1.9991 2.0034 2.0113 2.0796 6.5766 4.7392 1.8373 43479000000.0 7662000000.0 1.0 2.007 2.0 14.16 21.31 1269200000.0 5108000000.0 1.43 -99.0 -99.0 -99.0 -99.0 25282 uds-21-G141_25282 2.00717
uds 14996 2 1 1 2.0818 2.0658 2.0747 2.1027 2.1446 14.698 9.4434 5.255 86636000000.0 21914000000.0 1.0 2.082 2.0 25.31 26.11 4469700000.0 14609000000.0 1.12 -99.0 -99.0 -99.0 -99.0 14996 uds-15-G141_14996 2.08176
uds 4701 3 1 0 2.1065 2.044 2.07 2.148 2.17 10.826 -99.0 10.826 -99.0 45146000000.0 2.0 2.106 3.0 -26.58 24.65 9306100000.0 30097000000.0 1.26 -99.0 -99.0 -99.0 -99.0 4701 00000 -1.0
uds 26834 3 1 0 2.4417 2.237 2.349 2.542 2.613 2.681 -99.0 2.681 -99.0 11180000000.0 2.0 2.442 3.0 -28.82 24.49 13519000000.0 7453500000.0 -1.93 -99.0 -99.0 -99.0 -99.0 26834 uds-24-G141_26834 2.61106
uds 2475 3 1 0 2.2977 2.136 2.22 2.376 2.43 2.601 -99.0 2.601 -99.0 10847000000.0 2.0 2.298 3.0 -5.726 17.6 9966700000.0 7231000000.0 -1.5 -99.0 -99.0 -99.0 -99.0 2475 00000 -1.0
uds 14303 3 1 0 2.2524 2.105 2.182 2.326 2.377 6.384 -99.0 6.384 -99.0 26622000000.0 2.0 2.252 3.0 -11.85 24.9 34379000000.0 17748000000.0 -2.01 -99.0 -99.0 -99.0 -99.0 14303 00000 -1.0
uds 13969 3 1 0 2.1103 1.909 2.027 2.197 2.257 4.1622 -99.0 4.1622 -99.0 17357000000.0 2.0 2.11 3.0 -20.59 28.13 16050000000.0 11571000000.0 -1.5 -99.0 -99.0 -99.0 -99.0 13969 uds-15-G141_13969 2.18197
uds 32341 3 1 0 2.2819 2.114 2.203 2.362 2.414 4.9589 -99.0 4.9589 -99.0 20679000000.0 2.0 2.282 3.0 -0.1061 15.84 24008000000.0 13786000000.0 -1.89 -99.0 -99.0 -99.0 -99.0 32341 uds-24-G141_32341 2.28708
uds 24946 2 1 1 2.1709 2.1463 2.1583 2.1744 2.1862 5.996 5.0007 0.99529 45878000000.0 4150500000.0 1.0 2.171 2.0 11.74 30.32 544160000.0 2767000000.0 2.01 -99.0 -99.0 -99.0 -99.0 24946 uds-27-G141_24946 2.17085
uds 21167 2 1 1 2.2398 2.2325 2.2365 2.2452 2.2495 17.094 12.413 4.6818 113880000000.0 19524000000.0 0.0 2.24 2.0 26.19 25.46 10761000000.0 13016000000.0 -0.48 -99.0 -99.0 -99.0 -99.0 21167 uds-11-G141_21167 2.23976
uds 28570 3 1 0 2.2062 2.036 2.114 2.294 2.354 3.3769 -99.0 3.3769 -99.0 14082000000.0 2.0 2.206 3.0 -9.2 20.16 10891000000.0 9388100000.0 -1.17 -99.0 -99.0 -99.0 -99.0 28570 uds-20-G141_28570 2.23491
uds 23118 2 1 1 2.1205 2.0255 2.0763 2.1324 2.1551 4.8621 1.3404 3.5217 12297000000.0 14686000000.0 1.0 2.121 2.0 3.39 229.4 8471600000.0 9790700000.0 -0.45 -99.0 -99.0 -99.0 -99.0 23118 uds-13-G141_23118 2.12052
uds 20682 2 1 1 2.2854 2.2718 2.2795 2.2924 2.2988 10.652 1.5427 9.1095 14154000000.0 37988000000.0 1.0 2.285 2.0 3.045 14.0 31682000000.0 25325000000.0 -1.34 -99.0 -99.0 -99.0 -99.0 20682 uds-06-G141_20682 2.28544
uds 25418 3 1 0 2.023 1.87 1.951 2.093 2.152 9.6926 7.8577 1.8349 72089000000.0 7651800000.0 1.0 2.023 3.0 22.95 28.01 847780000.0 5101200000.0 2.11 -99.0 -99.0 -99.0 -99.0 25418 00000 -1.0
uds 9207 2 1 1 2.2236 2.0876 2.1739 2.2639 2.3163 23.744 22.293 1.451 204520000000.0 6050900000.0 0.0 2.224 2.0 48.21 30.46 1101000000.0 4033900000.0 1.41 -99.0 -99.0 -99.0 -99.0 9207 uds-09-G141_09207 2.2236
uds 4059 2 1 1 2.3234 2.2431 2.2824 2.3852 2.4389 83.803 73.787 10.016 676940000000.0 41770000000.0 0.0 2.323 2.0 138.2 50.14 21388000000.0 27846000000.0 -0.41 -99.0 -99.0 -99.0 -99.0 4059 uds-12-G141_04059 2.32344
uds 16709 2 1 1 2.4625 2.4319 2.4444 2.4679 2.4782 11.746 7.9154 3.8308 72619000000.0 15975000000.0 1.0 2.463 2.0 11.65 22.53 1955400000.0 10650000000.0 1.99 -99.0 -99.0 -99.0 -99.0 16709 uds-21-G141_16709 2.46253
uds 30196 2 1 1 2.3636 2.3267 2.3534 2.4502 2.5046 49.953 42.048 7.905 385760000000.0 32965000000.0 0.0 2.364 2.0 74.15 26.53 28491000000.0 21977000000.0 -1.52 -99.0 -99.0 -99.0 -99.0 30196 uds-19-G141_30196 2.36356
uds 29179 2 1 1 2.0057 1.9864 1.9933 2.009 2.025 139.25 135.49 3.761 1243000000000.0 15684000000.0 0.0 2.006 2.0 405.4 25.94 6178900000.0 10456000000.0 0.0 -99.0 -99.0 -99.0 -99.0 29179 uds-18-G141_29179 2.00567
uds 36437 2 1 1 2.0833 2.0709 2.0751 2.0847 2.0876 116.25 115.49 0.75857 1059600000000.0 3163400000.0 0.0 2.083 2.0 309.1 21.96 853990000.0 2108900000.0 0.29 -99.0 -99.0 -99.0 -99.0 36437 uds-01-G141_36437 2.0833
uds 39126 3 1 0 2.0229 1.861 1.921 2.119 2.201 128.07 120.93 7.1381 1109500000000.0 29767000000.0 0.0 2.023 3.0 353.2 18.79 20563000000.0 19844000000.0 -1.09 -99.0 -99.0 -99.0 -99.0 39126 00000 -1.0
uds 5602 3 1 0 2.2534 2.09 2.184 2.329 2.376 6.1615 -99.0 6.1615 -99.0 25694000000.0 2.0 2.253 3.0 -35.64 23.96 31637000000.0 17130000000.0 -1.96 -99.0 -99.0 -99.0 -99.0 5602 00000 -1.0
uds 18249 3 1 0 2.249 2.045 2.154 2.346 2.413 3.1517 -99.0 3.1517 -99.0 13143000000.0 2.0 2.249 3.0 -23.08 20.71 15009000000.0 8762100000.0 -1.85 -99.0 -99.0 -99.0 -99.0 18249 00000 -1.0
uds 10664 2 1 1 2.2937 2.2888 2.2907 2.2951 2.2969 5.4131 -99.0 5.4131 -99.0 22573000000.0 2.0 2.294 2.0 -15.65 18.0 23509000000.0 15049000000.0 -1.67 -99.0 -99.0 -99.0 -99.0 10664 uds-10-G141_10664 2.29366
uds 19413 3 1 0 2.3775 2.249 2.303 2.452 2.519 4.3599 -99.0 4.3599 -99.0 18181000000.0 2.0 2.377 3.0 -30.56 21.62 17662000000.0 12121000000.0 -1.59 -99.0 -99.0 -99.0 -99.0 19413 uds-21-G141_19413 2.36693
uds 24187 2 1 1 2.1852 2.1803 2.1822 2.1867 2.189 7.508 -99.0 7.508 -99.0 31309000000.0 2.0 2.185 2.0 -25.59 23.01 34496000000.0 20873000000.0 -1.84 -99.0 -99.0 -99.0 -99.0 24187 uds-11-G141_24187 2.18515
uds 16002 3 1 0 2.3976 2.234 2.313 2.485 2.577 5.5519 0.67634 4.8755 6205000000.0 20332000000.0 1.0 2.398 3.0 1.128 20.92 16764000000.0 13554000000.0 -1.28 -99.0 -99.0 -99.0 -99.0 16002 uds-07-G141_16002 2.30521
uds 24609 2 1 1 2.297 2.2357 2.286 2.3016 2.3085 22.619 14.516 8.104 133170000000.0 33795000000.0 0.0 2.297 2.0 28.17 23.42 23015000000.0 22530000000.0 -0.84 -99.0 -99.0 -99.0 -99.0 24609 uds-17-G141_24609 2.29696
uds 21132 2 1 1 2.3855 2.3512 2.3799 2.5022 2.5243 82.997 78.181 4.816 717260000000.0 20083000000.0 0.0 2.385 2.0 133.2 24.49 12349000000.0 13389000000.0 -0.57 -99.0 -99.0 -99.0 -99.0 21132 uds-17-G141_21132 2.38549
uds 30593 2 1 1 2.4418 2.4155 2.4396 2.5856 2.6433 69.534 52.278 17.256 479610000000.0 71959000000.0 0.0 2.442 2.0 80.27 16.58 65433000000.0 47973000000.0 -1.45 -99.0 -99.0 -99.0 -99.0 30593 uds-06-G141_30593 2.44182
uds 2825 3 1 0 2.4181 2.327 2.364 2.473 2.511 39.43 24.279 15.151 222750000000.0 63182000000.0 0.0 2.418 3.0 39.02 28.6 54784000000.0 42121000000.0 -1.4 -99.0 -99.0 -99.0 -99.0 2825 00000 -1.0
uds 3753 2 1 1 2.4851 2.3073 2.3679 2.5166 2.5557 90.669 79.452 11.217 728920000000.0 46779000000.0 0.0 2.485 2.0 111.6 103.1 31502000000.0 31186000000.0 -0.87 -99.0 -99.0 -99.0 -99.0 3753 uds-14-G141_03753 2.48511
uds 28702 3 1 0 2.2249 2.098 2.153 2.295 2.381 147.5 145.89 1.6141 1338400000000.0 6731100000.0 0.0 2.225 3.0 315.0 20.47 1543900000.0 4487400000.0 0.96 -99.0 -99.0 -99.0 -99.0 28702 uds-01-G141_28702 2.40757
uds 20547 2 1 1 2.1836 2.0778 2.0889 2.1982 2.2397 64.908 58.084 6.8244 532880000000.0 28459000000.0 0.0 2.184 2.0 133.7 29.9 17204000000.0 18972000000.0 -0.56 -99.0 -99.0 -99.0 -99.0 20547 uds-27-G141_20547 2.18356
uds 31189 2 1 1 2.2937 2.2498 2.2884 2.3128 2.3211 290.28 288.1 2.1859 2643100000000.0 9115600000.0 0.0 2.294 2.0 561.4 17.13 2709600000.0 6077000000.0 0.43 -99.0 -99.0 -99.0 -99.0 31189 uds-24-G141_31189 2.29366
uds 9367 2 1 1 2.0087 1.6789 1.95 2.0125 2.0802 192.38 190.78 1.6045 1750300000000.0 6690800000.0 0.0 2.009 2.0 568.4 19.89 3703700000.0 4460500000.0 -0.56 -99.0 -99.0 -99.0 -99.0 9367 uds-09-G141_09367 2.00868
uds 38640 3 1 0 2.4153 2.26 2.34 2.534 2.741 244.6 242.25 2.3538 2222400000000.0 9815600000.0 0.0 2.415 3.0 391.5 25.17 1144600000.0 6543700000.0 2.18 -99.0 -99.0 -99.0 -99.0 38640 00000 -1.0
uds 42571 3 1 0 2.4069 2.306 2.347 2.47 2.516 398.79 395.28 3.5097 3626400000000.0 14636000000.0 0.0 2.407 3.0 648.4 37.77 3581400000.0 9757200000.0 0.54 -99.0 -99.0 -99.0 -99.0 42571 00000 -1.0
uds 190 3 1 0 2.0614 1.976 2.008 2.122 2.18 266.87 263.02 3.8579 2413000000000.0 16088000000.0 0.0 2.061 3.0 726.7 88.26 3096200000.0 10725000000.0 1.33 -99.0 -99.0 -99.0 -99.0 190 00000 -1.0
uds 42529 3 1 0 2.3882 2.289 2.333 2.443 2.482 691.55 687.16 4.3863 6304200000000.0 18291000000.0 0.0 2.388 3.0 1165.0 20.87 2932600000.0 12194000000.0 1.58 -99.0 -99.0 -99.0 -99.0 42529 00000 -1.0
uds 15133 3 1 0 2.4514 2.318 2.374 2.533 2.591 27.28 23.059 4.2203 211550000000.0 17599000000.0 0.0 2.451 3.0 34.77 23.5 20366000000.0 11733000000.0 -1.87 -99.0 -99.0 -99.0 -99.0 15133 uds-02-G141_15133 2.42637
uds 21196 2 1 1 2.1614 2.1568 2.1585 2.1623 2.1641 17.62 8.3866 9.2337 76941000000.0 38506000000.0 1.0 2.161 2.0 19.99 21.85 51885000000.0 25670000000.0 -2.06 -99.0 -99.0 -99.0 -99.0 21196 uds-17-G141_21196 2.16135
uds 28794 3 1 0 2.3297 2.19 2.255 2.406 2.467 17.968 13.32 4.6485 122200000000.0 19385000000.0 1.0 2.33 3.0 24.7 26.02 20175000000.0 12923000000.0 -1.71 -99.0 -99.0 -99.0 -99.0 28794 uds-01-G141_28794 2.28215
uds 4800 3 1 0 2.3008 2.12 2.213 2.386 2.452 20.812 17.698 3.1138 162370000000.0 12985000000.0 0.0 2.301 3.0 34.16 22.16 12875000000.0 8656800000.0 -1.65 -99.0 -99.0 -99.0 -99.0 4800 uds-10-G141_04800 2.30026
uds 11522 2 1 1 2.155 2.1489 2.1519 2.158 2.1608 27.321 19.789 7.532 181550000000.0 31409000000.0 0.0 2.155 2.0 47.6 26.99 39076000000.0 20940000000.0 -1.96 -99.0 -99.0 -99.0 -99.0 11522 uds-15-G141_11522 2.15504
uds 8727 2 1 1 2.3923 2.3845 2.3877 2.3941 2.3973 47.364 39.031 8.333 358090000000.0 34750000000.0 0.0 2.392 2.0 65.74 19.67 30534000000.0 23166000000.0 -1.39 -99.0 -99.0 -99.0 -99.0 8727 uds-28-G141_08727 2.39227
uds 10720 3 1 0 2.1869 2.004 2.091 2.284 2.368 24.827 21.009 3.8176 192740000000.0 15920000000.0 0.0 2.187 3.0 48.14 18.05 13738000000.0 10613000000.0 -1.35 -99.0 -99.0 -99.0 -99.0 10720 uds-28-G141_10720 2.30356
uds 11696 2 1 1 2.2091 2.2 2.2052 2.2184 2.2982 60.418 57.637 2.7812 528780000000.0 11598000000.0 0.0 2.209 2.0 127.6 27.45 6714800000.0 7731900000.0 -0.48 -99.0 -99.0 -99.0 -99.0 11696 uds-10-G141_11696 2.20913
uds 12154 2 1 1 2.2937 2.2871 2.2898 2.2952 2.298 82.861 76.822 6.039 704790000000.0 25184000000.0 0.0 2.294 2.0 149.7 21.8 21650000000.0 16789000000.0 -1.45 -99.0 -99.0 -99.0 -99.0 12154 uds-03-G141_12154 2.29366
uds 16475 2 1 1 2.1268 2.1151 2.1238 2.2369 2.2512 78.029 73.72 4.3085 676330000000.0 17967000000.0 0.0 2.127 2.0 184.8 23.02 11507000000.0 11978000000.0 -0.63 -99.0 -99.0 -99.0 -99.0 16475 uds-11-G141_16475 2.12677
uds 32888 2 1 1 2.4522 2.2894 2.4393 2.4594 3.0997 923.08 918.39 4.6899 8425600000000.0 19557000000.0 0.0 2.452 2.0 1382.0 26.97 5924200000.0 13038000000.0 0.45 -99.0 -99.0 -99.0 -99.0 32888 uds-26-G141_32888 2.45216
uds 35673 2 1 1 2.182 2.1781 2.1798 2.1834 2.1851 490.89 483.79 7.0982 4438500000000.0 29600000000.0 0.0 2.182 2.0 1117.0 31.31 11308000000.0 19734000000.0 0.02 -99.0 -99.0 -99.0 -99.0 35673 uds-23-G141_35673 2.18197
uds 38805 3 1 0 2.2154 2.13 2.163 2.271 2.308 270.17 243.17 27.007 2230900000000.0 112620000000.0 0.0 2.215 3.0 533.3 22.55 119950000000.0 75081000000.0 -1.76 -99.0 -99.0 -99.0 -99.0 38805 00000 -1.0
uds 7370 3 1 0 2.7392 2.496 2.652 2.835 2.888 4.0157 -99.0 4.0157 -99.0 16746000000.0 2.0 2.739 3.0 -6.313 22.52 18405000000.0 11164000000.0 -1.8 -99.0 -99.0 -99.0 -99.0 7370 00000 -1.0
uds 23208 3 1 0 2.9888 2.854 2.908 3.071 3.148 4.9016 -99.0 4.9016 -99.0 20440000000.0 2.0 2.989 3.0 -35.96 22.59 19183000000.0 13627000000.0 -1.49 -99.0 -99.0 -99.0 -99.0 23208 uds-27-G141_23208 3.04103
uds 8481 3 1 0 2.8396 2.667 2.745 2.934 3.0 3.3265 -99.0 3.3265 -99.0 13872000000.0 2.0 2.84 3.0 -25.37 23.93 15034000000.0 9247900000.0 -1.78 -99.0 -99.0 -99.0 -99.0 8481 00000 -1.0
uds 3444 3 1 0 2.6811 2.528 2.62 2.748 2.796 3.9661 -99.0 3.9661 -99.0 16539000000.0 2.0 2.681 3.0 -3.593 20.7 19714000000.0 11026000000.0 -1.92 -99.0 -99.0 -99.0 -99.0 3444 00000 -1.0
uds 35812 3 1 0 2.7273 2.612 2.653 2.8 2.901 10.8 9.8173 0.9829 90067000000.0 4098800000.0 1.0 2.727 3.0 7.653 27.57 2165800000.0 2732500000.0 -0.48 -99.0 -99.0 -99.0 -99.0 35812 uds-24-G141_35812 2.60745
uds 33191 3 1 0 2.7104 2.456 2.644 2.773 2.818 2.9918 -99.0 2.9918 -99.0 12476000000.0 2.0 2.71 3.0 -33.42 19.37 12260000000.0 8317500000.0 -1.69 -99.0 -99.0 -99.0 -99.0 33191 uds-25-G141_33191 2.30852
uds 4299 3 1 0 2.8373 2.67 2.741 2.935 3.01 10.1 4.5644 5.5355 41875000000.0 23084000000.0 1.0 2.837 3.0 2.847 20.36 19987000000.0 15389000000.0 -1.38 -99.0 -99.0 -99.0 -99.0 4299 00000 -1.0
uds 24530 3 1 0 2.7485 2.621 2.667 2.842 2.941 7.053 4.7909 2.2621 43953000000.0 9433100000.0 1.0 2.748 3.0 3.558 19.39 10855000000.0 6288800000.0 -1.87 -99.0 -99.0 -99.0 -99.0 24530 uds-11-G141_24530 2.78104
uds 3617 2 1 1 2.5948 2.5896 2.5917 2.5963 2.5983 33.402 10.128 23.274 92916000000.0 97058000000.0 1.0 2.595 2.0 10.91 15.47 91989000000.0 64705000000.0 -1.61 -99.0 -99.0 -99.0 -99.0 3617 uds-16-G141_03617 2.59484
uds 8108 3 1 0 2.6837 2.532 2.616 2.757 2.808 45.908 34.552 11.357 316990000000.0 47359000000.0 0.0 2.684 3.0 29.82 23.98 27189000000.0 31573000000.0 -0.51 -99.0 -99.0 -99.0 -99.0 8108 00000 -1.0
uds 20273 2 1 1 2.7397 2.7036 2.7237 2.7624 2.7988 77.833 71.567 6.2662 656570000000.0 26131000000.0 0.0 2.74 2.0 54.14 22.99 10266000000.0 17421000000.0 -0.03 -99.0 -99.0 -99.0 -99.0 20273 uds-02-G141_20273 2.73968
uds 17513 2 1 1 2.7509 2.7 2.7283 2.7752 2.8041 26.821 -99.0 26.821 -99.0 111850000000.0 2.0 2.751 2.0 -7.924 17.17 82443000000.0 74564000000.0 -1.1 -99.0 -99.0 -99.0 -99.0 17513 uds-07-G141_17513 2.75092
uds 16504 3 1 0 2.9472 2.785 2.867 3.031 3.106 40.65 36.639 4.0111 336140000000.0 16727000000.0 1.0 2.947 3.0 18.65 32.11 13128000000.0 11151000000.0 -1.37 -99.0 -99.0 -99.0 -99.0 16504 uds-17-G141_16504 2.71359
uds 19571 3 1 0 2.8196 2.657 2.741 2.902 2.955 78.475 70.039 8.436 642560000000.0 35179000000.0 0.0 2.82 3.0 45.05 22.92 26447000000.0 23453000000.0 -1.28 -99.0 -99.0 -99.0 -99.0 19571 00000 -1.0
uds 33832 2 1 1 2.5166 2.4916 2.5069 2.5302 2.5719 19.638 13.989 5.6488 128340000000.0 23557000000.0 1.0 2.517 2.0 18.28 20.65 7632400000.0 15704000000.0 0.21 -99.0 -99.0 -99.0 -99.0 33832 uds-05-G141_33832 2.51662
uds 37585 3 1 0 2.6863 2.598 2.633 2.738 2.773 16.724 -99.0 16.724 -99.0 69742000000.0 2.0 2.686 3.0 -18.02 18.75 23017000000.0 46495000000.0 0.45 -99.0 -99.0 -99.0 -99.0 37585 00000 -1.0
uds 40006 3 1 0 2.7513 2.634 2.677 2.824 2.919 121.79 120.37 1.4145 1104300000000.0 5898600000.0 0.0 2.751 3.0 88.78 23.51 457510000.0 3932400000.0 3.11 -99.0 -99.0 -99.0 -99.0 40006 uds-26-G141_40006 1.78431
uds 41680 3 1 0 2.7113 2.63 2.657 2.766 2.809 63.353 61.622 1.7311 565340000000.0 7218900000.0 0.0 2.711 3.0 49.85 25.55 389600000.0 4812600000.0 3.16 -99.0 -99.0 -99.0 -99.0 41680 uds-25-G141_41680 1.96092
uds 24993 3 1 0 2.807 2.701 2.745 2.872 2.913 8.3933 -99.0 8.3933 -99.0 35001000000.0 2.0 2.807 3.0 -44.92 23.97 37628000000.0 23334000000.0 -1.72 -99.0 -99.0 -99.0 -99.0 24993 00000 -1.0
uds 9409 3 1 0 2.885 2.776 2.821 2.952 2.996 4.2019 -99.0 4.2019 -99.0 17522000000.0 2.0 2.885 3.0 -37.8 23.45 20510000000.0 11682000000.0 -1.88 -99.0 -99.0 -99.0 -99.0 9409 uds-03-G141_09409 2.91964
uds 23267 3 1 0 2.7655 2.588 2.675 2.857 2.919 2.4775 -99.0 2.4775 -99.0 10332000000.0 2.0 2.766 3.0 -52.65 27.8 11507000000.0 6887700000.0 -1.81 -99.0 -99.0 -99.0 -99.0 23267 00000 -1.0
uds 12233 3 1 0 2.9008 2.788 2.835 2.965 3.007 10.982 5.9437 5.0387 54529000000.0 21012000000.0 1.0 2.901 3.0 3.303 21.55 22488000000.0 14008000000.0 -1.74 -99.0 -99.0 -99.0 -99.0 12233 uds-16-G141_12233 2.8076
uds 16184 3 1 0 2.9784 2.876 2.915 3.041 3.082 10.314 -99.0 10.314 -99.0 43010000000.0 2.0 2.978 3.0 -4.615 20.38 40673000000.0 28673000000.0 -1.52 -99.0 -99.0 -99.0 -99.0 16184 uds-17-G141_16184 3.00082
uds 11327 3 1 0 2.8337 2.711 2.768 2.903 2.95 5.3682 -99.0 5.3682 -99.0 22386000000.0 2.0 2.834 3.0 -84.52 28.42 20120000000.0 14924000000.0 -1.43 -99.0 -99.0 -99.0 -99.0 11327 uds-12-G141_11327 0.53495
uds 30596 3 1 0 2.526 2.383 2.45 2.609 2.686 11.539 6.1983 5.3408 56865000000.0 22272000000.0 1.0 2.526 3.0 7.924 23.82 20918000000.0 14848000000.0 -1.54 -99.0 -99.0 -99.0 -99.0 30596 uds-19-G141_30596 2.47989
uds 20671 3 1 0 2.6922 2.478 2.62 2.772 2.848 18.693 15.13 3.5631 138810000000.0 14859000000.0 1.0 2.692 3.0 12.81 57.88 13107000000.0 9905700000.0 -1.49 -99.0 -99.0 -99.0 -99.0 20671 00000 -1.0
uds 14078 2 1 1 2.5823 2.4826 2.5527 2.6008 2.6198 77.567 68.274 9.2929 626370000000.0 38753000000.0 0.0 2.582 2.0 75.99 22.65 28165000000.0 25835000000.0 -1.12 -99.0 -99.0 -99.0 -99.0 14078 uds-14-G141_14078 2.58228
uds 23821 3 1 0 2.9975 2.89 2.932 3.067 3.115 143.49 125.32 18.166 1149700000000.0 75755000000.0 0.0 2.997 3.0 57.55 25.05 59682000000.0 50504000000.0 -1.21 -99.0 -99.0 -99.0 -99.0 23821 00000 -1.0
uds 20048 3 1 0 2.771 2.641 2.711 2.835 2.873 74.185 65.562 8.623 601480000000.0 35959000000.0 0.0 2.771 3.0 46.37 21.0 17223000000.0 23973000000.0 -0.33 -99.0 -99.0 -99.0 -99.0 20048 00000 -1.0
uds 31293 3 1 0 2.7152 2.605 2.644 2.774 2.922 149.27 147.49 1.785 1353100000000.0 7443700000.0 0.0 2.715 3.0 118.2 18.9 1478500000.0 4962500000.0 1.27 -99.0 -99.0 -99.0 -99.0 31293 uds-18-G141_31293 1.82074
uds 3182 3 1 0 2.5131 2.366 2.437 2.591 2.656 128.33 124.97 3.36 1146500000000.0 14012000000.0 0.0 2.513 3.0 164.9 16.42 5768500000.0 9341200000.0 -0.2 -99.0 -99.0 -99.0 -99.0 3182 00000 -1.0
uds 37251 3 1 0 2.73 2.598 2.643 2.821 2.927 158.81 154.62 4.1908 1418500000000.0 17476000000.0 0.0 2.73 3.0 119.7 26.02 9795900000.0 11651000000.0 -0.48 -99.0 -99.0 -99.0 -99.0 37251 uds-24-G141_37251 2.62372
uds 4018 3 1 0 2.9807 2.84 2.898 3.065 3.139 1030.8 1028.4 2.3252 9435300000000.0 9696300000.0 0.0 2.981 3.0 488.8 21.87 2792500000.0 6464200000.0 0.19 -99.0 -99.0 -99.0 -99.0 4018 uds-10-G141_04018 1.98619
uds 1833 3 1 0 2.5088 2.365 2.423 2.586 2.664 372.97 369.55 3.4161 3390400000000.0 14246000000.0 0.0 2.509 3.0 492.1 19.73 4298900000.0 9497100000.0 0.26 -99.0 -99.0 -99.0 -99.0 1833 00000 -1.0
uds 9455 3 1 0 2.6666 2.499 2.606 2.732 2.774 669.93 665.75 4.1842 6107800000000.0 17449000000.0 0.0 2.667 3.0 598.7 50.88 2915500000.0 11632000000.0 1.45 -99.0 -99.0 -99.0 -99.0 9455 uds-12-G141_09455 1.9256
uds 3837 3 1 0 2.7085 2.594 2.631 2.792 2.863 133.22 126.66 6.5606 1162000000000.0 27359000000.0 0.0 2.708 3.0 103.2 22.96 12490000000.0 18239000000.0 -0.3 -99.0 -99.0 -99.0 -99.0 3837 00000 -1.0
uds 26045 3 1 0 2.689 2.592 2.631 2.752 2.798 638.97 634.87 4.1024 5824500000000.0 17108000000.0 0.0 2.689 3.0 541.4 28.72 11157000000.0 11405000000.0 -1.14 -99.0 -99.0 -99.0 -99.0 26045 00000 -1.0
uds 27629 3 1 0 2.7503 2.614 2.665 2.84 2.944 251.37 249.72 1.6512 2291000000000.0 6885800000.0 0.0 2.75 3.0 184.6 25.93 1024500000.0 4590600000.0 1.78 -99.0 -99.0 -99.0 -99.0 27629 uds-20-G141_27629 2.60925
uds 21272 3 1 0 2.8014 2.641 2.704 2.903 3.0 617.98 614.85 3.1399 5640800000000.0 13094000000.0 0.0 2.801 3.0 409.3 27.26 4542500000.0 8729200000.0 -0.04 -99.0 -99.0 -99.0 -99.0 21272 uds-27-G141_21272 2.28873
uds 5134 3 1 0 2.6654 2.514 2.584 2.749 2.803 17.727 12.282 5.4449 112680000000.0 22706000000.0 1.0 2.665 3.0 11.1 21.82 22238000000.0 15137000000.0 -1.58 -99.0 -99.0 -99.0 -99.0 5134 uds-03-G141_05134 2.60745
uds 41578 2 1 1 2.8806 2.8672 2.8743 2.8883 2.8971 47.062 35.378 11.684 324570000000.0 48724000000.0 1.0 2.881 2.0 20.4 25.99 43322000000.0 32483000000.0 -1.39 -99.0 -99.0 -99.0 -99.0 41578 uds-05-G141_41578 2.88064
uds 15915 2 1 1 2.6748 2.6449 2.6622 2.7122 2.7379 35.521 24.357 11.163 223460000000.0 46553000000.0 0.0 2.675 2.0 21.48 21.28 47655000000.0 31036000000.0 -1.7 -99.0 -99.0 -99.0 -99.0 15915 uds-14-G141_15915 2.6748
uds 28062 2 1 1 2.7397 2.5663 2.5897 2.744 2.8008 118.09 108.33 9.7647 993840000000.0 40720000000.0 0.0 2.74 2.0 81.95 23.46 31816000000.0 27147000000.0 -1.18 -99.0 -99.0 -99.0 -99.0 28062 uds-04-G141_28062 2.73968
uds 26994 2 1 1 2.5626 2.4477 2.5333 2.5786 2.6002 70.204 57.14 13.064 524220000000.0 54479000000.0 0.0 2.563 2.0 66.7 20.14 46052000000.0 36319000000.0 -1.38 -99.0 -99.0 -99.0 -99.0 26994 uds-24-G141_26994 2.56263
uds 31624 2 1 1 2.9928 2.9706 2.9873 3.0011 3.0108 157.77 143.66 14.113 1317900000000.0 58854000000.0 0.0 2.993 2.0 66.54 21.38 41094000000.0 39236000000.0 -1.0 -99.0 -99.0 -99.0 -99.0 31624 uds-19-G141_31624 2.99283
uds 19104 3 1 0 2.7809 2.655 2.702 2.865 2.922 223.6 216.34 7.2618 1984800000000.0 30283000000.0 0.0 2.781 3.0 149.9 26.98 23646000000.0 20189000000.0 -1.24 -99.0 -99.0 -99.0 -99.0 19104 00000 -1.0
uds 27372 3 1 0 2.6922 2.109 2.633 2.745 2.774 326.91 324.8 2.1066 2979900000000.0 8785000000.0 0.0 2.692 3.0 275.0 29.87 1876600000.0 5856700000.0 0.86 -99.0 -99.0 -99.0 -99.0 27372 uds-01-G141_27372 1.82215
uds 20969 3 1 0 2.7112 2.635 2.668 2.761 2.774 1437.9 1431.5 6.3982 13133000000000.0 26682000000.0 0.0 2.711 3.0 1158.0 42.79 4550400000.0 17788000000.0 1.51 -99.0 -99.0 -99.0 -99.0 20969 00000 -1.0
