# field phot_id z_best_s use_phot use_zgrism z_best z_best_l95 z_best_l68 z_best_u68 z_best_u95 sfr sfr_IR sfr_UV L_IR L_UV flag z_sfr z_type f24tot ef24tot L_1600 L_2800 beta Ha_FLUX Ha_FLUX_ERR Ha_EQW Ha_EQW_ERR number grism_id z_max_grism
# Author: I. Momcheva (Sat Oct  3 21:18:14 2015)
uds 1620 2 1 1 2.3185 2.3058 2.3117 2.3239 2.3281 9.863 1.866 7.9969 17120000000.0 33348000000.0 1.0 2.318 2.0 3.519 17.99 8818800000.0 22232000000.0 0.52 -99.0 -99.0 -99.0 -99.0 1620 uds-10-G141_01620 2.31846
uds 3687 2 1 1 1.4193 1.4148 1.417 1.4208 1.4225 33.712 32.77 0.94176 300640000000.0 3927300000.0 0.0 1.419 2.0 126.5 22.91 943100000.0 2618200000.0 0.61 24.01 1.49 340.6 26.76 3687 uds-22-G141_03687 1.41935
uds 3955 2 1 1 2.7641 2.4069 2.4678 2.7721 2.8352 10.2 -99.0 10.2 -99.0 42535000000.0 2.0 2.764 2.0 -1.611 31.01 10805000000.0 28357000000.0 0.24 -99.0 -99.0 -99.0 -99.0 3955 uds-14-G141_03955 2.76407
uds 4059 2 1 1 2.3234 2.2431 2.2824 2.3852 2.4389 83.803 73.787 10.016 676940000000.0 41770000000.0 0.0 2.323 2.0 138.2 50.14 21388000000.0 27846000000.0 -0.41 -99.0 -99.0 -99.0 -99.0 4059 uds-12-G141_04059 2.32344
uds 4706 2 1 1 2.5343 2.3934 2.4105 2.5432 2.5625 128.49 120.52 7.9696 1105600000000.0 33234000000.0 0.0 2.534 2.0 151.1 18.08 10999000000.0 22156000000.0 0.3 -99.0 -99.0 -99.0 -99.0 4706 uds-16-G141_04706 2.53425
uds 4721 2 1 1 1.5651 1.511 1.5446 1.5674 1.5729 60.361 59.746 0.61458 548130000000.0 2562900000.0 0.0 1.565 2.0 203.4 35.12 1713000000.0 1708600000.0 -1.47 -99.0 -99.0 -99.0 -99.0 4721 uds-22-G141_04721 1.56511
uds 4915 2 1 1 1.9066 1.6239 1.6528 1.8967 1.9118 139.72 130.08 9.6391 1193400000000.0 40196000000.0 0.0 1.907 2.0 448.6 28.85 14833000000.0 26798000000.0 0.08 -99.0 -99.0 -99.0 -99.0 4915 uds-10-G141_04915 1.90665
uds 6590 2 1 1 1.7927 1.7646 1.7846 1.8017 1.8571 293.38 286.39 6.9944 2627400000000.0 29168000000.0 0.0 1.793 2.0 1080.0 20.2 16965000000.0 19445000000.0 -0.61 -99.0 -99.0 -99.0 -99.0 6590 uds-14-G141_06590 1.79268
uds 7472 2 1 1 2.0926 2.0468 2.0763 2.1318 2.174 235.89 235.58 0.31055 2161300000000.0 1295000000.0 0.0 2.093 2.0 621.3 25.77 556970000.0 863370000.0 -0.4 -99.0 -99.0 -99.0 -99.0 7472 uds-03-G141_07472 2.09256
uds 7516 2 1 1 2.0802 2.0453 2.0583 2.0855 2.3673 185.98 183.41 2.5676 1682700000000.0 10707000000.0 0.0 2.08 2.0 493.0 23.35 3630500000.0 7138200000.0 0.29 -99.0 -99.0 -99.0 -99.0 7516 uds-03-G141_07516 2.08022
uds 7741 2 1 1 0.6315 0.6249 0.6278 0.6334 0.636 1.1113 0.36683 0.74444 3365400000.0 3104400000.0 1.0 0.6315 2.0 15.57 26.97 176090000.0 2069600000.0 3.12 30.68 21.74 26.8 18.97 7741 uds-14-G141_07741 0.6315
uds 7783 2 1 1 1.4049 1.3875 1.395 1.41 1.4182 8.1789 3.4657 4.7132 31796000000.0 19655000000.0 1.0 1.405 2.0 13.68 28.7 16564000000.0 13103000000.0 -1.52 1.79 1.08 7.38 4.48 7783 uds-09-G141_07783 1.40488
uds 8721 2 1 1 2.9432 2.4467 2.5704 2.9365 2.9676 54.943 50.13 4.8136 459910000000.0 20073000000.0 0.0 2.943 2.0 25.72 17.34 4368500000.0 13382000000.0 0.65 -99.0 -99.0 -99.0 -99.0 8721 uds-12-G141_08721 2.94323
uds 8947 2 1 1 1.7074 1.6771 1.6935 1.7224 1.7393 6.3291 5.3959 0.93317 49503000000.0 3891500000.0 1.0 1.707 2.0 19.55 31.94 501130000.0 2594300000.0 2.05 -99.0 -99.0 -99.0 -99.0 8947 uds-03-G141_08947 1.70743
uds 9073 2 1 1 1.4157 1.2713 1.3412 1.4277 1.4964 4.6733 4.0658 0.60754 37301000000.0 2533500000.0 1.0 1.416 2.0 15.77 22.86 621230000.0 1689000000.0 0.37 0.61 1.15 10.4 19.56 9073 uds-12-G141_09073 1.41573
uds 9123 2 1 1 1.2739 1.2159 1.2538 1.2851 1.3007 15.611 14.963 0.64839 137270000000.0 2703900000.0 0.0 1.274 2.0 87.46 19.77 970660000.0 1802600000.0 -0.06 0.74 1.24 9.04 15.13 9123 uds-14-G141_09123 1.27391
uds 9207 2 1 1 2.2236 2.0876 2.1739 2.2639 2.3163 23.744 22.293 1.451 204520000000.0 6050900000.0 0.0 2.224 2.0 48.21 30.46 1101000000.0 4033900000.0 1.41 -99.0 -99.0 -99.0 -99.0 9207 uds-09-G141_09207 2.2236
uds 9367 2 1 1 2.0087 1.6789 1.95 2.0125 2.0802 192.38 190.78 1.6045 1750300000000.0 6690800000.0 0.0 2.009 2.0 568.4 19.89 3703700000.0 4460500000.0 -0.56 -99.0 -99.0 -99.0 -99.0 9367 uds-09-G141_09367 2.00868
uds 10237 2 1 1 1.7663 1.7611 1.7636 1.7681 1.7702 31.946 26.285 5.661 241150000000.0 23607000000.0 0.0 1.766 2.0 98.93 31.42 9841100000.0 15738000000.0 -0.31 -99.0 -99.0 -99.0 -99.0 10237 uds-16-G141_10237 1.76627
uds 11533 2 1 1 1.4218 1.3597 1.3943 1.4657 1.5482 97.922 95.709 2.2128 878060000000.0 9227600000.0 0.0 1.422 2.0 367.7 29.56 6650500000.0 6151700000.0 -1.2 2.23 2.61 26.48 31.81 11533 uds-14-G141_11533 1.42177
uds 11558 2 1 1 2.2123 1.9532 2.0356 2.2103 2.2271 1.9418 -99.0 1.9418 -99.0 8097400000.0 2.0 2.212 2.0 -14.9 27.07 1321900000.0 5398300000.0 1.59 -99.0 -99.0 -99.0 -99.0 11558 uds-12-G141_11558 2.21234
uds 11818 2 1 1 2.9749 2.955 2.968 2.9844 2.9921 1595.9 1591.0 4.859 14597000000000.0 20263000000.0 0.0 2.975 2.0 766.0 22.35 6386300000.0 13508000000.0 0.06 -99.0 -99.0 -99.0 -99.0 11818 uds-09-G141_11818 2.9749
uds 14152 2 1 1 1.4193 1.3914 1.4086 1.4247 1.4412 0.83419 -99.0 0.83419 -99.0 3478700000.0 2.0 1.419 2.0 -9.725 29.21 329560000.0 2319100000.0 2.58 1.86 0.92 16.43 8.34 14152 uds-09-G141_14152 1.41935
uds 14549 1 1 1 3.222 -1.0 -1.0 -1.0 -1.0 273.99 261.92 12.063 2403000000000.0 50304000000.0 0.0 3.222 1.0 70.38 28.98 20840000000.0 33536000000.0 -0.11 -99.0 -99.0 -99.0 -99.0 14549 uds-15-G141_14549 3.13092
uds 14854 2 1 1 1.0421 1.0373 1.0393 1.0439 1.046 48.219 46.983 1.2355 431040000000.0 5152400000.0 0.0 1.042 2.0 629.3 38.09 2274500000.0 3434900000.0 -0.4 21.9 1.7 119.74 9.71 14854 uds-15-G141_14854 1.04214
uds 14996 2 1 1 2.0818 2.0658 2.0747 2.1027 2.1446 14.698 9.4434 5.255 86636000000.0 21914000000.0 1.0 2.082 2.0 25.31 26.11 4469700000.0 14609000000.0 1.12 -99.0 -99.0 -99.0 -99.0 14996 uds-15-G141_14996 2.08176
uds 15270 2 1 1 1.8081 1.6052 1.7088 1.8257 1.8951 266.93 262.55 4.3849 2408700000000.0 18286000000.0 0.0 1.808 2.0 986.4 34.0 12278000000.0 12191000000.0 -1.07 -99.0 -99.0 -99.0 -99.0 15270 uds-09-G141_15270 1.80808
uds 16145 1 1 1 0.644 -1.0 -1.0 -1.0 -1.0 4.6003 2.8666 1.7336 26299000000.0 7229400000.0 0.0 0.644 1.0 117.5 27.48 3061700000.0 4819600000.0 -0.44 -99.0 -99.0 -99.0 -99.0 16145 uds-14-G141_16145 0.78783
uds 16239 1 1 1 1.094 -1.0 -1.0 -1.0 -1.0 1.8019 0.86109 0.94083 7899900000.0 3923400000.0 1.0 1.094 1.0 9.558 18.54 1302200000.0 2615600000.0 0.14 4.97 1.15 24.13 5.63 16239 uds-09-G141_16239 1.08236
uds 16442 2 1 1 2.1931 2.1816 2.1897 2.2131 2.2387 175.84 174.18 1.6622 1598000000000.0 6931500000.0 0.0 2.193 2.0 395.4 27.69 3329100000.0 4621000000.0 -0.4 -99.0 -99.0 -99.0 -99.0 16442 uds-08-G141_16442 2.19312
uds 16709 2 1 1 2.4625 2.4319 2.4444 2.4679 2.4782 11.746 7.9154 3.8308 72619000000.0 15975000000.0 1.0 2.463 2.0 11.65 22.53 1955400000.0 10650000000.0 1.99 -99.0 -99.0 -99.0 -99.0 16709 uds-21-G141_16709 2.46253
uds 17475 1 1 1 0.6433 -1.0 -1.0 -1.0 -1.0 3.0627 1.8666 1.196 17125000000.0 4987600000.0 0.0 0.6433 1.0 76.66 24.31 920470000.0 3325100000.0 0.39 1.34 4.29 0.97 3.11 17475 uds-07-G141_17475 0.64214
uds 17519 2 1 1 2.3855 2.3483 2.3819 2.4174 2.4316 469.3 465.27 4.0337 4268500000000.0 16821000000.0 0.0 2.385 2.0 792.7 33.16 4117800000.0 11214000000.0 0.29 -99.0 -99.0 -99.0 -99.0 17519 uds-08-G141_17519 2.38549
uds 17551 2 1 1 0.7995 0.792 0.7953 0.8019 0.805 2.2637 0.95139 1.3123 8728400000.0 5472500000.0 0.0 0.7995 2.0 25.15 22.93 1495100000.0 3648300000.0 0.44 4.17 3.24 5.48 4.28 17551 uds-21-G141_17551 0.79948
uds 17838 2 1 1 1.5536 1.5208 1.5474 1.5711 1.6205 167.16 166.78 0.38177 1530100000000.0 1592000000.0 0.0 1.554 2.0 570.7 24.29 123660000.0 1061300000.0 2.88 5.28 1.7 154.03 51.87 17838 uds-11-G141_17838 1.55359
uds 17879 1 1 1 1.031 -1.0 -1.0 -1.0 -1.0 6.8029 5.8352 0.96771 53534000000.0 4035500000.0 0.0 1.031 1.0 81.46 31.61 804790000.0 2690300000.0 1.03 15.7 1.54 63.72 6.36 17879 uds-09-G141_17879 1.03501
uds 17898 2 1 1 1.2547 1.2461 1.2502 1.2569 1.2602 15.546 13.656 1.89 125280000000.0 7881600000.0 0.0 1.255 2.0 85.78 44.41 2268100000.0 5254400000.0 0.58 4.6 0.97 26.66 5.72 17898 uds-07-G141_17898 1.25466
uds 18619 1 1 1 0.6494 -1.0 -1.0 -1.0 -1.0 1.2618 -99.0 1.2618 -99.0 5261800000.0 2.0 0.6494 1.0 -0.1943 24.0 1173100000.0 3507800000.0 0.45 12.64 9.47 10.19 7.64 18619 uds-07-G141_18619 0.64543
uds 18760 2 1 1 0.7816 0.7773 0.7792 0.7833 0.7852 2.0348 0.52458 1.5102 4812700000.0 6297700000.0 1.0 0.7816 2.0 14.41 18.15 612220000.0 4198500000.0 2.61 -3.07 1.42 -2.91 1.34 18760 uds-15-G141_18760 0.78158
uds 18803 2 1 1 1.2468 1.2317 1.2396 1.2515 1.3973 68.0 67.711 0.28826 621200000000.0 1202100000.0 0.0 1.247 2.0 438.6 16.0 800480000.0 801390000.0 -1.15 1.71 2.15 18.26 23.26 18803 uds-21-G141_18803 1.24678
uds 19003 1 1 1 0.919 -1.0 -1.0 -1.0 -1.0 13.68 11.119 2.5606 102010000000.0 10678000000.0 0.0 0.919 1.0 232.2 30.91 2564600000.0 7118800000.0 0.33 15.19 2.26 15.29 2.29 19003 uds-08-G141_19003 0.91842
uds 19708 2 1 1 1.6485 1.6344 1.6428 1.6614 1.6754 228.95 212.27 16.682 1947400000000.0 69566000000.0 0.0 1.649 2.0 734.7 21.45 47845000000.0 46377000000.0 -1.11 -99.0 -99.0 -99.0 -99.0 19708 uds-06-G141_19708 1.64852
uds 20694 2 1 1 1.6791 1.5614 1.6159 1.7295 1.8344 124.74 123.71 1.0302 1135000000000.0 4296000000.0 0.0 1.679 2.0 438.3 27.11 2237700000.0 2864000000.0 -0.42 -99.0 -99.0 -99.0 -99.0 20694 uds-11-G141_20694 1.67915
uds 20704 2 1 1 1.9639 1.7112 1.8633 1.9626 1.9743 180.31 179.5 0.81702 1646800000000.0 3407100000.0 0.0 1.964 2.0 571.7 23.58 357250000.0 2271400000.0 2.51 -99.0 -99.0 -99.0 -99.0 20704 uds-15-G141_20704 1.96388
uds 20917 2 1 1 1.467 1.4594 1.4633 1.4697 1.4731 45.594 39.345 6.2498 360960000000.0 26063000000.0 0.0 1.467 2.0 143.5 14.55 12090000000.0 17375000000.0 -0.26 17.86 1.84 117.96 13.17 20917 uds-02-G141_20917 1.46699
uds 20941 2 1 1 1.4073 1.401 1.4039 1.4098 1.4128 32.292 31.21 1.0822 286330000000.0 4512700000.0 0.0 1.407 2.0 122.8 22.51 1987700000.0 3008500000.0 -0.34 6.31 1.38 57.65 13.14 20941 uds-21-G141_20941 1.40729
uds 21031 2 1 1 1.532 1.4719 1.5036 1.5368 1.5454 38.221 36.448 1.7722 334390000000.0 7390400000.0 0.0 1.532 2.0 126.4 29.59 2806200000.0 4926900000.0 0.03 6.67 1.42 85.42 18.84 21031 uds-08-G141_21031 1.53198
uds 21513 2 1 1 1.375 1.372 1.3733 1.376 1.3773 122.02 120.04 1.9806 1101300000000.0 8259300000.0 0.0 1.375 2.0 503.3 20.38 1155100000.0 5506200000.0 1.86 25.4 1.07 138.98 6.24 21513 uds-06-G141_21513 1.37501
uds 21533 2 1 1 0.9213 0.9155 0.9181 0.923 0.9254 30.665 27.69 2.9751 254030000000.0 12407000000.0 0.0 0.9213 2.0 573.9 32.8 4010800000.0 8271100000.0 0.24 16.66 2.49 32.23 4.85 21533 uds-08-G141_21533 0.9213
uds 21665 2 1 1 1.9639 1.7807 1.7975 2.0044 2.0309 84.404 81.695 2.7096 749490000000.0 11299000000.0 0.0 1.964 2.0 260.2 26.78 3440100000.0 7533000000.0 0.51 -99.0 -99.0 -99.0 -99.0 21665 uds-02-G141_21665 1.96388
uds 22227 2 1 1 2.4042 2.2509 2.3061 2.4091 2.4259 383.34 379.01 4.3292 3477200000000.0 18053000000.0 0.0 2.404 2.0 625.2 24.74 4569700000.0 12036000000.0 0.57 -99.0 -99.0 -99.0 -99.0 22227 uds-11-G141_22227 2.40417
uds 22480 2 1 1 1.532 1.5202 1.5263 1.5377 1.5439 3.0564 -99.0 3.0564 -99.0 12746000000.0 2.0 1.532 2.0 -11.4 20.23 1580300000.0 8497100000.0 2.05 2.98 0.97 20.67 6.79 22480 uds-08-G141_22480 1.53198
uds 22685 2 1 1 1.8491 1.8067 1.832 1.9355 1.9983 217.13 213.62 3.5151 1959800000000.0 14658000000.0 0.0 1.849 2.0 784.7 25.54 10531000000.0 9772200000.0 -1.2 -99.0 -99.0 -99.0 -99.0 22685 uds-02-G141_22685 1.84909
uds 22729 2 1 1 2.5787 2.4572 2.5507 2.583 2.5906 606.82 596.3 10.515 5470600000000.0 43850000000.0 0.0 2.579 2.0 668.7 22.13 23104000000.0 29233000000.0 -0.41 -99.0 -99.0 -99.0 -99.0 22729 uds-02-G141_22729 2.5787
uds 22802 2 1 1 1.6685 1.6605 1.6646 1.6748 1.6804 9.8138 4.7128 5.1009 43237000000.0 21272000000.0 1.0 1.668 2.0 16.55 24.79 3360400000.0 14181000000.0 1.65 -99.0 -99.0 -99.0 -99.0 22802 uds-11-G141_22802 1.66846
uds 23044 2 1 1 2.4212 2.1809 2.2638 2.5011 2.546 728.85 727.08 1.7696 6670500000000.0 7379500000.0 0.0 2.421 2.0 1162.0 36.03 1777000000.0 4919600000.0 0.46 -99.0 -99.0 -99.0 -99.0 23044 uds-06-G141_23044 2.42123
uds 23692 2 1 1 2.0313 1.9392 1.9732 2.0768 2.1404 545.67 528.57 17.105 4849300000000.0 71329000000.0 0.0 2.031 2.0 1526.0 72.44 34387000000.0 47553000000.0 -0.41 -99.0 -99.0 -99.0 -99.0 23692 uds-08-G141_23692 2.03133
uds 23701 1 1 1 0.942 -1.0 -1.0 -1.0 -1.0 7.4892 6.2173 1.2719 57039000000.0 5304000000.0 0.0 0.942 1.0 120.4 24.37 426540000.0 3536000000.0 2.66 0.38 1.52 0.82 3.29 23701 uds-08-G141_23701 0.93576
uds 23710 2 1 1 1.3798 1.3155 1.3632 1.4047 1.4271 13.737 8.4297 5.3069 77337000000.0 22130000000.0 1.0 1.38 2.0 34.9 37.73 14048000000.0 14754000000.0 -0.79 3.87 1.59 26.68 11.12 23710 uds-19-G141_23710 1.37976
uds 24953 2 1 1 1.3762 1.3708 1.3732 1.3786 1.3813 36.009 30.439 5.5701 279260000000.0 23228000000.0 0.0 1.376 2.0 127.3 21.62 10634000000.0 15485000000.0 -0.26 11.83 1.19 52.73 5.37 24953 uds-19-G141_24953 1.37619
uds 25206 2 1 1 1.7292 1.6733 1.7032 1.763 1.7879 8.6471 8.1845 0.46261 75087000000.0 1929200000.0 0.0 1.729 2.0 30.17 24.32 147290000.0 1286100000.0 2.71 -99.0 -99.0 -99.0 -99.0 25206 uds-27-G141_25206 1.72918
uds 25282 2 1 1 2.0072 1.9991 2.0034 2.0113 2.0796 6.5766 4.7392 1.8373 43479000000.0 7662000000.0 1.0 2.007 2.0 14.16 21.31 1269200000.0 5108000000.0 1.43 -99.0 -99.0 -99.0 -99.0 25282 uds-21-G141_25282 2.00717
uds 25394 2 1 1 1.4206 1.3164 1.3636 1.4317 1.5884 161.25 158.52 2.7259 1454400000000.0 11367000000.0 0.0 1.421 2.0 610.0 24.56 9119700000.0 7578200000.0 -1.38 7.58 2.69 80.98 30.3 25394 uds-20-G141_25394 1.42056
uds 25630 2 1 1 1.7456 1.7419 1.7434 1.7466 1.7481 396.29 378.82 17.469 3475400000000.0 72848000000.0 0.0 1.746 2.0 1412.0 23.86 37274000000.0 48565000000.0 -0.41 -99.0 -99.0 -99.0 -99.0 25630 uds-06-G141_25630 1.7456
uds 26012 2 1 1 2.3451 2.3196 2.3331 2.3477 2.3542 109.02 101.49 7.5328 931110000000.0 31413000000.0 0.0 2.345 2.0 184.1 23.31 15166000000.0 20942000000.0 -0.42 -99.0 -99.0 -99.0 -99.0 26012 uds-27-G141_26012 2.34511
uds 26552 2 1 1 1.0813 1.0732 1.0768 1.0847 1.0889 1.4799 -99.0 1.4799 -99.0 6171600000.0 2.0 1.081 2.0 -33.67 26.86 619750000.0 4114400000.0 2.47 -0.11 1.48 -0.29 3.7 26552 uds-27-G141_26552 1.08132
uds 26875 2 1 1 1.3679 1.3649 1.3662 1.369 1.3708 241.47 236.92 4.5548 2173600000000.0 18994000000.0 0.0 1.368 2.0 1011.0 24.76 5710100000.0 12663000000.0 0.42 29.73 0.88 158.02 5.13 26875 uds-17-G141_26875 1.36789
uds 27672 2 1 1 1.9594 1.8997 1.9375 2.0613 2.1179 16.486 14.58 1.9056 133760000000.0 7946700000.0 0.0 1.959 2.0 46.76 29.04 1317500000.0 5297800000.0 1.62 -99.0 -99.0 -99.0 -99.0 27672 uds-13-G141_27672 1.95944
uds 28087 2 1 1 2.1127 2.064 2.086 2.1375 2.1542 233.65 224.49 9.1599 2059600000000.0 38198000000.0 0.0 2.113 2.0 574.6 40.67 12675000000.0 25465000000.0 0.24 -99.0 -99.0 -99.0 -99.0 28087 uds-13-G141_28087 2.11273
uds 28156 2 1 1 1.9952 1.8348 1.9094 2.0205 2.3456 293.0 292.01 0.98825 2679000000000.0 4121100000.0 0.0 1.995 2.0 887.5 21.91 1129100000.0 2747400000.0 0.26 -99.0 -99.0 -99.0 -99.0 28156 uds-01-G141_28156 1.99517
uds 28465 2 1 1 0.5762 0.5358 0.5557 0.6156 0.647 0.99461 0.68681 0.3078 6301000000.0 1283600000.0 0.0 0.5762 2.0 35.12 29.56 39664000.0 855710000.0 4.86 -99.0 -99.0 -99.0 -99.0 28465 uds-20-G141_28465 0.57617
uds 28473 2 1 1 2.4504 2.2782 2.4081 2.4816 2.6354 205.29 202.93 2.3671 1861700000000.0 9871200000.0 0.0 2.45 2.0 306.6 24.77 5381300000.0 6580800000.0 -0.48 -99.0 -99.0 -99.0 -99.0 28473 uds-24-G141_28473 2.45043
uds 28773 2 1 1 1.4121 1.3932 1.4019 1.4172 1.4245 170.66 159.65 11.008 1464700000000.0 45907000000.0 0.0 1.412 2.0 623.2 38.25 20994000000.0 30605000000.0 -0.31 23.33 2.48 69.93 7.78 28773 uds-01-G141_28773 1.41211
uds 29179 2 1 1 2.0057 1.9864 1.9933 2.009 2.025 139.25 135.49 3.761 1243000000000.0 15684000000.0 0.0 2.006 2.0 405.4 25.94 6178900000.0 10456000000.0 0.0 -99.0 -99.0 -99.0 -99.0 29179 uds-18-G141_29179 2.00567
uds 29461 2 1 1 1.6353 1.5695 1.6219 1.7795 1.909 180.82 179.57 1.255 1647400000000.0 5233400000.0 0.0 1.635 2.0 615.2 32.8 2640600000.0 3488900000.0 -0.41 -99.0 -99.0 -99.0 -99.0 29461 uds-04-G141_29461 1.63531
uds 30057 1 1 1 0.989 -1.0 -1.0 -1.0 -1.0 6.9473 5.9954 0.9519 55003000000.0 3969600000.0 0.0 0.989 1.0 97.96 18.59 929260000.0 2646400000.0 0.42 47.98 2.42 171.47 9.37 30057 uds-24-G141_30057 0.7665
uds 30192 2 1 1 1.0917 1.0824 1.0844 1.0921 1.0953 106.33 105.31 1.0253 966140000000.0 4275600000.0 0.0 1.092 2.0 1177.0 22.03 336220000.0 2850400000.0 2.93 26.45 2.45 78.39 7.38 30192 uds-13-G141_30192 1.09175
uds 30196 2 1 1 2.3636 2.3267 2.3534 2.4502 2.5046 49.953 42.048 7.905 385760000000.0 32965000000.0 0.0 2.364 2.0 74.15 26.53 28491000000.0 21977000000.0 -1.52 -99.0 -99.0 -99.0 -99.0 30196 uds-19-G141_30196 2.36356
uds 30402 2 1 1 1.4254 1.4222 1.4238 1.4275 1.4318 99.398 95.838 3.5598 879250000000.0 14845000000.0 0.0 1.425 2.0 366.7 28.9 11162000000.0 9896600000.0 -1.35 37.01 2.33 343.82 28.75 30402 uds-13-G141_30402 1.42541
uds 30737 2 1 1 1.613 1.5987 1.6046 1.6154 1.6213 14.489 6.5236 7.9651 59850000000.0 33216000000.0 0.0 1.613 2.0 22.12 17.7 10888000000.0 22144000000.0 0.28 -99.0 -99.0 -99.0 -99.0 30737 uds-18-G141_30737 1.613
uds 30916 2 1 1 2.1598 2.1336 2.148 2.1664 2.1751 4.4422 -99.0 4.4422 -99.0 18525000000.0 2.0 2.16 2.0 -31.77 18.59 2622900000.0 12350000000.0 1.78 -99.0 -99.0 -99.0 -99.0 30916 uds-24-G141_30916 2.15977
uds 31084 2 1 1 1.098 1.0256 1.0825 1.1439 1.1585 25.947 25.021 0.92536 229550000000.0 3858900000.0 0.0 1.098 2.0 274.0 25.73 1968400000.0 2572600000.0 -0.4 1.3 2.0 11.32 17.5 31084 uds-04-G141_31084 1.09803
uds 31189 2 1 1 2.2937 2.2498 2.2884 2.3128 2.3211 290.28 288.1 2.1859 2643100000000.0 9115600000.0 0.0 2.294 2.0 561.4 17.13 2709600000.0 6077000000.0 0.43 -99.0 -99.0 -99.0 -99.0 31189 uds-24-G141_31189 2.29366
uds 31615 2 1 1 1.8619 1.8387 1.8577 1.8849 1.913 250.0 248.29 1.7044 2277900000000.0 7107600000.0 0.0 1.862 2.0 900.7 76.15 3080700000.0 4738400000.0 -0.27 -99.0 -99.0 -99.0 -99.0 31615 uds-19-G141_31615 1.86194
uds 31684 2 1 1 1.4756 1.4572 1.4636 1.4774 1.4805 12.675 6.4617 6.2128 59282000000.0 25908000000.0 0.0 1.476 2.0 23.39 20.01 25502000000.0 17272000000.0 -1.86 11.65 2.39 50.74 10.74 31684 uds-18-G141_31684 1.47564
uds 32077 2 1 1 1.0208 1.0066 1.0148 1.0272 1.0346 2.1662 0.49753 1.6686 4564500000.0 6958400000.0 1.0 1.021 2.0 7.205 23.76 5226500000.0 4638900000.0 -1.26 2.57 1.64 10.76 6.87 32077 uds-19-G141_32077 1.02081
uds 32147 2 1 1 2.4956 2.2578 2.276 2.4989 2.5227 98.537 91.269 7.2681 837330000000.0 30309000000.0 0.0 2.496 2.0 125.1 24.0 16621000000.0 20206000000.0 -0.47 -99.0 -99.0 -99.0 -99.0 32147 uds-24-G141_32147 2.49558
uds 32256 2 1 1 1.0917 1.0828 1.0861 1.0925 1.0952 48.914 45.962 2.9517 421670000000.0 12309000000.0 0.0 1.092 2.0 513.7 18.95 7932900000.0 8205900000.0 -0.81 17.6 2.2 67.87 8.65 32256 uds-20-G141_32256 1.09175
uds 32351 2 1 1 2.1788 2.1728 2.1757 2.1826 2.1857 154.5 148.79 5.7064 1365000000000.0 23797000000.0 0.0 2.179 2.0 345.1 18.87 13425000000.0 15864000000.0 -0.56 -99.0 -99.0 -99.0 -99.0 32351 uds-19-G141_32351 2.17879
uds 32468 2 1 1 1.2991 1.1817 1.2326 1.3183 1.366 1.2692 0.89046 0.37873 8169300000.0 1579300000.0 1.0 1.299 2.0 4.731 16.07 515330000.0 1052900000.0 0.02 5.08 3.11 79.22 49.23 32468 uds-18-G141_32468 1.29906
uds 32707 2 1 1 1.6432 1.6325 1.6373 1.6458 1.6495 3.5581 -99.0 3.5581 -99.0 14838000000.0 2.0 1.643 2.0 -0.1862 11.96 2026600000.0 9892000000.0 1.87 -99.0 -99.0 -99.0 -99.0 32707 uds-18-G141_32707 1.64323
uds 32777 2 1 1 1.0991 1.0912 1.0961 1.0999 1.1035 7.9345 6.0614 1.8731 55609000000.0 7811300000.0 0.0 1.099 2.0 66.16 25.12 1082100000.0 5207500000.0 1.83 8.36 1.58 26.96 5.1 32777 uds-26-G141_32777 1.09908
uds 32979 2 1 1 1.032 1.0293 1.0304 1.0326 1.0337 113.67 108.35 5.3137 994080000000.0 22159000000.0 0.0 1.032 2.0 1507.0 77.27 9083900000.0 14772000000.0 -0.14 86.17 1.9 209.93 4.84 32979 uds-19-G141_32979 1.03196
uds 32986 2 1 1 1.0844 1.0766 1.0803 1.0889 1.093 56.561 54.974 1.5872 504350000000.0 6619000000.0 0.0 1.084 2.0 631.6 31.5 4628700000.0 4412700000.0 -1.18 20.51 2.27 110.5 12.53 32986 uds-20-G141_32986 1.08444
uds 33422 2 1 1 1.8123 1.7969 1.8054 1.8297 1.8475 2.0278 0.098475 1.9294 903440000.0 8045700000.0 1.0 1.812 2.0 0.3696 24.25 993540000.0 5363800000.0 2.0 -99.0 -99.0 -99.0 -99.0 33422 uds-24-G141_33422 1.81229
uds 33527 2 1 1 1.6366 1.6285 1.632 1.6403 1.6447 9.3239 6.8871 2.4368 63185000000.0 10162000000.0 0.0 1.637 2.0 23.63 17.06 4776700000.0 6774500000.0 -0.41 -99.0 -99.0 -99.0 -99.0 33527 uds-18-G141_33527 1.63663
uds 33802 2 1 1 1.9066 1.6981 1.8242 2.0366 2.2153 158.75 156.87 1.8745 1439200000000.0 7817000000.0 0.0 1.907 2.0 541.0 38.31 3485900000.0 5211300000.0 -0.17 -99.0 -99.0 -99.0 -99.0 33802 uds-20-G141_33802 1.90665
uds 33832 2 1 1 2.5166 2.4916 2.5069 2.5302 2.5719 19.638 13.989 5.6488 128340000000.0 23557000000.0 1.0 2.517 2.0 18.28 20.65 7632400000.0 15704000000.0 0.21 -99.0 -99.0 -99.0 -99.0 33832 uds-05-G141_33832 2.51662
uds 34150 2 1 1 2.3151 2.2886 2.2989 2.3273 2.3447 4.0732 -99.0 4.0732 -99.0 16986000000.0 2.0 2.315 2.0 -29.86 20.07 2838900000.0 11324000000.0 1.59 -99.0 -99.0 -99.0 -99.0 34150 uds-24-G141_34150 2.31514
uds 34353 2 1 1 1.0907 1.0732 1.0831 1.094 1.0987 2.4221 1.1984 1.2237 10994000000.0 5103200000.0 1.0 1.091 2.0 13.44 21.4 1390800000.0 3402100000.0 0.16 2.46 1.35 9.23 5.07 34353 uds-05-G141_34353 1.0907
uds 34516 2 1 1 0.9003 0.894 0.8992 0.919 0.9295 22.136 16.989 5.1469 155860000000.0 21463000000.0 0.0 0.9003 2.0 374.8 19.09 17130000000.0 14309000000.0 -1.4 16.65 3.52 36.47 7.85 34516 uds-13-G141_34516 0.90028
uds 34817 2 1 1 1.9403 1.7923 1.8903 1.9951 2.0599 147.31 145.64 1.6688 1336100000000.0 6959000000.0 0.0 1.94 2.0 479.5 25.16 2402000000.0 4639300000.0 0.26 -99.0 -99.0 -99.0 -99.0 34817 uds-23-G141_34817 1.94027
uds 35071 2 1 1 1.4535 1.4503 1.4515 1.4543 1.4556 218.08 211.42 6.6629 1939600000000.0 27785000000.0 0.0 1.453 2.0 783.4 11.64 11256000000.0 18524000000.0 -0.1 63.35 1.38 283.34 7.59 35071 uds-26-G141_35071 1.45346
uds 35356 2 1 1 1.4571 1.4456 1.4518 1.4626 1.468 4.4567 0.5674 3.8893 5205500000.0 16219000000.0 1.0 1.457 2.0 2.093 21.59 2716600000.0 10813000000.0 1.52 -0.43 0.96 -2.02 4.55 35356 uds-04-G141_35356 1.45714
uds 35616 2 1 1 1.6182 1.6091 1.6139 1.6258 1.6374 159.08 148.77 10.314 1364800000000.0 43010000000.0 0.0 1.618 2.0 505.6 163.2 16496000000.0 28674000000.0 -0.07 -99.0 -99.0 -99.0 -99.0 35616 uds-04-G141_35616 1.61823
uds 35829 2 1 1 1.6791 1.5013 1.5516 1.702 1.7244 111.11 108.78 2.3356 997970000000.0 9739800000.0 0.0 1.679 2.0 385.4 20.56 3210400000.0 6493200000.0 0.18 -99.0 -99.0 -99.0 -99.0 35829 uds-01-G141_35829 1.67915
uds 36010 2 1 1 1.6104 1.5871 1.5973 1.6457 1.7597 2.1754 -99.0 2.1754 -99.0 9071600000.0 2.0 1.61 2.0 -35.29 13.24 1626900000.0 6047800000.0 1.47 -99.0 -99.0 -99.0 -99.0 36010 uds-18-G141_36010 1.61039
uds 36013 2 1 1 1.0834 1.0739 1.0784 1.0866 1.0907 14.704 13.254 1.4504 121590000000.0 6048400000.0 0.0 1.083 2.0 152.8 23.94 548580000.0 4032300000.0 2.54 0.39 1.48 1.02 3.88 36013 uds-24-G141_36013 1.0834
uds 36247 2 1 1 1.9668 1.6753 1.7292 1.9827 2.0586 85.206 83.445 1.7611 765550000000.0 7344200000.0 0.0 1.967 2.0 264.6 22.22 3450300000.0 4896200000.0 -0.32 -99.0 -99.0 -99.0 -99.0 36247 uds-26-G141_36247 1.96685
uds 36437 2 1 1 2.0833 2.0709 2.0751 2.0847 2.0876 116.25 115.49 0.75857 1059600000000.0 3163400000.0 0.0 2.083 2.0 309.1 21.96 853990000.0 2108900000.0 0.29 -99.0 -99.0 -99.0 -99.0 36437 uds-01-G141_36437 2.0833
uds 37459 2 1 1 1.4486 1.4443 1.4461 1.4496 1.4512 229.66 226.99 2.678 2082400000000.0 11168000000.0 0.0 1.449 2.0 844.9 20.49 4496800000.0 7445000000.0 -0.06 22.77 1.25 199.79 12.78 37459 uds-26-G141_37459 1.44856
uds 38246 1 1 1 1.8235 -1.0 -1.0 -1.0 -1.0 268.27 255.7 12.568 2345900000000.0 52410000000.0 0.0 1.823 1.0 955.8 25.2 26501000000.0 34940000000.0 -0.41 -99.0 -99.0 -99.0 -99.0 38246 uds-25-G141_38246 1.82922
uds 38288 2 1 1 1.6261 1.5346 1.5935 1.6562 1.8163 68.992 67.542 1.4495 619650000000.0 6044400000.0 0.0 1.626 2.0 230.4 34.93 5514100000.0 4029600000.0 -1.61 -99.0 -99.0 -99.0 -99.0 38288 uds-25-G141_38288 1.6261
uds 39319 2 1 1 1.5396 1.3216 1.4864 1.5667 1.5946 7.4066 6.4725 0.93408 59381000000.0 3895200000.0 0.0 1.54 2.0 22.33 17.83 142220000.0 2596800000.0 4.23 1.87 1.4 18.78 14.22 39319 uds-05-G141_39319 1.53958
uds 39349 2 1 1 1.5728 1.5421 1.5599 1.5823 1.5979 70.488 69.157 1.3316 634460000000.0 5552900000.0 0.0 1.573 2.0 234.9 18.61 422460000.0 3702000000.0 2.85 -99.0 -99.0 -99.0 -99.0 39349 uds-05-G141_39349 1.57281
uds 40420 2 1 1 1.6565 1.6444 1.6489 1.6617 1.668 3.9095 -99.0 3.9095 -99.0 16303000000.0 2.0 1.656 2.0 -15.08 22.45 2668800000.0 10869000000.0 1.52 -99.0 -99.0 -99.0 -99.0 40420 uds-26-G141_40420 1.65647
uds 40472 2 1 1 1.6685 1.6538 1.6615 1.6768 1.6872 19.022 17.225 1.7965 158030000000.0 7491800000.0 0.0 1.668 2.0 60.49 19.32 1560800000.0 4994500000.0 1.04 -99.0 -99.0 -99.0 -99.0 40472 uds-26-G141_40472 1.66846
