Title: One Plane for All: Massive Star-Forming and Quiescent Galaxies Lie 
       on the Same Mass Fundamental Plane at z ~ 0 and z ~ 0.7 
Authors: Bezanson R., Franx M., van Dokkum P.G. 
Table: DEIMOS z ~ 0.7 Sample - Galaxy Properties
================================================================================
Byte-by-byte Description of file: apj506158t1_mrt.txt
--------------------------------------------------------------------------------
   Bytes Format Units     Label    Explanations
--------------------------------------------------------------------------------
   1-  6 A6     ---       ID       Identifier
   8- 14 F7.3   deg       RAdeg    Right Ascension in decmial degrees (J2000) 
  16- 21 F6.3   deg       DEdeg    Declination in decmial degrees (J2000) 
  23- 27 F5.3   ---       z        Redshift 
  29- 32 F4.1   kpc       Re       Circularized effective radius
  34- 36 F3.1   ---       n        Sersic index
  38- 47 A10    ---       Filter   Filter used in the observation
  49- 53 F5.2   [solMass] logM     Log stellar mass 
  55- 57 I3     km/s      sigmaA   Velocity dispersion measured in the aperture
  59- 60 I2     km/s    e_sigmaA   Uncertainty in sigmaA 
  62- 64 I3     km/s      sigmaRe  Aperture corrected velocity dispersion 
  66- 67 I2     km/s    e_sigmaRe  Uncertainty in sigmaRe 
  69- 73 I5     s         Exp      Exposure time 
--------------------------------------------------------------------------------
C1971  150.104  2.198 0.682  4.4 4.7 WFC3-F160W 10.96 214  8 211  8 49200 
C2335  150.097  2.205 0.424  0.8 2.7 WFC3-F160W 10.13 131  5 143  6 49200 
C3382  150.084  2.222 0.560  5.9 1.5 WFC3-F160W 10.62 158  7 152  7 49200 
C3420  150.119  2.223 0.839  2.1 3.3 WFC3-F160W 10.83 245 15 255 16 49200 
C3751  150.121  2.227 0.733  3.6 2.9 WFC3-F160W 11.07 171  7 172  7 49200 
C3769  150.121  2.230 0.732  2.0 0.8 WFC3-F160W 10.10 153 14 159 15 49200 
C4987  150.116  2.250 0.747  1.4 4.2 WFC3-F160W 10.47 236 13 252 14 49200 
C5585  150.104  2.261 0.642  1.9 1.7 WFC3-F160W 10.15 133  9 138  9 49200 
C6205  150.086  2.272 0.728  1.5 4.7 WFC3-F160W 10.65 225  6 238  7 49200 
C6574  150.083  2.278 0.835  1.6 1.8 WFC3-F160W 10.49 241 34 255 36 49200 
C6805  150.135  2.283 0.668  1.4 2.4 WFC3-F160W  9.92 108  8 115  8 49200 
C6880  150.098  2.281 0.750  6.5 4.0 WFC3-F160W 11.33 214  6 206  5 49200 
C7505  150.099  2.290 0.361  1.7 3.9 WFC3-F160W 10.79 181  3 186  3 49200 
C7884  150.089  2.300 0.533  2.3 5.1 WFC3-F160W 10.36 155  7 158  8 49200 
C8225  150.088  2.304 0.533  1.6 4.9 WFC3-F160W 10.53 243  6 255  6 49200 
C8454  150.098  2.308 0.687  2.9 1.2 WFC3-F160W 10.34 158 11 160 11 49200 
C8520  150.138  2.310 0.461  1.9 1.3 WFC3-F160W 10.36 157  4 161  4 49200 
C9125  150.126  2.320 0.677  1.5 4.0 WFC3-F160W 10.23 181  7 191  7 49200 
C9620  150.120  2.328 0.884  1.5 6.0 ACS-F814W  10.44 185 11 196 12 49200 
C10105 150.094  2.334 0.668  2.8 5.2 WFC3-F160W 10.79 177  5 180  5 49200 
C10458 150.128  2.341 1.030  1.3 4.5 WFC3-F160W 10.50 158 15 171 16 49200 
C11537 150.096  2.357 0.530  1.0 2.4 WFC3-F160W 10.19 202  6 217  7 49200 
C11601 150.132  2.359 0.698  1.4 3.2 WFC3-F160W 10.28 150  8 160  9 49200 
C12669 150.140  2.376 0.902  1.2 3.6 WFC3-F160W 10.54 201 12 217 12 49200 
C13266 150.090  2.384 0.531  3.4 3.5 WFC3-F160W 10.93 251  5 249  4 49200 
C13569 150.119  2.391 0.891  5.5 3.0 WFC3-F160W 11.08 212 10 207 10 49200 
C14061 150.080  2.403 0.442  1.0 3.2 WFC3-F160W 10.51 197  5 211  5 49200 
C14090 150.114  2.404 0.726  1.7 2.3 WFC3-F160W 10.34 179 20 188 21 49200 
C14530 150.091  2.413 0.727  3.0 3.2 WFC3-F160W 10.17  86 10  88 10 49200 
C14670 150.124  2.416 0.842  1.4 2.0 WFC3-F160W 10.75 166 17 178 18 49200 
C15461 150.098  2.431 0.892  2.1 4.7 WFC3-F160W 10.52 165 14 172 15 49200 
C15568 150.128  2.433 0.672  1.4 6.0 ACS-F814W  10.06 187  9 199 10 49200 
C15873 150.106  2.439 0.750  1.4 1.8 WFC3-F160W 10.56 199  9 212 10 49200 
C16312 150.142  2.446 0.898  3.9 5.2 WFC3-F160W 10.93 210  9 210  9 49200 
C16584 150.151  2.451 0.895  3.1 3.8 WFC3-F160W 10.86 237 22 241 22 49200 
C1750  150.095  2.194 0.426  3.0 3.2 WFC3-F160W 10.97 212  4 211  4 49200 
C10997 149.932  2.346 0.691  7.9 6.0 ACS-F814W  11.30 151  5 144  5 20400 
C11937 149.925  2.361 0.732  3.1 4.4 ACS-F814W  11.16 217  9 219  9 20400 
C13377 149.895  2.386 0.723  2.1 5.4 ACS-F814W  11.08 266  8 276  8 20400 
C13869 149.903  2.398 0.758  6.4 5.3 ACS-F814W  10.94 234 19 226 19 20400 
C14419 149.902  2.411 0.676  2.9 5.7 ACS-F814W  10.67 145  7 147  7 20400 
C14674 149.907  2.414 0.667  3.4 5.6 ACS-F814W  10.95 252  6 252  6 20400 
C15009 149.902  2.423 0.756  2.1 1.5 ACS-F814W  10.38 207 20 215 21 20400 
C15201 149.910  2.427 0.569  1.3 2.7 ACS-F814W  10.32 194  9 206 10 20400 
C15379 149.916  2.430 0.891  3.7 5.5 ACS-F814W  10.98 207 12 207 12 20400 
C16015 149.903  2.439 0.414  5.2 6.0 ACS-F814W  11.06 218  5 209  5 20400 
C16153 149.964  2.444 0.886  3.3 4.3 ACS-F814W  11.04 225  9 227 10 20400 
C16439 149.963  2.447 0.894  9.6 6.0 ACS-F814W  11.56 255 11 240 10 20400 
C16582 149.915  2.451 0.443  3.6 2.9 ACS-F814W  10.75 156  5 154  5 20400 
C16794 149.931  2.455 0.547  2.3 0.9 ACS-F814W  10.30 196 19 201 19 20400 
C16900 149.965  2.459 0.890  1.6 6.0 ACS-F814W  10.51 180 17 191 18 20400 
C17241 149.917  2.462 0.734  6.3 6.0 ACS-F814W  11.01 177  8 171  8 20400 
C18111 149.950  2.479 0.730  1.6 3.7 ACS-F814W  10.59 252 16 266 17 20400 
C18449 149.951  2.483 0.738  5.6 4.0 ACS-F814W  11.44 284  8 276  7 20400 
C18834 149.947  2.492 0.736  1.7 6.0 ACS-F814W  10.51 178  9 187 10 20400 
C19894 149.920  2.509 0.738  3.5 6.0 ACS-F814W  10.93 223  8 223  8 20400 
C21861 149.929  2.542 0.697  3.2 6.0 ACS-F814W  11.08 197  7 198  7 20400 
C22777 149.959  2.558 0.729  4.5 1.3 ACS-F814W  11.02 176 17 174 17 20400 
C23241 149.934  2.565 0.412  2.4 2.5 ACS-F814W  10.21 113  5 114  5 20400 
C23448 149.962  2.568 0.737 15.6 6.0 ACS-F814W  11.21 149 10 136  9 20400 
C24747 149.957  2.592 0.886  1.6 2.9 ACS-F814W  10.80 196 16 208 17 20400 
C25085 149.964  2.595 0.695  3.8 6.0 ACS-F814W  10.89 242 10 241 10 20400 
C25511 149.959  2.606 0.695  2.3 4.8 ACS-F814W  10.55 163 16 167 16 20400 
C17589 149.917  2.470 0.755  1.5 2.8 ACS-F814W  10.51 191 12 203 13 20400 
C11435 149.941  2.355 0.909  2.5 4.4 ACS-F814W  10.92 172 11 177 12 20400 
C13250 149.914  2.382 0.891 10.4 5.3 ACS-F814W  11.49 266 18 250 16 20400 
C13906 149.903  2.394 0.742  2.3 6.0 ACS-F814W  10.80 209  7 215  7 20400 
C19201 149.933  2.498 0.730  4.6 6.0 ACS-F814W  11.07 182  6 179  6 20400 
C19452 149.966  2.501 0.532  4.1 1.9 ACS-F814W  10.91 195  8 192  8 20400 
C19941 149.910  2.505 0.731  6.5 4.7 ACS-F814W  11.24 225  7 217  6 20400 
C20186 149.918  2.515 0.719  2.6 6.0 ACS-F814W  10.45 153 21 157 21 20400 
C20343 149.913  2.512 0.725  7.3 4.5 ACS-F814W  11.44 262  5 250  5 20400 
C20567 149.929  2.519 0.731  5.4 6.0 ACS-F814W  10.90 174  9 169  8 20400 
C20636 149.953  2.522 0.671  2.3 3.0 ACS-F814W  10.44 166  9 170 10 20400 
C21084 149.934  2.528 0.469  3.6 0.7 ACS-F814W  10.33 142  9 140  9 20400 
C21355 149.926  2.532 0.727  2.8 2.6 ACS-F814W  11.17 218  6 222  6 20400 
C21526 149.928  2.535 0.669  2.2 1.3 ACS-F814W  10.74 282  8 291  9 20400 
C21722 149.924  2.538 0.550  4.4 6.0 ACS-F814W  10.76 190  6 186  6 20400 
C22359 149.934  2.550 0.439  7.3 6.0 ACS-F814W  10.89 178  5 167  4 20400 
U34617  34.387 -5.225 0.645  3.6 2.5 WFC3-F160W 10.83 171  7 171  7 27600 
U34621  34.397 -5.225 0.648  2.7 3.6 WFC3-F160W 10.84 233  6 237  6 27600 
U35595  34.412 -5.218 0.646  2.2 3.9 WFC3-F160W 10.70 237  8 244  9 27600 
U35614  34.371 -5.217 0.648  3.2 2.8 WFC3-F160W 10.83 236  7 237  7 27600 
U35812  34.378 -5.214 0.640  1.1 3.8 WFC3-F160W 10.20 166  9 179 10 27600 
U36418  34.312 -5.208 0.803  1.6 3.1 WFC3-F160W 10.19  85 12  90 13 27600 
U37266  34.368 -5.201 0.923  1.9 3.8 WFC3-F160W 10.45 133 15 139 16 27600 
U37305  34.258 -5.201 0.644  1.9 1.5 WFC3-F160W 10.10 138 14 144 15 27600 
U37448  34.390 -5.201 0.694  2.9 5.6 WFC3-F160W 10.88 214  6 217  6 27600 
U39101  34.337 -5.186 0.650  0.6 3.4 WFC3-F160W 10.36 197 11 221 12 27600 
U39256  34.401 -5.184 0.496  1.1 4.1 WFC3-F160W 10.13 185 10 198 11 27600 
U39720  34.312 -5.180 0.669  2.9 2.9 WFC3-F160W 10.41 137 18 138 18 27600 
U39741  34.233 -5.179 0.820  0.6 1.9 WFC3-F160W 10.07 152 18 172 20 27600 
U40351  34.245 -5.175 0.627  2.0 5.2 WFC3-F160W 10.37 139  5 144  5 27600 
U40381  34.274 -5.175 0.912  1.0 5.2 WFC3-F160W 10.31 197 16 215 18 27600 
U40429  34.329 -5.175 0.430  1.7 2.6 WFC3-F160W 10.56 179  4 184  4 27600 
U40638  34.344 -5.174 0.669  3.9 3.6 WFC3-F160W 10.85 130  7 129  7 27600 
U40998  34.222 -5.170 0.646  2.3 1.7 WFC3-F160W 10.25  92  7  95  7 27600 
U41037  34.395 -5.170 0.432  1.6 4.2 WFC3-F160W 10.39 171  9 177 10 27600 
U41224  34.256 -5.168 0.429  1.0 4.6 WFC3-F160W 10.00 125  9 133 10 27600 
U41225  34.239 -5.168 0.821  3.3 2.2 WFC3-F160W 10.89 238 18 240 18 27600 
U42103  34.264 -5.161 0.505  3.6 1.6 WFC3-F160W 10.35 155  8 153  8 27600 
U43566  34.374 -5.148 0.496  3.0 4.1 WFC3-F160W 10.61 193  6 193  6 27600 
U43091  34.296 -5.151 0.629  1.9 4.6 WFC3-F160W 10.61 205  6 213  7 27600 
