# mass logzsol logtau tage delt_trunc sf_tanslope dust1 dust2 dust_index duste_gamma duste_umin duste_qpah 
10000000000.0 -0.838431057335 0.0 1.1 0.5 0.0 1.0 1.0 -0.7 0.01 1.0 3.0 
10000000000.0 -0.626466115187 0.0 1.1 0.5 0.0 1.0 1.0 -0.7 0.01 1.0 3.0 
10000000000.0 -0.784383529349 0.0 1.1 0.5 0.0 1.0 1.0 -0.7 0.01 1.0 3.0 
10000000000.0 -0.172101783868 0.0 1.1 0.5 0.0 1.0 1.0 -0.7 0.01 1.0 3.0 
10000000000.0 -1.58077234909 0.0 1.1 0.5 0.0 1.0 1.0 -0.7 0.01 1.0 3.0 
10000000000.0 -0.5247890475 0.0 1.1 0.5 0.0 1.0 1.0 -0.7 0.01 1.0 3.0 
10000000000.0 -0.955403389443 0.0 1.1 0.5 0.0 1.0 1.0 -0.7 0.01 1.0 3.0 
10000000000.0 -1.28054784501 0.0 1.1 0.5 0.0 1.0 1.0 -0.7 0.01 1.0 3.0 
10000000000.0 -1.50150604545 0.0 1.1 0.5 0.0 1.0 1.0 -0.7 0.01 1.0 3.0 
10000000000.0 -1.75795233826 0.0 1.1 0.5 0.0 1.0 1.0 -0.7 0.01 1.0 3.0 
10000000000.0 -0.538311183255 0.0 1.1 0.5 0.0 1.0 1.0 -0.7 0.01 1.0 3.0 
10000000000.0 -1.41476524054 0.0 1.1 0.5 0.0 1.0 1.0 -0.7 0.01 1.0 3.0 
10000000000.0 -1.57332725412 0.0 1.1 0.5 0.0 1.0 1.0 -0.7 0.01 1.0 3.0 
10000000000.0 -1.62587544952 0.0 1.1 0.5 0.0 1.0 1.0 -0.7 0.01 1.0 3.0 
10000000000.0 -0.678616334976 0.0 1.1 0.5 0.0 1.0 1.0 -0.7 0.01 1.0 3.0 
10000000000.0 -1.56620888993 0.0 1.1 0.5 0.0 1.0 1.0 -0.7 0.01 1.0 3.0 
10000000000.0 -1.36621582578 0.0 1.1 0.5 0.0 1.0 1.0 -0.7 0.01 1.0 3.0 
10000000000.0 -1.47325710877 0.0 1.1 0.5 0.0 1.0 1.0 -0.7 0.01 1.0 3.0 
10000000000.0 -1.84380401358 0.0 1.1 0.5 0.0 1.0 1.0 -0.7 0.01 1.0 3.0 
10000000000.0 -0.298016300136 0.0 1.1 0.5 0.0 1.0 1.0 -0.7 0.01 1.0 3.0 
10000000000.0 -1.76167014438 0.0 1.1 0.5 0.0 1.0 1.0 -0.7 0.01 1.0 3.0 
10000000000.0 -1.96499587711 0.0 1.1 0.5 0.0 1.0 1.0 -0.7 0.01 1.0 3.0 
10000000000.0 -1.62902411307 0.0 1.1 0.5 0.0 1.0 1.0 -0.7 0.01 1.0 3.0 
10000000000.0 0.0856665371617 0.0 1.1 0.5 0.0 1.0 1.0 -0.7 0.01 1.0 3.0 
10000000000.0 -1.18321487172 0.0 1.1 0.5 0.0 1.0 1.0 -0.7 0.01 1.0 3.0 
10000000000.0 -0.614676005436 0.0 1.1 0.5 0.0 1.0 1.0 -0.7 0.01 1.0 3.0 
10000000000.0 -1.50109744175 0.0 1.1 0.5 0.0 1.0 1.0 -0.7 0.01 1.0 3.0 
10000000000.0 -0.13080599729 0.0 1.1 0.5 0.0 1.0 1.0 -0.7 0.01 1.0 3.0 
10000000000.0 -1.55934870786 0.0 1.1 0.5 0.0 1.0 1.0 -0.7 0.01 1.0 3.0 
10000000000.0 -1.35933285685 0.0 1.1 0.5 0.0 1.0 1.0 -0.7 0.01 1.0 3.0 
10000000000.0 0.0363419720259 0.0 1.1 0.5 0.0 1.0 1.0 -0.7 0.01 1.0 3.0 
10000000000.0 -1.36576602617 0.0 1.1 0.5 0.0 1.0 1.0 -0.7 0.01 1.0 3.0 
10000000000.0 -0.200291309307 0.0 1.1 0.5 0.0 1.0 1.0 -0.7 0.01 1.0 3.0 
10000000000.0 -0.742255823503 0.0 1.1 0.5 0.0 1.0 1.0 -0.7 0.01 1.0 3.0 
10000000000.0 -1.42692225993 0.0 1.1 0.5 0.0 1.0 1.0 -0.7 0.01 1.0 3.0 
10000000000.0 0.106894272612 0.0 1.1 0.5 0.0 1.0 1.0 -0.7 0.01 1.0 3.0 
10000000000.0 -1.89983213474 0.0 1.1 0.5 0.0 1.0 1.0 -0.7 0.01 1.0 3.0 
10000000000.0 -0.269203848238 0.0 1.1 0.5 0.0 1.0 1.0 -0.7 0.01 1.0 3.0 
10000000000.0 -0.0590345884541 0.0 1.1 0.5 0.0 1.0 1.0 -0.7 0.01 1.0 3.0 
10000000000.0 -1.38201796316 0.0 1.1 0.5 0.0 1.0 1.0 -0.7 0.01 1.0 3.0 
10000000000.0 -1.85159482959 0.0 1.1 0.5 0.0 1.0 1.0 -0.7 0.01 1.0 3.0 
10000000000.0 -0.474100245045 0.0 1.1 0.5 0.0 1.0 1.0 -0.7 0.01 1.0 3.0 
10000000000.0 -1.18574268546 0.0 1.1 0.5 0.0 1.0 1.0 -0.7 0.01 1.0 3.0 
10000000000.0 -1.51553914093 0.0 1.1 0.5 0.0 1.0 1.0 -0.7 0.01 1.0 3.0 
10000000000.0 -0.127842883563 0.0 1.1 0.5 0.0 1.0 1.0 -0.7 0.01 1.0 3.0 
10000000000.0 -0.125339970794 0.0 1.1 0.5 0.0 1.0 1.0 -0.7 0.01 1.0 3.0 
10000000000.0 -1.26506029752 0.0 1.1 0.5 0.0 1.0 1.0 -0.7 0.01 1.0 3.0 
10000000000.0 -0.325330247574 0.0 1.1 0.5 0.0 1.0 1.0 -0.7 0.01 1.0 3.0 
10000000000.0 -0.460546448692 0.0 1.1 0.5 0.0 1.0 1.0 -0.7 0.01 1.0 3.0 
10000000000.0 -1.23685876233 0.0 1.1 0.5 0.0 1.0 1.0 -0.7 0.01 1.0 3.0 
10000000000.0 -1.40631661392 0.0 1.1 0.5 0.0 1.0 1.0 -0.7 0.01 1.0 3.0 
10000000000.0 -1.57036539928 0.0 1.1 0.5 0.0 1.0 1.0 -0.7 0.01 1.0 3.0 
10000000000.0 0.0425389944071 0.0 1.1 0.5 0.0 1.0 1.0 -0.7 0.01 1.0 3.0 
10000000000.0 -0.507386043416 0.0 1.1 0.5 0.0 1.0 1.0 -0.7 0.01 1.0 3.0 
10000000000.0 -1.0207622468 0.0 1.1 0.5 0.0 1.0 1.0 -0.7 0.01 1.0 3.0 
10000000000.0 -0.594396609436 0.0 1.1 0.5 0.0 1.0 1.0 -0.7 0.01 1.0 3.0 
10000000000.0 -0.843503080679 0.0 1.1 0.5 0.0 1.0 1.0 -0.7 0.01 1.0 3.0 
10000000000.0 -0.105237169221 0.0 1.1 0.5 0.0 1.0 1.0 -0.7 0.01 1.0 3.0 
10000000000.0 -0.599431502596 0.0 1.1 0.5 0.0 1.0 1.0 -0.7 0.01 1.0 3.0 
10000000000.0 0.131117374354 0.0 1.1 0.5 0.0 1.0 1.0 -0.7 0.01 1.0 3.0 
10000000000.0 -0.80645050571 0.0 1.1 0.5 0.0 1.0 1.0 -0.7 0.01 1.0 3.0 
10000000000.0 -1.29539779338 0.0 1.1 0.5 0.0 1.0 1.0 -0.7 0.01 1.0 3.0 
10000000000.0 -0.0519208592453 0.0 1.1 0.5 0.0 1.0 1.0 -0.7 0.01 1.0 3.0 
10000000000.0 -0.751883844662 0.0 1.1 0.5 0.0 1.0 1.0 -0.7 0.01 1.0 3.0 
10000000000.0 -0.69514913603 0.0 1.1 0.5 0.0 1.0 1.0 -0.7 0.01 1.0 3.0 
10000000000.0 -1.93397919319 0.0 1.1 0.5 0.0 1.0 1.0 -0.7 0.01 1.0 3.0 
10000000000.0 -1.50604538373 0.0 1.1 0.5 0.0 1.0 1.0 -0.7 0.01 1.0 3.0 
10000000000.0 -1.63498911656 0.0 1.1 0.5 0.0 1.0 1.0 -0.7 0.01 1.0 3.0 
10000000000.0 -0.873069684359 0.0 1.1 0.5 0.0 1.0 1.0 -0.7 0.01 1.0 3.0 
10000000000.0 -0.997693372208 0.0 1.1 0.5 0.0 1.0 1.0 -0.7 0.01 1.0 3.0 
10000000000.0 -1.96234504745 0.0 1.1 0.5 0.0 1.0 1.0 -0.7 0.01 1.0 3.0 
10000000000.0 -0.718243268456 0.0 1.1 0.5 0.0 1.0 1.0 -0.7 0.01 1.0 3.0 
10000000000.0 -0.565487427268 0.0 1.1 0.5 0.0 1.0 1.0 -0.7 0.01 1.0 3.0 
10000000000.0 -1.54025442195 0.0 1.1 0.5 0.0 1.0 1.0 -0.7 0.01 1.0 3.0 
10000000000.0 -0.861709841155 0.0 1.1 0.5 0.0 1.0 1.0 -0.7 0.01 1.0 3.0 
10000000000.0 -0.309527882666 0.0 1.1 0.5 0.0 1.0 1.0 -0.7 0.01 1.0 3.0 
10000000000.0 -0.936312412714 0.0 1.1 0.5 0.0 1.0 1.0 -0.7 0.01 1.0 3.0 
10000000000.0 0.0533359881979 0.0 1.1 0.5 0.0 1.0 1.0 -0.7 0.01 1.0 3.0 
10000000000.0 -0.739854568804 0.0 1.1 0.5 0.0 1.0 1.0 -0.7 0.01 1.0 3.0 
10000000000.0 -1.47345054556 0.0 1.1 0.5 0.0 1.0 1.0 -0.7 0.01 1.0 3.0 
10000000000.0 -1.04286516777 0.0 1.1 0.5 0.0 1.0 1.0 -0.7 0.01 1.0 3.0 
10000000000.0 -1.39694232941 0.0 1.1 0.5 0.0 1.0 1.0 -0.7 0.01 1.0 3.0 
10000000000.0 -1.90207814353 0.0 1.1 0.5 0.0 1.0 1.0 -0.7 0.01 1.0 3.0 
10000000000.0 -1.46396926204 0.0 1.1 0.5 0.0 1.0 1.0 -0.7 0.01 1.0 3.0 
10000000000.0 -1.3773514464 0.0 1.1 0.5 0.0 1.0 1.0 -0.7 0.01 1.0 3.0 
10000000000.0 -0.252361715844 0.0 1.1 0.5 0.0 1.0 1.0 -0.7 0.01 1.0 3.0 
10000000000.0 -0.499294936985 0.0 1.1 0.5 0.0 1.0 1.0 -0.7 0.01 1.0 3.0 
10000000000.0 -0.282903421046 0.0 1.1 0.5 0.0 1.0 1.0 -0.7 0.01 1.0 3.0 
10000000000.0 -0.904576004143 0.0 1.1 0.5 0.0 1.0 1.0 -0.7 0.01 1.0 3.0 
10000000000.0 -1.62849043278 0.0 1.1 0.5 0.0 1.0 1.0 -0.7 0.01 1.0 3.0 
10000000000.0 -1.71529852544 0.0 1.1 0.5 0.0 1.0 1.0 -0.7 0.01 1.0 3.0 
10000000000.0 -0.33535286117 0.0 1.1 0.5 0.0 1.0 1.0 -0.7 0.01 1.0 3.0 
10000000000.0 -0.713793980642 0.0 1.1 0.5 0.0 1.0 1.0 -0.7 0.01 1.0 3.0 
10000000000.0 -0.843346793117 0.0 1.1 0.5 0.0 1.0 1.0 -0.7 0.01 1.0 3.0 
10000000000.0 -0.651173401752 0.0 1.1 0.5 0.0 1.0 1.0 -0.7 0.01 1.0 3.0 
10000000000.0 -0.555961578816 0.0 1.1 0.5 0.0 1.0 1.0 -0.7 0.01 1.0 3.0 
10000000000.0 -0.693470812054 0.0 1.1 0.5 0.0 1.0 1.0 -0.7 0.01 1.0 3.0 
10000000000.0 -0.395917332682 0.0 1.1 0.5 0.0 1.0 1.0 -0.7 0.01 1.0 3.0 
10000000000.0 -0.737678267372 0.0 1.1 0.5 0.0 1.0 1.0 -0.7 0.01 1.0 3.0 
10000000000.0 -1.25182964513 0.0 1.1 0.5 0.0 1.0 1.0 -0.7 0.01 1.0 3.0 
10000000000.0 -0.70937987815 0.0 1.1 0.5 0.0 1.0 1.0 -0.7 0.01 1.0 3.0 
10000000000.0 -1.40474320455 0.0 1.1 0.5 0.0 1.0 1.0 -0.7 0.01 1.0 3.0 
10000000000.0 -0.0594293978994 0.0 1.1 0.5 0.0 1.0 1.0 -0.7 0.01 1.0 3.0 
10000000000.0 -0.989441110487 0.0 1.1 0.5 0.0 1.0 1.0 -0.7 0.01 1.0 3.0 
10000000000.0 -1.61016197194 0.0 1.1 0.5 0.0 1.0 1.0 -0.7 0.01 1.0 3.0 
10000000000.0 -1.76720713275 0.0 1.1 0.5 0.0 1.0 1.0 -0.7 0.01 1.0 3.0 
10000000000.0 -0.0930521330302 0.0 1.1 0.5 0.0 1.0 1.0 -0.7 0.01 1.0 3.0 
10000000000.0 -1.14855599795 0.0 1.1 0.5 0.0 1.0 1.0 -0.7 0.01 1.0 3.0 
10000000000.0 -0.000791838337179 0.0 1.1 0.5 0.0 1.0 1.0 -0.7 0.01 1.0 3.0 
10000000000.0 -0.278868502881 0.0 1.1 0.5 0.0 1.0 1.0 -0.7 0.01 1.0 3.0 
10000000000.0 -1.78763450319 0.0 1.1 0.5 0.0 1.0 1.0 -0.7 0.01 1.0 3.0 
10000000000.0 -0.00421780646303 0.0 1.1 0.5 0.0 1.0 1.0 -0.7 0.01 1.0 3.0 
10000000000.0 -0.785913643346 0.0 1.1 0.5 0.0 1.0 1.0 -0.7 0.01 1.0 3.0 
10000000000.0 -0.718320666947 0.0 1.1 0.5 0.0 1.0 1.0 -0.7 0.01 1.0 3.0 
10000000000.0 -0.093149470315 0.0 1.1 0.5 0.0 1.0 1.0 -0.7 0.01 1.0 3.0 
10000000000.0 0.0996930557972 0.0 1.1 0.5 0.0 1.0 1.0 -0.7 0.01 1.0 3.0 
10000000000.0 -1.42377337853 0.0 1.1 0.5 0.0 1.0 1.0 -0.7 0.01 1.0 3.0 
10000000000.0 -0.258036599114 0.0 1.1 0.5 0.0 1.0 1.0 -0.7 0.01 1.0 3.0 
10000000000.0 -1.80518679202 0.0 1.1 0.5 0.0 1.0 1.0 -0.7 0.01 1.0 3.0 
10000000000.0 -1.07417901454 0.0 1.1 0.5 0.0 1.0 1.0 -0.7 0.01 1.0 3.0 
10000000000.0 -1.44020687603 0.0 1.1 0.5 0.0 1.0 1.0 -0.7 0.01 1.0 3.0 
10000000000.0 -1.38949166102 0.0 1.1 0.5 0.0 1.0 1.0 -0.7 0.01 1.0 3.0 
10000000000.0 -1.10441911548 0.0 1.1 0.5 0.0 1.0 1.0 -0.7 0.01 1.0 3.0 
10000000000.0 -0.629716047357 0.0 1.1 0.5 0.0 1.0 1.0 -0.7 0.01 1.0 3.0 
10000000000.0 -1.07540770423 0.0 1.1 0.5 0.0 1.0 1.0 -0.7 0.01 1.0 3.0 
10000000000.0 -0.155174323629 0.0 1.1 0.5 0.0 1.0 1.0 -0.7 0.01 1.0 3.0 
10000000000.0 -0.354164501165 0.0 1.1 0.5 0.0 1.0 1.0 -0.7 0.01 1.0 3.0 
10000000000.0 -1.83087820406 0.0 1.1 0.5 0.0 1.0 1.0 -0.7 0.01 1.0 3.0 
10000000000.0 -0.196712609612 0.0 1.1 0.5 0.0 1.0 1.0 -0.7 0.01 1.0 3.0 
10000000000.0 0.00641038537427 0.0 1.1 0.5 0.0 1.0 1.0 -0.7 0.01 1.0 3.0 
10000000000.0 -0.377764165264 0.0 1.1 0.5 0.0 1.0 1.0 -0.7 0.01 1.0 3.0 
10000000000.0 -1.48552258018 0.0 1.1 0.5 0.0 1.0 1.0 -0.7 0.01 1.0 3.0 
10000000000.0 0.0143638204955 0.0 1.1 0.5 0.0 1.0 1.0 -0.7 0.01 1.0 3.0 
10000000000.0 -0.83019957021 0.0 1.1 0.5 0.0 1.0 1.0 -0.7 0.01 1.0 3.0 
10000000000.0 -1.05017690995 0.0 1.1 0.5 0.0 1.0 1.0 -0.7 0.01 1.0 3.0 
10000000000.0 -1.26243311115 0.0 1.1 0.5 0.0 1.0 1.0 -0.7 0.01 1.0 3.0 
10000000000.0 -1.45711554954 0.0 1.1 0.5 0.0 1.0 1.0 -0.7 0.01 1.0 3.0 
10000000000.0 -0.305438315811 0.0 1.1 0.5 0.0 1.0 1.0 -0.7 0.01 1.0 3.0 
10000000000.0 -0.771355934839 0.0 1.1 0.5 0.0 1.0 1.0 -0.7 0.01 1.0 3.0 
10000000000.0 0.00238242908857 0.0 1.1 0.5 0.0 1.0 1.0 -0.7 0.01 1.0 3.0 
10000000000.0 -1.75418489204 0.0 1.1 0.5 0.0 1.0 1.0 -0.7 0.01 1.0 3.0 
10000000000.0 0.141568966787 0.0 1.1 0.5 0.0 1.0 1.0 -0.7 0.01 1.0 3.0 
10000000000.0 -0.54947090469 0.0 1.1 0.5 0.0 1.0 1.0 -0.7 0.01 1.0 3.0 
10000000000.0 -0.800683215237 0.0 1.1 0.5 0.0 1.0 1.0 -0.7 0.01 1.0 3.0 
10000000000.0 0.00394121235763 0.0 1.1 0.5 0.0 1.0 1.0 -0.7 0.01 1.0 3.0 
10000000000.0 -0.6882277141 0.0 1.1 0.5 0.0 1.0 1.0 -0.7 0.01 1.0 3.0 
10000000000.0 -1.368023737 0.0 1.1 0.5 0.0 1.0 1.0 -0.7 0.01 1.0 3.0 
10000000000.0 -0.514658591276 0.0 1.1 0.5 0.0 1.0 1.0 -0.7 0.01 1.0 3.0 
10000000000.0 -0.0254607201573 0.0 1.1 0.5 0.0 1.0 1.0 -0.7 0.01 1.0 3.0 
10000000000.0 -0.406189463321 0.0 1.1 0.5 0.0 1.0 1.0 -0.7 0.01 1.0 3.0 
10000000000.0 -1.90438288154 0.0 1.1 0.5 0.0 1.0 1.0 -0.7 0.01 1.0 3.0 
10000000000.0 -0.527002955899 0.0 1.1 0.5 0.0 1.0 1.0 -0.7 0.01 1.0 3.0 
10000000000.0 -0.774781294902 0.0 1.1 0.5 0.0 1.0 1.0 -0.7 0.01 1.0 3.0 
10000000000.0 -0.600038160492 0.0 1.1 0.5 0.0 1.0 1.0 -0.7 0.01 1.0 3.0 
10000000000.0 -0.166519213636 0.0 1.1 0.5 0.0 1.0 1.0 -0.7 0.01 1.0 3.0 
10000000000.0 -0.7458012255 0.0 1.1 0.5 0.0 1.0 1.0 -0.7 0.01 1.0 3.0 
10000000000.0 -0.326875353721 0.0 1.1 0.5 0.0 1.0 1.0 -0.7 0.01 1.0 3.0 
10000000000.0 -0.83075988076 0.0 1.1 0.5 0.0 1.0 1.0 -0.7 0.01 1.0 3.0 
10000000000.0 0.136579220107 0.0 1.1 0.5 0.0 1.0 1.0 -0.7 0.01 1.0 3.0 
10000000000.0 -1.87191394639 0.0 1.1 0.5 0.0 1.0 1.0 -0.7 0.01 1.0 3.0 
10000000000.0 -1.91744313108 0.0 1.1 0.5 0.0 1.0 1.0 -0.7 0.01 1.0 3.0 
10000000000.0 -1.619314901 0.0 1.1 0.5 0.0 1.0 1.0 -0.7 0.01 1.0 3.0 
10000000000.0 0.138429068284 0.0 1.1 0.5 0.0 1.0 1.0 -0.7 0.01 1.0 3.0 
10000000000.0 -1.08354130044 0.0 1.1 0.5 0.0 1.0 1.0 -0.7 0.01 1.0 3.0 
10000000000.0 -0.301309756016 0.0 1.1 0.5 0.0 1.0 1.0 -0.7 0.01 1.0 3.0 
10000000000.0 -1.41563633395 0.0 1.1 0.5 0.0 1.0 1.0 -0.7 0.01 1.0 3.0 
10000000000.0 -1.15054076073 0.0 1.1 0.5 0.0 1.0 1.0 -0.7 0.01 1.0 3.0 
10000000000.0 -0.893532010629 0.0 1.1 0.5 0.0 1.0 1.0 -0.7 0.01 1.0 3.0 
10000000000.0 -1.48365635264 0.0 1.1 0.5 0.0 1.0 1.0 -0.7 0.01 1.0 3.0 
10000000000.0 -1.90745023639 0.0 1.1 0.5 0.0 1.0 1.0 -0.7 0.01 1.0 3.0 
10000000000.0 -0.121200654957 0.0 1.1 0.5 0.0 1.0 1.0 -0.7 0.01 1.0 3.0 
10000000000.0 -0.404735188833 0.0 1.1 0.5 0.0 1.0 1.0 -0.7 0.01 1.0 3.0 
10000000000.0 -1.58522714312 0.0 1.1 0.5 0.0 1.0 1.0 -0.7 0.01 1.0 3.0 
10000000000.0 -0.1099456424 0.0 1.1 0.5 0.0 1.0 1.0 -0.7 0.01 1.0 3.0 
10000000000.0 0.093787306164 0.0 1.1 0.5 0.0 1.0 1.0 -0.7 0.01 1.0 3.0 
10000000000.0 -1.94109848786 0.0 1.1 0.5 0.0 1.0 1.0 -0.7 0.01 1.0 3.0 
10000000000.0 -1.10814489304 0.0 1.1 0.5 0.0 1.0 1.0 -0.7 0.01 1.0 3.0 
10000000000.0 -0.223767521971 0.0 1.1 0.5 0.0 1.0 1.0 -0.7 0.01 1.0 3.0 
10000000000.0 -1.27178086103 0.0 1.1 0.5 0.0 1.0 1.0 -0.7 0.01 1.0 3.0 
10000000000.0 0.0440589822971 0.0 1.1 0.5 0.0 1.0 1.0 -0.7 0.01 1.0 3.0 
10000000000.0 -0.506593165663 0.0 1.1 0.5 0.0 1.0 1.0 -0.7 0.01 1.0 3.0 
10000000000.0 -0.352808911433 0.0 1.1 0.5 0.0 1.0 1.0 -0.7 0.01 1.0 3.0 
10000000000.0 -0.0777776693548 0.0 1.1 0.5 0.0 1.0 1.0 -0.7 0.01 1.0 3.0 
10000000000.0 0.0436303896942 0.0 1.1 0.5 0.0 1.0 1.0 -0.7 0.01 1.0 3.0 
10000000000.0 -0.511871376045 0.0 1.1 0.5 0.0 1.0 1.0 -0.7 0.01 1.0 3.0 
10000000000.0 -1.46236172747 0.0 1.1 0.5 0.0 1.0 1.0 -0.7 0.01 1.0 3.0 
10000000000.0 -0.875188455521 0.0 1.1 0.5 0.0 1.0 1.0 -0.7 0.01 1.0 3.0 
10000000000.0 -0.811093656022 0.0 1.1 0.5 0.0 1.0 1.0 -0.7 0.01 1.0 3.0 
10000000000.0 -0.175728113038 0.0 1.1 0.5 0.0 1.0 1.0 -0.7 0.01 1.0 3.0 
10000000000.0 -0.440458596886 0.0 1.1 0.5 0.0 1.0 1.0 -0.7 0.01 1.0 3.0 
10000000000.0 -0.659355503236 0.0 1.1 0.5 0.0 1.0 1.0 -0.7 0.01 1.0 3.0 
10000000000.0 -1.04805189386 0.0 1.1 0.5 0.0 1.0 1.0 -0.7 0.01 1.0 3.0 
10000000000.0 0.186155685115 0.0 1.1 0.5 0.0 1.0 1.0 -0.7 0.01 1.0 3.0 
10000000000.0 -1.77540019284 0.0 1.1 0.5 0.0 1.0 1.0 -0.7 0.01 1.0 3.0 
10000000000.0 -0.734149144022 0.0 1.1 0.5 0.0 1.0 1.0 -0.7 0.01 1.0 3.0 
10000000000.0 -1.26700616773 0.0 1.1 0.5 0.0 1.0 1.0 -0.7 0.01 1.0 3.0 
10000000000.0 -0.496225652311 0.0 1.1 0.5 0.0 1.0 1.0 -0.7 0.01 1.0 3.0 
10000000000.0 -1.08224162762 0.0 1.1 0.5 0.0 1.0 1.0 -0.7 0.01 1.0 3.0 
10000000000.0 -0.552106244717 0.0 1.1 0.5 0.0 1.0 1.0 -0.7 0.01 1.0 3.0 
10000000000.0 -0.43187232251 0.0 1.1 0.5 0.0 1.0 1.0 -0.7 0.01 1.0 3.0 
10000000000.0 -1.32672218388 0.0 1.1 0.5 0.0 1.0 1.0 -0.7 0.01 1.0 3.0 
10000000000.0 -1.60695558015 0.0 1.1 0.5 0.0 1.0 1.0 -0.7 0.01 1.0 3.0 
10000000000.0 -1.43186799031 0.0 1.1 0.5 0.0 1.0 1.0 -0.7 0.01 1.0 3.0 
10000000000.0 -0.580552216771 0.0 1.1 0.5 0.0 1.0 1.0 -0.7 0.01 1.0 3.0 
10000000000.0 -1.42994245814 0.0 1.1 0.5 0.0 1.0 1.0 -0.7 0.01 1.0 3.0 
10000000000.0 -1.68408229549 0.0 1.1 0.5 0.0 1.0 1.0 -0.7 0.01 1.0 3.0 
10000000000.0 -1.6170282946 0.0 1.1 0.5 0.0 1.0 1.0 -0.7 0.01 1.0 3.0 
10000000000.0 -1.30180944075 0.0 1.1 0.5 0.0 1.0 1.0 -0.7 0.01 1.0 3.0 
10000000000.0 -0.596740648943 0.0 1.1 0.5 0.0 1.0 1.0 -0.7 0.01 1.0 3.0 
10000000000.0 -1.34583487908 0.0 1.1 0.5 0.0 1.0 1.0 -0.7 0.01 1.0 3.0 
10000000000.0 -0.0354058126388 0.0 1.1 0.5 0.0 1.0 1.0 -0.7 0.01 1.0 3.0 
10000000000.0 -0.164121990728 0.0 1.1 0.5 0.0 1.0 1.0 -0.7 0.01 1.0 3.0 
10000000000.0 -1.09806277914 0.0 1.1 0.5 0.0 1.0 1.0 -0.7 0.01 1.0 3.0 
10000000000.0 -0.894445025594 0.0 1.1 0.5 0.0 1.0 1.0 -0.7 0.01 1.0 3.0 
10000000000.0 -1.26348004863 0.0 1.1 0.5 0.0 1.0 1.0 -0.7 0.01 1.0 3.0 
10000000000.0 -0.778160844487 0.0 1.1 0.5 0.0 1.0 1.0 -0.7 0.01 1.0 3.0 
10000000000.0 -1.62308669865 0.0 1.1 0.5 0.0 1.0 1.0 -0.7 0.01 1.0 3.0 
10000000000.0 -1.17420147457 0.0 1.1 0.5 0.0 1.0 1.0 -0.7 0.01 1.0 3.0 
10000000000.0 -0.496075760758 0.0 1.1 0.5 0.0 1.0 1.0 -0.7 0.01 1.0 3.0 
10000000000.0 -0.128374838309 0.0 1.1 0.5 0.0 1.0 1.0 -0.7 0.01 1.0 3.0 
10000000000.0 -1.4556990243 0.0 1.1 0.5 0.0 1.0 1.0 -0.7 0.01 1.0 3.0 
10000000000.0 -1.27341611133 0.0 1.1 0.5 0.0 1.0 1.0 -0.7 0.01 1.0 3.0 
10000000000.0 -0.660429556024 0.0 1.1 0.5 0.0 1.0 1.0 -0.7 0.01 1.0 3.0 
10000000000.0 -0.835761644785 0.0 1.1 0.5 0.0 1.0 1.0 -0.7 0.01 1.0 3.0 
10000000000.0 -1.29541093728 0.0 1.1 0.5 0.0 1.0 1.0 -0.7 0.01 1.0 3.0 
10000000000.0 -0.0285011637878 0.0 1.1 0.5 0.0 1.0 1.0 -0.7 0.01 1.0 3.0 
10000000000.0 -0.977127919215 0.0 1.1 0.5 0.0 1.0 1.0 -0.7 0.01 1.0 3.0 
10000000000.0 -1.44821399275 0.0 1.1 0.5 0.0 1.0 1.0 -0.7 0.01 1.0 3.0 
10000000000.0 -0.371484901812 0.0 1.1 0.5 0.0 1.0 1.0 -0.7 0.01 1.0 3.0 
10000000000.0 -1.40429801341 0.0 1.1 0.5 0.0 1.0 1.0 -0.7 0.01 1.0 3.0 
10000000000.0 -1.50413946429 0.0 1.1 0.5 0.0 1.0 1.0 -0.7 0.01 1.0 3.0 
10000000000.0 -0.429019842062 0.0 1.1 0.5 0.0 1.0 1.0 -0.7 0.01 1.0 3.0 
10000000000.0 -0.21879765384 0.0 1.1 0.5 0.0 1.0 1.0 -0.7 0.01 1.0 3.0 
10000000000.0 -0.330225677222 0.0 1.1 0.5 0.0 1.0 1.0 -0.7 0.01 1.0 3.0 
10000000000.0 -0.176486936037 0.0 1.1 0.5 0.0 1.0 1.0 -0.7 0.01 1.0 3.0 
10000000000.0 -0.387500872198 0.0 1.1 0.5 0.0 1.0 1.0 -0.7 0.01 1.0 3.0 
10000000000.0 -1.25063679537 0.0 1.1 0.5 0.0 1.0 1.0 -0.7 0.01 1.0 3.0 
10000000000.0 0.163981660011 0.0 1.1 0.5 0.0 1.0 1.0 -0.7 0.01 1.0 3.0 
10000000000.0 -0.489986966175 0.0 1.1 0.5 0.0 1.0 1.0 -0.7 0.01 1.0 3.0 
10000000000.0 -1.50691632458 0.0 1.1 0.5 0.0 1.0 1.0 -0.7 0.01 1.0 3.0 
10000000000.0 -0.365647419984 0.0 1.1 0.5 0.0 1.0 1.0 -0.7 0.01 1.0 3.0 
10000000000.0 -0.159200115408 0.0 1.1 0.5 0.0 1.0 1.0 -0.7 0.01 1.0 3.0 
10000000000.0 -1.72140766091 0.0 1.1 0.5 0.0 1.0 1.0 -0.7 0.01 1.0 3.0 
10000000000.0 -1.0886567344 0.0 1.1 0.5 0.0 1.0 1.0 -0.7 0.01 1.0 3.0 
10000000000.0 -0.846270151637 0.0 1.1 0.5 0.0 1.0 1.0 -0.7 0.01 1.0 3.0 
10000000000.0 -1.62960441959 0.0 1.1 0.5 0.0 1.0 1.0 -0.7 0.01 1.0 3.0 
10000000000.0 -1.52090027874 0.0 1.1 0.5 0.0 1.0 1.0 -0.7 0.01 1.0 3.0 
10000000000.0 -0.0178980160385 0.0 1.1 0.5 0.0 1.0 1.0 -0.7 0.01 1.0 3.0 
10000000000.0 -0.165592680463 0.0 1.1 0.5 0.0 1.0 1.0 -0.7 0.01 1.0 3.0 
10000000000.0 -1.78009999552 0.0 1.1 0.5 0.0 1.0 1.0 -0.7 0.01 1.0 3.0 
10000000000.0 -1.22900951526 0.0 1.1 0.5 0.0 1.0 1.0 -0.7 0.01 1.0 3.0 
10000000000.0 -1.57068181266 0.0 1.1 0.5 0.0 1.0 1.0 -0.7 0.01 1.0 3.0 
10000000000.0 -1.16587970559 0.0 1.1 0.5 0.0 1.0 1.0 -0.7 0.01 1.0 3.0 
10000000000.0 -1.37243538789 0.0 1.1 0.5 0.0 1.0 1.0 -0.7 0.01 1.0 3.0 
10000000000.0 0.122182108205 0.0 1.1 0.5 0.0 1.0 1.0 -0.7 0.01 1.0 3.0 
10000000000.0 -1.3834634829 0.0 1.1 0.5 0.0 1.0 1.0 -0.7 0.01 1.0 3.0 
10000000000.0 -0.53610246011 0.0 1.1 0.5 0.0 1.0 1.0 -0.7 0.01 1.0 3.0 
10000000000.0 -0.279529455237 0.0 1.1 0.5 0.0 1.0 1.0 -0.7 0.01 1.0 3.0 
10000000000.0 -0.275297027479 0.0 1.1 0.5 0.0 1.0 1.0 -0.7 0.01 1.0 3.0 
10000000000.0 -0.240851933546 0.0 1.1 0.5 0.0 1.0 1.0 -0.7 0.01 1.0 3.0 
10000000000.0 -1.01556063539 0.0 1.1 0.5 0.0 1.0 1.0 -0.7 0.01 1.0 3.0 
10000000000.0 -1.51639053375 0.0 1.1 0.5 0.0 1.0 1.0 -0.7 0.01 1.0 3.0 
10000000000.0 -1.96422777138 0.0 1.1 0.5 0.0 1.0 1.0 -0.7 0.01 1.0 3.0 
10000000000.0 -0.573312367241 0.0 1.1 0.5 0.0 1.0 1.0 -0.7 0.01 1.0 3.0 
10000000000.0 -0.972775961364 0.0 1.1 0.5 0.0 1.0 1.0 -0.7 0.01 1.0 3.0 
10000000000.0 -1.4473509388 0.0 1.1 0.5 0.0 1.0 1.0 -0.7 0.01 1.0 3.0 
10000000000.0 -1.65940879602 0.0 1.1 0.5 0.0 1.0 1.0 -0.7 0.01 1.0 3.0 
10000000000.0 -1.0488055409 0.0 1.1 0.5 0.0 1.0 1.0 -0.7 0.01 1.0 3.0 
10000000000.0 -1.27783127162 0.0 1.1 0.5 0.0 1.0 1.0 -0.7 0.01 1.0 3.0 
10000000000.0 -1.65191362512 0.0 1.1 0.5 0.0 1.0 1.0 -0.7 0.01 1.0 3.0 
10000000000.0 0.175403680543 0.0 1.1 0.5 0.0 1.0 1.0 -0.7 0.01 1.0 3.0 
10000000000.0 -1.22432822856 0.0 1.1 0.5 0.0 1.0 1.0 -0.7 0.01 1.0 3.0 
10000000000.0 -1.90313912225 0.0 1.1 0.5 0.0 1.0 1.0 -0.7 0.01 1.0 3.0 
10000000000.0 -1.06150015292 0.0 1.1 0.5 0.0 1.0 1.0 -0.7 0.01 1.0 3.0 
10000000000.0 -0.861774120654 0.0 1.1 0.5 0.0 1.0 1.0 -0.7 0.01 1.0 3.0 
10000000000.0 -1.84852902445 0.0 1.1 0.5 0.0 1.0 1.0 -0.7 0.01 1.0 3.0 
10000000000.0 -0.747631968765 0.0 1.1 0.5 0.0 1.0 1.0 -0.7 0.01 1.0 3.0 
10000000000.0 -1.90883050512 0.0 1.1 0.5 0.0 1.0 1.0 -0.7 0.01 1.0 3.0 
10000000000.0 -0.902386963799 0.0 1.1 0.5 0.0 1.0 1.0 -0.7 0.01 1.0 3.0 
10000000000.0 -0.484738119802 0.0 1.1 0.5 0.0 1.0 1.0 -0.7 0.01 1.0 3.0 
10000000000.0 -0.0648739607959 0.0 1.1 0.5 0.0 1.0 1.0 -0.7 0.01 1.0 3.0 
10000000000.0 -1.78841440526 0.0 1.1 0.5 0.0 1.0 1.0 -0.7 0.01 1.0 3.0 
10000000000.0 -1.10161697213 0.0 1.1 0.5 0.0 1.0 1.0 -0.7 0.01 1.0 3.0 
10000000000.0 -1.4497171387 0.0 1.1 0.5 0.0 1.0 1.0 -0.7 0.01 1.0 3.0 
10000000000.0 0.133962148244 0.0 1.1 0.5 0.0 1.0 1.0 -0.7 0.01 1.0 3.0 
10000000000.0 -1.17147879458 0.0 1.1 0.5 0.0 1.0 1.0 -0.7 0.01 1.0 3.0 
10000000000.0 -1.08744452088 0.0 1.1 0.5 0.0 1.0 1.0 -0.7 0.01 1.0 3.0 
10000000000.0 -0.380961364058 0.0 1.1 0.5 0.0 1.0 1.0 -0.7 0.01 1.0 3.0 
10000000000.0 0.150857704834 0.0 1.1 0.5 0.0 1.0 1.0 -0.7 0.01 1.0 3.0 
10000000000.0 0.0464035224368 0.0 1.1 0.5 0.0 1.0 1.0 -0.7 0.01 1.0 3.0 
10000000000.0 -1.37697410228 0.0 1.1 0.5 0.0 1.0 1.0 -0.7 0.01 1.0 3.0 
10000000000.0 -1.7468469623 0.0 1.1 0.5 0.0 1.0 1.0 -0.7 0.01 1.0 3.0 
10000000000.0 -0.742199792907 0.0 1.1 0.5 0.0 1.0 1.0 -0.7 0.01 1.0 3.0 
10000000000.0 -0.493897405953 0.0 1.1 0.5 0.0 1.0 1.0 -0.7 0.01 1.0 3.0 
10000000000.0 -1.1041329158 0.0 1.1 0.5 0.0 1.0 1.0 -0.7 0.01 1.0 3.0 
10000000000.0 -0.398428859701 0.0 1.1 0.5 0.0 1.0 1.0 -0.7 0.01 1.0 3.0 
10000000000.0 -0.289679229974 0.0 1.1 0.5 0.0 1.0 1.0 -0.7 0.01 1.0 3.0 
10000000000.0 -0.622523679874 0.0 1.1 0.5 0.0 1.0 1.0 -0.7 0.01 1.0 3.0 
10000000000.0 -1.11882918309 0.0 1.1 0.5 0.0 1.0 1.0 -0.7 0.01 1.0 3.0 
10000000000.0 0.100707916925 0.0 1.1 0.5 0.0 1.0 1.0 -0.7 0.01 1.0 3.0 
10000000000.0 -0.729199490278 0.0 1.1 0.5 0.0 1.0 1.0 -0.7 0.01 1.0 3.0 
10000000000.0 -0.727355220699 0.0 1.1 0.5 0.0 1.0 1.0 -0.7 0.01 1.0 3.0 
10000000000.0 -1.04523191898 0.0 1.1 0.5 0.0 1.0 1.0 -0.7 0.01 1.0 3.0 
10000000000.0 -0.874432483309 0.0 1.1 0.5 0.0 1.0 1.0 -0.7 0.01 1.0 3.0 
10000000000.0 0.121658727605 0.0 1.1 0.5 0.0 1.0 1.0 -0.7 0.01 1.0 3.0 
10000000000.0 -1.58162524668 0.0 1.1 0.5 0.0 1.0 1.0 -0.7 0.01 1.0 3.0 
10000000000.0 -1.65470103812 0.0 1.1 0.5 0.0 1.0 1.0 -0.7 0.01 1.0 3.0 
10000000000.0 -0.400837244775 0.0 1.1 0.5 0.0 1.0 1.0 -0.7 0.01 1.0 3.0 
10000000000.0 -1.93497721978 0.0 1.1 0.5 0.0 1.0 1.0 -0.7 0.01 1.0 3.0 
10000000000.0 -1.78352642562 0.0 1.1 0.5 0.0 1.0 1.0 -0.7 0.01 1.0 3.0 
10000000000.0 -0.871687952684 0.0 1.1 0.5 0.0 1.0 1.0 -0.7 0.01 1.0 3.0 
10000000000.0 -1.07702234938 0.0 1.1 0.5 0.0 1.0 1.0 -0.7 0.01 1.0 3.0 
10000000000.0 0.0740688064702 0.0 1.1 0.5 0.0 1.0 1.0 -0.7 0.01 1.0 3.0 
10000000000.0 -0.825359328047 0.0 1.1 0.5 0.0 1.0 1.0 -0.7 0.01 1.0 3.0 
10000000000.0 -0.478477199391 0.0 1.1 0.5 0.0 1.0 1.0 -0.7 0.01 1.0 3.0 
10000000000.0 -0.622340595091 0.0 1.1 0.5 0.0 1.0 1.0 -0.7 0.01 1.0 3.0 
10000000000.0 -1.78280017769 0.0 1.1 0.5 0.0 1.0 1.0 -0.7 0.01 1.0 3.0 
10000000000.0 0.0977686385631 0.0 1.1 0.5 0.0 1.0 1.0 -0.7 0.01 1.0 3.0 
10000000000.0 -0.579060518166 0.0 1.1 0.5 0.0 1.0 1.0 -0.7 0.01 1.0 3.0 
10000000000.0 -0.853190341278 0.0 1.1 0.5 0.0 1.0 1.0 -0.7 0.01 1.0 3.0 
10000000000.0 -0.621958460193 0.0 1.1 0.5 0.0 1.0 1.0 -0.7 0.01 1.0 3.0 
10000000000.0 -0.0968686513997 0.0 1.1 0.5 0.0 1.0 1.0 -0.7 0.01 1.0 3.0 
10000000000.0 -0.265472322899 0.0 1.1 0.5 0.0 1.0 1.0 -0.7 0.01 1.0 3.0 
10000000000.0 -1.92208616729 0.0 1.1 0.5 0.0 1.0 1.0 -0.7 0.01 1.0 3.0 
10000000000.0 -1.89388578298 0.0 1.1 0.5 0.0 1.0 1.0 -0.7 0.01 1.0 3.0 
10000000000.0 -1.29792818223 0.0 1.1 0.5 0.0 1.0 1.0 -0.7 0.01 1.0 3.0 
10000000000.0 -1.94728738026 0.0 1.1 0.5 0.0 1.0 1.0 -0.7 0.01 1.0 3.0 
10000000000.0 -0.279428409328 0.0 1.1 0.5 0.0 1.0 1.0 -0.7 0.01 1.0 3.0 
10000000000.0 -1.15679239162 0.0 1.1 0.5 0.0 1.0 1.0 -0.7 0.01 1.0 3.0 
10000000000.0 -1.13463449088 0.0 1.1 0.5 0.0 1.0 1.0 -0.7 0.01 1.0 3.0 
10000000000.0 -0.200811633838 0.0 1.1 0.5 0.0 1.0 1.0 -0.7 0.01 1.0 3.0 
10000000000.0 -0.239533375769 0.0 1.1 0.5 0.0 1.0 1.0 -0.7 0.01 1.0 3.0 
10000000000.0 -1.297391428 0.0 1.1 0.5 0.0 1.0 1.0 -0.7 0.01 1.0 3.0 
10000000000.0 -1.07390574843 0.0 1.1 0.5 0.0 1.0 1.0 -0.7 0.01 1.0 3.0 
10000000000.0 -1.84072341167 0.0 1.1 0.5 0.0 1.0 1.0 -0.7 0.01 1.0 3.0 
10000000000.0 -0.422401497484 0.0 1.1 0.5 0.0 1.0 1.0 -0.7 0.01 1.0 3.0 
10000000000.0 -0.802058553804 0.0 1.1 0.5 0.0 1.0 1.0 -0.7 0.01 1.0 3.0 
10000000000.0 0.187036478108 0.0 1.1 0.5 0.0 1.0 1.0 -0.7 0.01 1.0 3.0 
10000000000.0 -0.199734520524 0.0 1.1 0.5 0.0 1.0 1.0 -0.7 0.01 1.0 3.0 
10000000000.0 -1.60146581862 0.0 1.1 0.5 0.0 1.0 1.0 -0.7 0.01 1.0 3.0 
10000000000.0 -0.0531314229137 0.0 1.1 0.5 0.0 1.0 1.0 -0.7 0.01 1.0 3.0 
10000000000.0 -0.482634582358 0.0 1.1 0.5 0.0 1.0 1.0 -0.7 0.01 1.0 3.0 
10000000000.0 -0.199410739724 0.0 1.1 0.5 0.0 1.0 1.0 -0.7 0.01 1.0 3.0 
10000000000.0 -0.793173021493 0.0 1.1 0.5 0.0 1.0 1.0 -0.7 0.01 1.0 3.0 
10000000000.0 -1.91736833961 0.0 1.1 0.5 0.0 1.0 1.0 -0.7 0.01 1.0 3.0 
10000000000.0 -0.323681831412 0.0 1.1 0.5 0.0 1.0 1.0 -0.7 0.01 1.0 3.0 
10000000000.0 0.0747621875801 0.0 1.1 0.5 0.0 1.0 1.0 -0.7 0.01 1.0 3.0 
10000000000.0 -1.44230466068 0.0 1.1 0.5 0.0 1.0 1.0 -0.7 0.01 1.0 3.0 
10000000000.0 -0.594852547706 0.0 1.1 0.5 0.0 1.0 1.0 -0.7 0.01 1.0 3.0 
10000000000.0 -1.56842495148 0.0 1.1 0.5 0.0 1.0 1.0 -0.7 0.01 1.0 3.0 
10000000000.0 -0.657137872614 0.0 1.1 0.5 0.0 1.0 1.0 -0.7 0.01 1.0 3.0 
10000000000.0 -1.92216852531 0.0 1.1 0.5 0.0 1.0 1.0 -0.7 0.01 1.0 3.0 
10000000000.0 -0.181135887968 0.0 1.1 0.5 0.0 1.0 1.0 -0.7 0.01 1.0 3.0 
10000000000.0 -1.69764107756 0.0 1.1 0.5 0.0 1.0 1.0 -0.7 0.01 1.0 3.0 
10000000000.0 0.114416806317 0.0 1.1 0.5 0.0 1.0 1.0 -0.7 0.01 1.0 3.0 
10000000000.0 0.129998383125 0.0 1.1 0.5 0.0 1.0 1.0 -0.7 0.01 1.0 3.0 
10000000000.0 -0.360306104765 0.0 1.1 0.5 0.0 1.0 1.0 -0.7 0.01 1.0 3.0 
10000000000.0 -1.52033013615 0.0 1.1 0.5 0.0 1.0 1.0 -0.7 0.01 1.0 3.0 
10000000000.0 -0.975102818346 0.0 1.1 0.5 0.0 1.0 1.0 -0.7 0.01 1.0 3.0 
10000000000.0 -0.0290779880207 0.0 1.1 0.5 0.0 1.0 1.0 -0.7 0.01 1.0 3.0 
10000000000.0 -0.801653107096 0.0 1.1 0.5 0.0 1.0 1.0 -0.7 0.01 1.0 3.0 
10000000000.0 -0.228426242884 0.0 1.1 0.5 0.0 1.0 1.0 -0.7 0.01 1.0 3.0 
10000000000.0 -1.04415769839 0.0 1.1 0.5 0.0 1.0 1.0 -0.7 0.01 1.0 3.0 
10000000000.0 -1.54568381662 0.0 1.1 0.5 0.0 1.0 1.0 -0.7 0.01 1.0 3.0 
10000000000.0 -1.26260082531 0.0 1.1 0.5 0.0 1.0 1.0 -0.7 0.01 1.0 3.0 
10000000000.0 -0.461808423864 0.0 1.1 0.5 0.0 1.0 1.0 -0.7 0.01 1.0 3.0 
10000000000.0 -1.19714324314 0.0 1.1 0.5 0.0 1.0 1.0 -0.7 0.01 1.0 3.0 
10000000000.0 -0.190848640907 0.0 1.1 0.5 0.0 1.0 1.0 -0.7 0.01 1.0 3.0 
10000000000.0 -0.379489894942 0.0 1.1 0.5 0.0 1.0 1.0 -0.7 0.01 1.0 3.0 
10000000000.0 -0.984176783091 0.0 1.1 0.5 0.0 1.0 1.0 -0.7 0.01 1.0 3.0 
10000000000.0 -1.82441838001 0.0 1.1 0.5 0.0 1.0 1.0 -0.7 0.01 1.0 3.0 
10000000000.0 -0.809963597837 0.0 1.1 0.5 0.0 1.0 1.0 -0.7 0.01 1.0 3.0 
10000000000.0 0.0506743123425 0.0 1.1 0.5 0.0 1.0 1.0 -0.7 0.01 1.0 3.0 
10000000000.0 -0.840944798837 0.0 1.1 0.5 0.0 1.0 1.0 -0.7 0.01 1.0 3.0 
10000000000.0 0.00814613601352 0.0 1.1 0.5 0.0 1.0 1.0 -0.7 0.01 1.0 3.0 
10000000000.0 -1.43899734168 0.0 1.1 0.5 0.0 1.0 1.0 -0.7 0.01 1.0 3.0 
10000000000.0 0.139924808773 0.0 1.1 0.5 0.0 1.0 1.0 -0.7 0.01 1.0 3.0 
10000000000.0 -0.652259547519 0.0 1.1 0.5 0.0 1.0 1.0 -0.7 0.01 1.0 3.0 
10000000000.0 -0.233201113923 0.0 1.1 0.5 0.0 1.0 1.0 -0.7 0.01 1.0 3.0 
10000000000.0 -1.42706226056 0.0 1.1 0.5 0.0 1.0 1.0 -0.7 0.01 1.0 3.0 
10000000000.0 -0.303558630986 0.0 1.1 0.5 0.0 1.0 1.0 -0.7 0.01 1.0 3.0 
10000000000.0 -0.810907749523 0.0 1.1 0.5 0.0 1.0 1.0 -0.7 0.01 1.0 3.0 
10000000000.0 -0.325526486262 0.0 1.1 0.5 0.0 1.0 1.0 -0.7 0.01 1.0 3.0 
10000000000.0 -0.937217051269 0.0 1.1 0.5 0.0 1.0 1.0 -0.7 0.01 1.0 3.0 
10000000000.0 -1.78580345586 0.0 1.1 0.5 0.0 1.0 1.0 -0.7 0.01 1.0 3.0 
10000000000.0 0.0183717224605 0.0 1.1 0.5 0.0 1.0 1.0 -0.7 0.01 1.0 3.0 
10000000000.0 0.0954610290982 0.0 1.1 0.5 0.0 1.0 1.0 -0.7 0.01 1.0 3.0 
10000000000.0 -1.88214361064 0.0 1.1 0.5 0.0 1.0 1.0 -0.7 0.01 1.0 3.0 
10000000000.0 -0.718620478767 0.0 1.1 0.5 0.0 1.0 1.0 -0.7 0.01 1.0 3.0 
10000000000.0 -1.92587586833 0.0 1.1 0.5 0.0 1.0 1.0 -0.7 0.01 1.0 3.0 
10000000000.0 0.105466642641 0.0 1.1 0.5 0.0 1.0 1.0 -0.7 0.01 1.0 3.0 
10000000000.0 -1.05167628686 0.0 1.1 0.5 0.0 1.0 1.0 -0.7 0.01 1.0 3.0 
10000000000.0 -1.0783126225 0.0 1.1 0.5 0.0 1.0 1.0 -0.7 0.01 1.0 3.0 
10000000000.0 -0.23992329786 0.0 1.1 0.5 0.0 1.0 1.0 -0.7 0.01 1.0 3.0 
10000000000.0 -0.569066583058 0.0 1.1 0.5 0.0 1.0 1.0 -0.7 0.01 1.0 3.0 
10000000000.0 -1.96622780229 0.0 1.1 0.5 0.0 1.0 1.0 -0.7 0.01 1.0 3.0 
10000000000.0 -0.912427089359 0.0 1.1 0.5 0.0 1.0 1.0 -0.7 0.01 1.0 3.0 
10000000000.0 -0.385586303542 0.0 1.1 0.5 0.0 1.0 1.0 -0.7 0.01 1.0 3.0 
10000000000.0 -0.0886190386424 0.0 1.1 0.5 0.0 1.0 1.0 -0.7 0.01 1.0 3.0 
10000000000.0 -0.902435101276 0.0 1.1 0.5 0.0 1.0 1.0 -0.7 0.01 1.0 3.0 
10000000000.0 -0.460995197844 0.0 1.1 0.5 0.0 1.0 1.0 -0.7 0.01 1.0 3.0 
10000000000.0 -0.120731240522 0.0 1.1 0.5 0.0 1.0 1.0 -0.7 0.01 1.0 3.0 
10000000000.0 -1.13247272472 0.0 1.1 0.5 0.0 1.0 1.0 -0.7 0.01 1.0 3.0 
10000000000.0 -0.145944548907 0.0 1.1 0.5 0.0 1.0 1.0 -0.7 0.01 1.0 3.0 
10000000000.0 -0.26904323742 0.0 1.1 0.5 0.0 1.0 1.0 -0.7 0.01 1.0 3.0 
10000000000.0 -0.260442780369 0.0 1.1 0.5 0.0 1.0 1.0 -0.7 0.01 1.0 3.0 
10000000000.0 -0.927347956272 0.0 1.1 0.5 0.0 1.0 1.0 -0.7 0.01 1.0 3.0 
10000000000.0 -0.110631182845 0.0 1.1 0.5 0.0 1.0 1.0 -0.7 0.01 1.0 3.0 
10000000000.0 -1.52668354293 0.0 1.1 0.5 0.0 1.0 1.0 -0.7 0.01 1.0 3.0 
10000000000.0 -1.3348738604 0.0 1.1 0.5 0.0 1.0 1.0 -0.7 0.01 1.0 3.0 
10000000000.0 -0.779793180968 0.0 1.1 0.5 0.0 1.0 1.0 -0.7 0.01 1.0 3.0 
10000000000.0 -1.28556995205 0.0 1.1 0.5 0.0 1.0 1.0 -0.7 0.01 1.0 3.0 
10000000000.0 -0.169000174676 0.0 1.1 0.5 0.0 1.0 1.0 -0.7 0.01 1.0 3.0 
10000000000.0 -0.192535719951 0.0 1.1 0.5 0.0 1.0 1.0 -0.7 0.01 1.0 3.0 
10000000000.0 -0.182972587859 0.0 1.1 0.5 0.0 1.0 1.0 -0.7 0.01 1.0 3.0 
10000000000.0 -1.91343257689 0.0 1.1 0.5 0.0 1.0 1.0 -0.7 0.01 1.0 3.0 
10000000000.0 -1.20517099941 0.0 1.1 0.5 0.0 1.0 1.0 -0.7 0.01 1.0 3.0 
10000000000.0 -1.73589101976 0.0 1.1 0.5 0.0 1.0 1.0 -0.7 0.01 1.0 3.0 
10000000000.0 -1.83895430041 0.0 1.1 0.5 0.0 1.0 1.0 -0.7 0.01 1.0 3.0 
10000000000.0 -1.21246660037 0.0 1.1 0.5 0.0 1.0 1.0 -0.7 0.01 1.0 3.0 
10000000000.0 -1.85817449415 0.0 1.1 0.5 0.0 1.0 1.0 -0.7 0.01 1.0 3.0 
10000000000.0 -1.32010706267 0.0 1.1 0.5 0.0 1.0 1.0 -0.7 0.01 1.0 3.0 
10000000000.0 -1.78742290849 0.0 1.1 0.5 0.0 1.0 1.0 -0.7 0.01 1.0 3.0 
10000000000.0 -1.81487596382 0.0 1.1 0.5 0.0 1.0 1.0 -0.7 0.01 1.0 3.0 
10000000000.0 -1.81161300512 0.0 1.1 0.5 0.0 1.0 1.0 -0.7 0.01 1.0 3.0 
10000000000.0 -0.421741032165 0.0 1.1 0.5 0.0 1.0 1.0 -0.7 0.01 1.0 3.0 
10000000000.0 -0.264171207121 0.0 1.1 0.5 0.0 1.0 1.0 -0.7 0.01 1.0 3.0 
10000000000.0 -0.744600515817 0.0 1.1 0.5 0.0 1.0 1.0 -0.7 0.01 1.0 3.0 
10000000000.0 -1.01050792972 0.0 1.1 0.5 0.0 1.0 1.0 -0.7 0.01 1.0 3.0 
10000000000.0 -0.627088644096 0.0 1.1 0.5 0.0 1.0 1.0 -0.7 0.01 1.0 3.0 
10000000000.0 -0.22621466514 0.0 1.1 0.5 0.0 1.0 1.0 -0.7 0.01 1.0 3.0 
10000000000.0 -0.150216360067 0.0 1.1 0.5 0.0 1.0 1.0 -0.7 0.01 1.0 3.0 
10000000000.0 -0.3309190311 0.0 1.1 0.5 0.0 1.0 1.0 -0.7 0.01 1.0 3.0 
10000000000.0 -1.32332302319 0.0 1.1 0.5 0.0 1.0 1.0 -0.7 0.01 1.0 3.0 
10000000000.0 -0.513339315181 0.0 1.1 0.5 0.0 1.0 1.0 -0.7 0.01 1.0 3.0 
10000000000.0 -1.8829678832 0.0 1.1 0.5 0.0 1.0 1.0 -0.7 0.01 1.0 3.0 
10000000000.0 -0.766723824072 0.0 1.1 0.5 0.0 1.0 1.0 -0.7 0.01 1.0 3.0 
10000000000.0 -1.88417647821 0.0 1.1 0.5 0.0 1.0 1.0 -0.7 0.01 1.0 3.0 
10000000000.0 -0.243507603592 0.0 1.1 0.5 0.0 1.0 1.0 -0.7 0.01 1.0 3.0 
10000000000.0 -0.836201046195 0.0 1.1 0.5 0.0 1.0 1.0 -0.7 0.01 1.0 3.0 
10000000000.0 -0.852756363794 0.0 1.1 0.5 0.0 1.0 1.0 -0.7 0.01 1.0 3.0 
10000000000.0 -1.30720729614 0.0 1.1 0.5 0.0 1.0 1.0 -0.7 0.01 1.0 3.0 
10000000000.0 -1.93039011396 0.0 1.1 0.5 0.0 1.0 1.0 -0.7 0.01 1.0 3.0 
10000000000.0 -1.29622553067 0.0 1.1 0.5 0.0 1.0 1.0 -0.7 0.01 1.0 3.0 
10000000000.0 -1.86969562459 0.0 1.1 0.5 0.0 1.0 1.0 -0.7 0.01 1.0 3.0 
10000000000.0 -0.848255760225 0.0 1.1 0.5 0.0 1.0 1.0 -0.7 0.01 1.0 3.0 
10000000000.0 -0.928437584762 0.0 1.1 0.5 0.0 1.0 1.0 -0.7 0.01 1.0 3.0 
10000000000.0 -1.59962536398 0.0 1.1 0.5 0.0 1.0 1.0 -0.7 0.01 1.0 3.0 
10000000000.0 -0.987432767325 0.0 1.1 0.5 0.0 1.0 1.0 -0.7 0.01 1.0 3.0 
10000000000.0 -1.69583297413 0.0 1.1 0.5 0.0 1.0 1.0 -0.7 0.01 1.0 3.0 
10000000000.0 -0.735928246421 0.0 1.1 0.5 0.0 1.0 1.0 -0.7 0.01 1.0 3.0 
10000000000.0 -1.27545555053 0.0 1.1 0.5 0.0 1.0 1.0 -0.7 0.01 1.0 3.0 
10000000000.0 -0.670636627111 0.0 1.1 0.5 0.0 1.0 1.0 -0.7 0.01 1.0 3.0 
10000000000.0 -0.953677363919 0.0 1.1 0.5 0.0 1.0 1.0 -0.7 0.01 1.0 3.0 
10000000000.0 -1.93635109431 0.0 1.1 0.5 0.0 1.0 1.0 -0.7 0.01 1.0 3.0 
10000000000.0 -0.488308268087 0.0 1.1 0.5 0.0 1.0 1.0 -0.7 0.01 1.0 3.0 
10000000000.0 -1.32606489145 0.0 1.1 0.5 0.0 1.0 1.0 -0.7 0.01 1.0 3.0 
10000000000.0 0.055252545533 0.0 1.1 0.5 0.0 1.0 1.0 -0.7 0.01 1.0 3.0 
10000000000.0 -0.981070678608 0.0 1.1 0.5 0.0 1.0 1.0 -0.7 0.01 1.0 3.0 
10000000000.0 -1.61176245357 0.0 1.1 0.5 0.0 1.0 1.0 -0.7 0.01 1.0 3.0 
10000000000.0 -0.955638619353 0.0 1.1 0.5 0.0 1.0 1.0 -0.7 0.01 1.0 3.0 
10000000000.0 -1.67084413524 0.0 1.1 0.5 0.0 1.0 1.0 -0.7 0.01 1.0 3.0 
10000000000.0 -1.52880473983 0.0 1.1 0.5 0.0 1.0 1.0 -0.7 0.01 1.0 3.0 
10000000000.0 -1.158852372 0.0 1.1 0.5 0.0 1.0 1.0 -0.7 0.01 1.0 3.0 
10000000000.0 -0.334381580222 0.0 1.1 0.5 0.0 1.0 1.0 -0.7 0.01 1.0 3.0 
10000000000.0 -0.176789069318 0.0 1.1 0.5 0.0 1.0 1.0 -0.7 0.01 1.0 3.0 
10000000000.0 0.0130196255308 0.0 1.1 0.5 0.0 1.0 1.0 -0.7 0.01 1.0 3.0 
10000000000.0 -1.97429560672 0.0 1.1 0.5 0.0 1.0 1.0 -0.7 0.01 1.0 3.0 
10000000000.0 -1.38506506108 0.0 1.1 0.5 0.0 1.0 1.0 -0.7 0.01 1.0 3.0 
10000000000.0 -1.61314762907 0.0 1.1 0.5 0.0 1.0 1.0 -0.7 0.01 1.0 3.0 
10000000000.0 -1.67646822033 0.0 1.1 0.5 0.0 1.0 1.0 -0.7 0.01 1.0 3.0 
10000000000.0 -1.57455882984 0.0 1.1 0.5 0.0 1.0 1.0 -0.7 0.01 1.0 3.0 
10000000000.0 -1.0126026311 0.0 1.1 0.5 0.0 1.0 1.0 -0.7 0.01 1.0 3.0 
10000000000.0 -0.882587033577 0.0 1.1 0.5 0.0 1.0 1.0 -0.7 0.01 1.0 3.0 
10000000000.0 -1.52611794371 0.0 1.1 0.5 0.0 1.0 1.0 -0.7 0.01 1.0 3.0 
10000000000.0 -1.57663952222 0.0 1.1 0.5 0.0 1.0 1.0 -0.7 0.01 1.0 3.0 
10000000000.0 -0.415487221955 0.0 1.1 0.5 0.0 1.0 1.0 -0.7 0.01 1.0 3.0 
10000000000.0 -1.81008412675 0.0 1.1 0.5 0.0 1.0 1.0 -0.7 0.01 1.0 3.0 
10000000000.0 -1.22570784401 0.0 1.1 0.5 0.0 1.0 1.0 -0.7 0.01 1.0 3.0 
10000000000.0 -1.13640654305 0.0 1.1 0.5 0.0 1.0 1.0 -0.7 0.01 1.0 3.0 
10000000000.0 -0.389542530059 0.0 1.1 0.5 0.0 1.0 1.0 -0.7 0.01 1.0 3.0 
10000000000.0 -0.447529847912 0.0 1.1 0.5 0.0 1.0 1.0 -0.7 0.01 1.0 3.0 
10000000000.0 0.0418169151011 0.0 1.1 0.5 0.0 1.0 1.0 -0.7 0.01 1.0 3.0 
10000000000.0 -0.107662894498 0.0 1.1 0.5 0.0 1.0 1.0 -0.7 0.01 1.0 3.0 
10000000000.0 -1.154789549 0.0 1.1 0.5 0.0 1.0 1.0 -0.7 0.01 1.0 3.0 
10000000000.0 -1.08765478225 0.0 1.1 0.5 0.0 1.0 1.0 -0.7 0.01 1.0 3.0 
10000000000.0 -0.476378610711 0.0 1.1 0.5 0.0 1.0 1.0 -0.7 0.01 1.0 3.0 
10000000000.0 -1.94312441816 0.0 1.1 0.5 0.0 1.0 1.0 -0.7 0.01 1.0 3.0 
10000000000.0 -1.59997409365 0.0 1.1 0.5 0.0 1.0 1.0 -0.7 0.01 1.0 3.0 
10000000000.0 -1.26500268548 0.0 1.1 0.5 0.0 1.0 1.0 -0.7 0.01 1.0 3.0 
10000000000.0 -0.481124920409 0.0 1.1 0.5 0.0 1.0 1.0 -0.7 0.01 1.0 3.0 
10000000000.0 -0.449821340886 0.0 1.1 0.5 0.0 1.0 1.0 -0.7 0.01 1.0 3.0 
10000000000.0 0.0505583460414 0.0 1.1 0.5 0.0 1.0 1.0 -0.7 0.01 1.0 3.0 
10000000000.0 -0.766724326413 0.0 1.1 0.5 0.0 1.0 1.0 -0.7 0.01 1.0 3.0 
10000000000.0 -1.67266490698 0.0 1.1 0.5 0.0 1.0 1.0 -0.7 0.01 1.0 3.0 
10000000000.0 -0.478425631998 0.0 1.1 0.5 0.0 1.0 1.0 -0.7 0.01 1.0 3.0 
10000000000.0 -0.719819062209 0.0 1.1 0.5 0.0 1.0 1.0 -0.7 0.01 1.0 3.0 
10000000000.0 0.160383137776 0.0 1.1 0.5 0.0 1.0 1.0 -0.7 0.01 1.0 3.0 
10000000000.0 -1.01400538497 0.0 1.1 0.5 0.0 1.0 1.0 -0.7 0.01 1.0 3.0 
10000000000.0 -0.846511687242 0.0 1.1 0.5 0.0 1.0 1.0 -0.7 0.01 1.0 3.0 
