# id z zbest use_grism1 s0 s1 Ha_flux Ha_error Ha_scale_to_photom Ha_EQW_obs Ha_EQW_obs_err OIII_flux OIII_error OIII_scale_to_photom OIII_EQW_obs OIII_EQW_obs_err OIIIx_flux OIIIx_error OIIIx_scale_to_photom OIIIx_EQW_obs OIIIx_EQW_obs_err OII_flux OII_error OII_scale_to_photom OII_EQW_obs OII_EQW_obs_err uvj_flag sn_F160W sfr sfr_IR sfr_UV L_IR L_UV flag z_sfr z_type f24tot ef24tot L_1600 L_2800 beta
17361.0 1.53958 1.539 1.0 -0.036 -0.329 7.29 2.35 1.097 27.8589373046 8.84398207578 0.46 0.87 1.004 1.29942746438 2.13814882776 0.12 0.54 0.96 0.338638672536 2.31928114098 -99.0 -99.0 -99.0 -99.0 -99.0 3.0 165.856940467 21.508 17.813 3.6949 163430000000.0 15408000000.0 0.0 1.5396 2.0 61.47 18.01 3186400000.0 10272000000.0 1.17
21030.0 0.89175 0.892 1.0 0.059 -0.018 11.88 2.14 0.94 28.6190035681 5.06938020352 -99.0 -99.0 -99.0 -99.0 -99.0 -99.0 -99.0 -99.0 -99.0 -99.0 -99.0 -99.0 -99.0 -99.0 -99.0 2.0 142.047569986 0.78611 0.3651 0.421 3349600000.0 1755600000.0 1.0 0.8917 2.0 8.249 21.48 322250000.0 1170400000.0 1.01
18066.0 1.33848 1.343 1.0 0.058 0.148 41.27 1.83 0.931 92.1111149123 4.22924292703 0.0 0.01 0.969 0.00427628202935 0.209537819438 -99.0 -99.0 -99.0 -99.0 -99.0 -99.0 -99.0 -99.0 -99.0 -99.0 1.0 194.663232833 83.721 75.008 8.7133 688150000000.0 36336000000.0 0.0 1.3385 2.0 347.4 23.36 17974000000.0 24224000000.0 -0.46
29189.0 -99.0 0.463 -1.0 -99.0 -99.0 -99.0 -99.0 -99.0 -99.0 -99.0 -99.0 -99.0 -99.0 -99.0 -99.0 -99.0 -99.0 -99.0 -99.0 -99.0 -99.0 -99.0 -99.0 -99.0 -99.0 2.0 246.588705553 3.0545 2.0626 0.99186 18923000000.0 4136200000.0 0.0 0.4625 1.0 187.4 17.69 3156800000.0 2757500000.0 -1.33
4669.0 1.02688 1.027 1.0 0.048 -0.26 39.54 3.29 0.941 65.8401089359 5.62440795706 -99.0 -99.0 -99.0 -99.0 -99.0 -99.0 -99.0 -99.0 -99.0 -99.0 -99.0 -99.0 -99.0 -99.0 -99.0 2.0 168.954604472 49.393 44.427 4.9668 407580000000.0 20712000000.0 0.0 1.0269 2.0 629.6 22.56 10644000000.0 13808000000.0 -0.43
22958.0 0.93286 0.933 1.0 0.002 1.145 8.9 1.99 1.117 51.3229100918 11.3407075525 -99.0 -99.0 -99.0 -99.0 -99.0 -99.0 -99.0 -99.0 -99.0 -99.0 -99.0 -99.0 -99.0 -99.0 -99.0 2.0 100.793700004 39.493 38.806 0.68652 356020000000.0 2862900000.0 0.0 0.9329 2.0 774.4 51.23 681730000.0 1908600000.0 1.0
14896.0 0.6364 0.651 1.0 0.212 0.225 0.0 0.0 0.859 0.0 0.0 -99.0 -99.0 -99.0 -99.0 -99.0 -99.0 -99.0 -99.0 -99.0 -99.0 -99.0 -99.0 -99.0 -99.0 -99.0 2.0 204.311224053 18.537 18.26 0.27725 167520000000.0 1156200000.0 0.0 0.6364 2.0 764.5 19.64 1086300000.0 770770000.0 -1.78
10128.0 1.75385 1.766 1.0 -0.029 0.48 -99.0 -99.0 -99.0 -99.0 -99.0 0.0 0.0 1.037 0.0 3.63854240427 0.0 0.0 1.108 0.0 0.13435735425 -99.0 -99.0 -99.0 -99.0 -99.0 3.0 110.094885908 3.0404 1.4421 1.5983 13231000000.0 6665100000.0 1.0 1.7538 2.0 5.397 23.09 2040000000.0 4443400000.0 0.34
5984.0 0.66113 0.661 1.0 -0.041 -0.361 8.64 6.66 0.952 16.3683757442 9.3069175802 -99.0 -99.0 -99.0 -99.0 -99.0 -99.0 -99.0 -99.0 -99.0 -99.0 -99.0 -99.0 -99.0 -99.0 -99.0 3.0 275.212292864 1.2097 0.79249 0.41722 7270500000.0 1739900000.0 0.0 0.6611 2.0 30.96 21.98 242350000.0 1159900000.0 1.87
2440.0 0.98973 0.99 1.0 0.135 0.735 0.0 0.0 0.92 0.0 0.0 -99.0 -99.0 -99.0 -99.0 -99.0 -99.0 -99.0 -99.0 -99.0 -99.0 -99.0 -99.0 -99.0 -99.0 -99.0 3.0 232.64027811 0.93623 0.43965 0.49658 4033500000.0 2070800000.0 1.0 0.9897 2.0 7.165 20.65 435830000.0 1380500000.0 1.18
22521.0 0.91842 0.918 1.0 0.0 -0.216 0.0 0.0 0.977 0.0 0.17201655529 -99.0 -99.0 -99.0 -99.0 -99.0 -99.0 -99.0 -99.0 -99.0 -99.0 -99.0 -99.0 -99.0 -99.0 -99.0 3.0 205.592133158 1.9965 1.6331 0.36335 14983000000.0 1515200000.0 0.0 0.9184 2.0 34.17 18.86 161050000.0 1010200000.0 2.53
7662.0 1.21555 1.216 1.0 0.06 -0.268 4.99 1.78 0.952 16.469951028 5.58777730135 11.64 3.62 0.885 39.1911714924 11.9112635689 -99.0 -99.0 -99.0 -99.0 -99.0 -99.0 -99.0 -99.0 -99.0 -99.0 2.0 138.363327534 14.764 13.659 1.1049 125310000000.0 4607700000.0 0.0 1.2155 2.0 100.0 22.98 1208600000.0 3071800000.0 0.37
4707.0 -99.0 0.374 -1.0 -99.0 -99.0 -99.0 -99.0 -99.0 -99.0 -99.0 -99.0 -99.0 -99.0 -99.0 -99.0 -99.0 -99.0 -99.0 -99.0 -99.0 -99.0 -99.0 -99.0 -99.0 -99.0 3.0 929.109596477 -99.0 -99.0 0.23675 -99.0 987260000.0 2.0 0.3735 1.0 -28.16 21.64 102410000.0 658180000.0 2.84
3952.0 -99.0 1.173 -1.0 -99.0 -99.0 -99.0 -99.0 -99.0 -99.0 -99.0 -99.0 -99.0 -99.0 -99.0 -99.0 -99.0 -99.0 -99.0 -99.0 -99.0 -99.0 -99.0 -99.0 -99.0 -99.0 2.0 210.740260228 73.049 68.902 4.1467 632130000000.0 17292000000.0 0.0 1.1728 1.0 590.3 21.23 8409800000.0 11528000000.0 -0.44
19985.0 -99.0 2.473 -1.0 -99.0 -99.0 -99.0 -99.0 -99.0 -99.0 -99.0 -99.0 -99.0 -99.0 -99.0 -99.0 -99.0 -99.0 -99.0 -99.0 -99.0 -99.0 -99.0 -99.0 -99.0 -99.0 1.0 126.984595688 232.85 195.15 37.691 1.7904e+12 157180000000.0 0.0 2.473 1.0 281.5 18.84 118690000000.0 104780000000.0 -1.11
4943.0 0.7463 0.745 1.0 0.065 -0.393 2.4 9.85 0.866 2.52533928878 4.79299089504 -99.0 -99.0 -99.0 -99.0 -99.0 -99.0 -99.0 -99.0 -99.0 -99.0 -99.0 -99.0 -99.0 -99.0 -99.0 1.0 207.997961952 15.53 12.585 2.945 115460000000.0 12281000000.0 0.0 0.7463 2.0 380.7 30.41 6743200000.0 8187400000.0 -0.51
8443.0 1.84909 1.849 1.0 -0.083 -0.326 -99.0 -99.0 -99.0 -99.0 -99.0 22.91 1.37 1.093 52.999378749 3.28525950391 0.11 0.27 1.045 0.238672699002 0.52999378749 3.93 12.03 0.993 10.3857722992 18.9569301075 1.0 199.96682439 150.39 119.57 30.812 1.097e+12 128490000000.0 0.0 1.8491 2.0 439.2 21.78 105390000000.0 85659000000.0 -1.35
6487.0 0.90694 0.907 1.0 0.155 0.065 25.98 2.63 0.862 32.7278257313 3.36665023546 -99.0 -99.0 -99.0 -99.0 -99.0 -99.0 -99.0 -99.0 -99.0 -99.0 -99.0 -99.0 -99.0 -99.0 -99.0 2.0 257.757314026 45.454 42.967 2.4874 394190000000.0 10373000000.0 0.0 0.9069 2.0 930.7 22.72 2801000000.0 6915300000.0 0.29
1620.0 -99.0 1.262 -1.0 -99.0 -99.0 -99.0 -99.0 -99.0 -99.0 -99.0 -99.0 -99.0 -99.0 -99.0 -99.0 -99.0 -99.0 -99.0 -99.0 -99.0 -99.0 -99.0 -99.0 -99.0 -99.0 2.0 187.085333239 106.44 98.209 8.2297 901000000000.0 34319000000.0 0.0 1.2619 1.0 600.9 29.08 13207000000.0 22879000000.0 0.07
26745.0 0.72547 0.725 1.0 -0.029 -1.322 0.0 0.0 0.778 0.0 3.33242536816 -99.0 -99.0 -99.0 -99.0 -99.0 -99.0 -99.0 -99.0 -99.0 -99.0 -99.0 -99.0 -99.0 -99.0 -99.0 3.0 175.405739275 1.3867 0.97339 0.41332 8930100000.0 1723600000.0 0.0 0.7255 2.0 31.31 16.36 248690000.0 1149100000.0 1.82
2418.0 0.77624 0.764 0.0 0.03 -0.848 41.45 2.65 0.831 66.4268342116 4.53204521911 -99.0 -99.0 -99.0 -99.0 -99.0 -99.0 -99.0 -99.0 -99.0 -99.0 -99.0 -99.0 -99.0 -99.0 -99.0 2.0 193.111523706 24.002 21.614 2.3875 198290000000.0 9956400000.0 0.0 0.7762 2.0 602.2 28.25 3952400000.0 6637600000.0 0.05
371.0 1.14149 1.16 0.0 0.287 1.774 23.32 3.18 0.745 46.7291465288 6.40208452993 0.23 0.59 1.204 0.649080780204 1.53631350135 -99.0 -99.0 -99.0 -99.0 -99.0 -99.0 -99.0 -99.0 -99.0 -99.0 2.0 104.550267412 24.161 21.412 2.7489 196440000000.0 11463000000.0 0.0 1.1415 2.0 203.9 23.18 5135700000.0 7642100000.0 -0.33
3874.0 0.66529 0.664 1.0 0.102 0.043 13.08 5.54 0.913 47.5712938888 18.6574110215 -99.0 -99.0 -99.0 -99.0 -99.0 -99.0 -99.0 -99.0 -99.0 -99.0 -99.0 -99.0 -99.0 -99.0 -99.0 2.0 143.591729368 4.6647 4.3412 0.32344 39828000000.0 1348800000.0 0.0 0.6653 2.0 167.6 21.5 356960000.0 899190000.0 0.77
31860.0 -99.0 0.837 -1.0 -99.0 -99.0 -99.0 -99.0 -99.0 -99.0 -99.0 -99.0 -99.0 -99.0 -99.0 -99.0 -99.0 -99.0 -99.0 -99.0 -99.0 -99.0 -99.0 -99.0 -99.0 -99.0 2.0 301.2711885 2.5615 1.7894 0.77209 16417000000.0 3219700000.0 0.0 0.837 1.0 44.68 18.24 218070000.0 2146500000.0 3.28
11363.0 2.10341 2.104 1.0 0.044 -1.365 -99.0 -99.0 -99.0 -99.0 -99.0 4.37 39.17 1.104 12.2897071286 9.97612303885 0.03 0.16 0.915 0.0741120251594 0.89578882584 1.86 4.0 0.738 5.69051462746 6.44130166494 1.0 138.40991955 169.1 152.74 16.367 1.4013e+12 68251000000.0 0.0 2.1034 2.0 396.6 104.0 27516000000.0 45501000000.0 0.03
20791.0 0.24297 0.25 1.0 -0.18 0.099 -99.0 -99.0 -99.0 -99.0 -99.0 -99.0 -99.0 -99.0 -99.0 -99.0 -99.0 -99.0 -99.0 -99.0 -99.0 -99.0 -99.0 -99.0 -99.0 -99.0 3.0 627.324336139 0.41002 0.19315 0.21687 1772000000.0 904370000.0 0.0 0.243 2.0 97.0 16.07 62166000.0 602920000.0 4.67
5807.0 -99.0 1.186 -1.0 -99.0 -99.0 -99.0 -99.0 -99.0 -99.0 -99.0 -99.0 -99.0 -99.0 -99.0 -99.0 -99.0 -99.0 -99.0 -99.0 -99.0 -99.0 -99.0 -99.0 -99.0 -99.0 2.0 223.072098831 36.783 31.207 5.5757 286300000000.0 23251000000.0 0.0 1.1862 1.0 254.8 26.22 8498300000.0 15501000000.0 0.18
29115.0 -99.0 1.442 -1.0 -99.0 -99.0 -99.0 -99.0 -99.0 -99.0 -99.0 -99.0 -99.0 -99.0 -99.0 -99.0 -99.0 -99.0 -99.0 -99.0 -99.0 -99.0 -99.0 -99.0 -99.0 -99.0 3.0 111.783319074 9.0601 7.8729 1.1871 72229000000.0 4950500000.0 0.0 1.442 1.0 29.54 23.2 727200000.0 3300300000.0 1.84
33472.0 -99.0 0.418 -1.0 -99.0 -99.0 -99.0 -99.0 -99.0 -99.0 -99.0 -99.0 -99.0 -99.0 -99.0 -99.0 -99.0 -99.0 -99.0 -99.0 -99.0 -99.0 -99.0 -99.0 -99.0 -99.0 3.0 178.486684221 2.1318 1.3227 0.80904 12135000000.0 3373800000.0 0.0 0.4179 1.0 159.0 27.12 676520000.0 2249200000.0 0.64
8412.0 0.693 0.683 1.0 -0.001 -0.26 21.81 4.92 0.943 56.4205552274 12.9828706438 -99.0 -99.0 -99.0 -99.0 -99.0 -99.0 -99.0 -99.0 -99.0 -99.0 -99.0 -99.0 -99.0 -99.0 -99.0 1.0 159.781462549 9.9675 8.214 1.7535 75357000000.0 7312500000.0 0.0 0.693 2.0 292.5 20.88 4038100000.0 4875000000.0 -0.44
31207.0 -99.0 1.289 -1.0 -99.0 -99.0 -99.0 -99.0 -99.0 -99.0 -99.0 -99.0 -99.0 -99.0 -99.0 -99.0 -99.0 -99.0 -99.0 -99.0 -99.0 -99.0 -99.0 -99.0 -99.0 -99.0 3.0 121.378136134 5.0388 4.0782 0.96064 37415000000.0 4006000000.0 0.0 1.289 1.0 22.51 15.9 387260000.0 2670700000.0 2.58
8297.0 0.75242 0.753 1.0 0.071 -0.287 24.11 2.26 0.881 71.3299323222 7.17293799432 -99.0 -99.0 -99.0 -99.0 -99.0 -99.0 -99.0 -99.0 -99.0 -99.0 -99.0 -99.0 -99.0 -99.0 -99.0 2.0 223.027089989 10.715 9.6135 1.1017 88197000000.0 4594100000.0 0.0 0.7524 2.0 285.7 29.83 1531700000.0 3062700000.0 0.27
27916.0 0.68708 0.688 1.0 -0.007 -0.393 230.92 3.7 0.919 156.092182943 2.81551556536 -99.0 -99.0 -99.0 -99.0 -99.0 -99.0 -99.0 -99.0 -99.0 -99.0 -99.0 -99.0 -99.0 -99.0 -99.0 2.0 479.267543857 282.03 278.46 3.563 2.5547e+12 14858000000.0 0.0 0.6871 2.0 10090.0 49.68 7062100000.0 9905500000.0 -0.45
18082.0 0.19722 0.249 0.0 0.095 0.238 -99.0 -99.0 -99.0 -99.0 -99.0 -99.0 -99.0 -99.0 -99.0 -99.0 -99.0 -99.0 -99.0 -99.0 -99.0 -99.0 -99.0 -99.0 -99.0 -99.0 3.0 1050.40289483 0.42751 0.067924 0.35959 623160000.0 1499500000.0 0.0 0.1972 2.0 57.44 24.52 92556000.0 999690000.0 7.03
7067.0 0.5388 0.711 0.0 0.213 -0.005 -99.0 -99.0 -99.0 -99.0 -99.0 -99.0 -99.0 -99.0 -99.0 -99.0 -99.0 -99.0 -99.0 -99.0 -99.0 -99.0 -99.0 -99.0 -99.0 -99.0 2.0 242.395037648 5.6472 5.4274 0.2198 49792000000.0 916600000.0 0.0 0.5388 2.0 328.6 25.3 235350000.0 611060000.0 0.57
31838.0 -99.0 0.87 -1.0 -99.0 -99.0 -99.0 -99.0 -99.0 -99.0 -99.0 -99.0 -99.0 -99.0 -99.0 -99.0 -99.0 -99.0 -99.0 -99.0 -99.0 -99.0 -99.0 -99.0 -99.0 -99.0 1.0 103.896370915 6.2786 4.4249 1.8537 40595000000.0 7730200000.0 0.0 0.8702 1.0 105.0 25.14 6229600000.0 5153500000.0 -1.53
1014.0 -99.0 2.15 -1.0 -99.0 -99.0 -99.0 -99.0 -99.0 -99.0 -99.0 -99.0 -99.0 -99.0 -99.0 -99.0 -99.0 -99.0 -99.0 -99.0 -99.0 -99.0 -99.0 -99.0 -99.0 -99.0 1.0 168.000244212 150.42 119.73 30.691 1.0984e+12 127990000000.0 0.0 2.1503 1.0 290.0 30.75 75696000000.0 85323000000.0 -0.52
26738.0 -99.0 1.33 -1.0 -99.0 -99.0 -99.0 -99.0 -99.0 -99.0 -99.0 -99.0 -99.0 -99.0 -99.0 -99.0 -99.0 -99.0 -99.0 -99.0 -99.0 -99.0 -99.0 -99.0 -99.0 -99.0 1.0 138.380664153 17.118 11.569 5.5491 106140000000.0 23141000000.0 0.0 1.3296 1.0 55.23 20.89 10839000000.0 15427000000.0 -0.23
29896.0 -99.0 0.257 -1.0 -99.0 -99.0 -99.0 -99.0 -99.0 -99.0 -99.0 -99.0 -99.0 -99.0 -99.0 -99.0 -99.0 -99.0 -99.0 -99.0 -99.0 -99.0 -99.0 -99.0 -99.0 -99.0 2.0 1199.8712248 1.1646 0.75411 0.41052 6918400000.0 1711900000.0 0.0 0.2572 1.0 328.0 15.26 346570000.0 1141300000.0 0.62
7817.0 0.74892 0.75 1.0 0.075 -0.57 0.0 0.01 0.828 0.0 2.02982412003 -99.0 -99.0 -99.0 -99.0 -99.0 -99.0 -99.0 -99.0 -99.0 -99.0 -99.0 -99.0 -99.0 -99.0 -99.0 2.0 144.22412794 1.8385 0.6282 1.2103 5763300000.0 5047300000.0 1.0 0.7489 2.0 18.86 23.42 3325900000.0 3364900000.0 -1.09
1489.0 0.92418 0.922 1.0 -0.104 -0.84 0.0 0.0 1.018 0.0 111.257782536 -99.0 -99.0 -99.0 -99.0 -99.0 -99.0 -99.0 -99.0 -99.0 -99.0 -99.0 -99.0 -99.0 -99.0 -99.0 3.0 239.118200069 -99.0 -99.0 1.2534 -99.0 5226700000.0 2.0 0.9242 2.0 -29.3 21.95 1021000000.0 3484400000.0 0.62
22737.0 0.72806 0.73 1.0 -0.082 -0.427 15.48 2.3 0.992 12.6963184149 1.89808224251 -99.0 -99.0 -99.0 -99.0 -99.0 -99.0 -99.0 -99.0 -99.0 -99.0 -99.0 -99.0 -99.0 -99.0 -99.0 3.0 648.442870184 21.213 19.676 1.5363 180520000000.0 6406600000.0 0.0 0.7281 2.0 628.0 22.3 1092400000.0 4271100000.0 1.55
11092.0 1.21777 1.22 0.0 -0.065 -1.096 0.15 0.9 1.114 0.320141403302 1.97946585985 83.64 7.43 0.828 117.207825879 10.7675728322 -99.0 -99.0 -99.0 -99.0 -99.0 -99.0 -99.0 -99.0 -99.0 -99.0 3.0 308.937446062 6.1235 3.6587 2.4648 33566000000.0 10279000000.0 0.0 1.2178 2.0 26.55 23.6 1564900000.0 6852500000.0 1.61
5656.0 0.79769 0.797 1.0 0.115 -0.376 33.03 2.68 0.836 36.507962997 3.065044585 -99.0 -99.0 -99.0 -99.0 -99.0 -99.0 -99.0 -99.0 -99.0 -99.0 -99.0 -99.0 -99.0 -99.0 -99.0 2.0 366.528133076 41.878 38.78 3.0984 355780000000.0 12921000000.0 0.0 0.7977 2.0 1029.0 23.64 5383100000.0 8613900000.0 -0.09
28571.0 -99.0 0.729 -1.0 -99.0 -99.0 -99.0 -99.0 -99.0 -99.0 -99.0 -99.0 -99.0 -99.0 -99.0 -99.0 -99.0 -99.0 -99.0 -99.0 -99.0 -99.0 -99.0 -99.0 -99.0 -99.0 1.0 127.143272853 14.382 10.741 3.6413 98540000000.0 15185000000.0 0.0 0.7285 1.0 342.4 20.55 9502700000.0 10123000000.0 -0.63
32534.0 -99.0 0.853 -1.0 -99.0 -99.0 -99.0 -99.0 -99.0 -99.0 -99.0 -99.0 -99.0 -99.0 -99.0 -99.0 -99.0 -99.0 -99.0 -99.0 -99.0 -99.0 -99.0 -99.0 -99.0 -99.0 2.0 128.721872144 11.686 10.714 0.9719 98297000000.0 4053000000.0 0.0 0.8531 1.0 262.2 18.91 1775900000.0 2702000000.0 -0.3
9769.0 0.73672 0.741 1.0 0.022 -0.455 0.0 0.0 0.891 0.0 0.0 -99.0 -99.0 -99.0 -99.0 -99.0 -99.0 -99.0 -99.0 -99.0 -99.0 -99.0 -99.0 -99.0 -99.0 -99.0 3.0 135.86014943 0.45271 0.19116 0.26156 1753700000.0 1090700000.0 1.0 0.7367 2.0 5.946 27.3 152960000.0 727150000.0 2.03
25477.0 1.60648 1.604 1.0 -0.105 0.494 -99.0 -99.0 -99.0 -99.0 -99.0 0.0 0.0 1.149 0.0 0.0038365918787 0.0 0.0 1.23 0.0 0.0115097756361 -99.0 -99.0 -99.0 -99.0 -99.0 3.0 214.247120892 6.7325 3.6985 3.0339 33932000000.0 12652000000.0 1.0 1.6065 2.0 12.52 19.74 1089000000.0 8434600000.0 2.47
22801.0 0.72633 0.726 1.0 0.007 -0.396 45.86 2.97 0.913 77.3258878662 5.46245503467 -99.0 -99.0 -99.0 -99.0 -99.0 -99.0 -99.0 -99.0 -99.0 -99.0 -99.0 -99.0 -99.0 -99.0 -99.0 1.0 195.444586512 15.096 12.194 2.9023 111870000000.0 12103000000.0 0.0 0.7263 2.0 391.3 16.43 5914300000.0 8068600000.0 -0.42
10366.0 -99.0 0.852 -1.0 -99.0 -99.0 -99.0 -99.0 -99.0 -99.0 -99.0 -99.0 -99.0 -99.0 -99.0 -99.0 -99.0 -99.0 -99.0 -99.0 -99.0 -99.0 -99.0 -99.0 -99.0 -99.0 1.0 115.386323524 10.333 6.2526 4.0806 57363000000.0 17017000000.0 0.0 0.8516 1.0 153.3 22.31 12290000000.0 11345000000.0 -1.14
7208.0 1.25353 1.251 1.0 -0.006 0.047 0.0 0.0 1.004 0.0 0.0 0.04 0.52 1.017 0.128686993295 2.76011413205 -99.0 -99.0 -99.0 -99.0 -99.0 -99.0 -99.0 -99.0 -99.0 -99.0 3.0 159.404485128 1.9213 0.43464 1.4866 3987500000.0 6199500000.0 1.0 1.2535 2.0 2.746 25.67 596710000.0 4133000000.0 2.39
4502.0 2.0147 2.027 1.0 0.102 0.014 -99.0 -99.0 -99.0 -99.0 -99.0 0.04 0.17 0.902 0.162536902511 1.62868610475 0.0 0.0 0.904 0.0 0.0165853982154 5.94 2.33 0.906 42.3756924404 16.6152519322 1.0 121.925421811 71.666 63.072 8.594 578650000000.0 35838000000.0 0.0 2.0147 2.0 186.4 45.35 19829000000.0 23892000000.0 -0.49
30618.0 -99.0 0.895 -1.0 -99.0 -99.0 -99.0 -99.0 -99.0 -99.0 -99.0 -99.0 -99.0 -99.0 -99.0 -99.0 -99.0 -99.0 -99.0 -99.0 -99.0 -99.0 -99.0 -99.0 -99.0 -99.0 3.0 162.672570748 1.8684 1.1464 0.72199 10518000000.0 3010800000.0 0.0 0.8948 1.0 25.68 19.66 529300000.0 2007200000.0 1.5
21966.0 0.22079 0.222 1.0 0.021 0.157 -99.0 -99.0 -99.0 -99.0 -99.0 -99.0 -99.0 -99.0 -99.0 -99.0 -99.0 -99.0 -99.0 -99.0 -99.0 -99.0 -99.0 -99.0 -99.0 -99.0 3.0 595.011993205 0.14789 0.0042993 0.14359 39444000.0 598790000.0 1.0 0.2208 2.0 2.744 18.28 119940000.0 399190000.0 0.82
13400.0 -99.0 0.631 -1.0 -99.0 -99.0 -99.0 -99.0 -99.0 -99.0 -99.0 -99.0 -99.0 -99.0 -99.0 -99.0 -99.0 -99.0 -99.0 -99.0 -99.0 -99.0 -99.0 -99.0 -99.0 -99.0 1.0 192.621281279 6.0065 4.1171 1.8894 37772000000.0 7879100000.0 0.0 0.6314 1.0 174.8 23.45 5823700000.0 5252700000.0 -1.0
20450.0 -99.0 0.892 -1.0 -99.0 -99.0 -99.0 -99.0 -99.0 -99.0 -99.0 -99.0 -99.0 -99.0 -99.0 -99.0 -99.0 -99.0 -99.0 -99.0 -99.0 -99.0 -99.0 -99.0 -99.0 -99.0 3.0 145.279961154 0.82949 0.58388 0.24561 5356700000.0 1024200000.0 1.0 0.8923 1.0 13.17 29.16 74837000.0 682820000.0 2.68
15796.0 1.25353 1.254 1.0 0.044 -0.08 9.8 1.11 0.961 56.7642764907 6.74053595914 2.19 2.0 0.94 9.97546072162 7.86321903858 -99.0 -99.0 -99.0 -99.0 -99.0 -99.0 -99.0 -99.0 -99.0 -99.0 1.0 132.662763808 24.071 21.115 2.9569 193710000000.0 12331000000.0 0.0 1.2535 2.0 133.4 24.4 5221500000.0 8220500000.0 -0.1
28467.0 -99.0 1.13 -1.0 -99.0 -99.0 -99.0 -99.0 -99.0 -99.0 -99.0 -99.0 -99.0 -99.0 -99.0 -99.0 -99.0 -99.0 -99.0 -99.0 -99.0 -99.0 -99.0 -99.0 -99.0 -99.0 3.0 104.327162643 7.21 6.6776 0.53247 61262000000.0 2220500000.0 0.0 1.1302 1.0 65.9 19.59 1152200000.0 1480300000.0 -0.62
20236.0 0.06983 0.225 0.0 0.276 0.143 -99.0 -99.0 -99.0 -99.0 -99.0 -99.0 -99.0 -99.0 -99.0 -99.0 -99.0 -99.0 -99.0 -99.0 -99.0 -99.0 -99.0 -99.0 -99.0 -99.0 3.0 578.458128113 0.03306 0.016829 0.016231 154390000.0 67687000.0 0.0 0.0698 2.0 160.0 17.1 63764000.0 45124000.0 -1.64
31411.0 -99.0 0.697 -1.0 -99.0 -99.0 -99.0 -99.0 -99.0 -99.0 -99.0 -99.0 -99.0 -99.0 -99.0 -99.0 -99.0 -99.0 -99.0 -99.0 -99.0 -99.0 -99.0 -99.0 -99.0 -99.0 3.0 275.866174388 0.935 0.1525 0.7825 1399000000.0 3263200000.0 1.0 0.6924 1.0 5.44 20.63 309340000.0 2175400000.0 2.88
16510.0 1.08027 1.079 1.0 -0.037 0.259 0.0 0.0 1.044 0.0 0.0 -99.0 -99.0 -99.0 -99.0 -99.0 -99.0 -99.0 -99.0 -99.0 -99.0 -99.0 -99.0 -99.0 -99.0 -99.0 3.0 131.106028994 -99.0 -99.0 0.34056 -99.0 1420200000.0 2.0 1.0803 2.0 -50.3 28.67 207720000.0 946780000.0 1.89
9031.0 0.49108 0.492 1.0 0.044 -0.336 -99.0 -99.0 -99.0 -99.0 -99.0 -99.0 -99.0 -99.0 -99.0 -99.0 -99.0 -99.0 -99.0 -99.0 -99.0 -99.0 -99.0 -99.0 -99.0 -99.0 1.0 205.290725578 2.9473 1.8677 1.0796 17135000000.0 4502300000.0 0.0 0.4911 2.0 144.1 19.69 2668200000.0 3001500000.0 -0.72
33788.0 -99.0 0.517 -1.0 -99.0 -99.0 -99.0 -99.0 -99.0 -99.0 -99.0 -99.0 -99.0 -99.0 -99.0 -99.0 -99.0 -99.0 -99.0 -99.0 -99.0 -99.0 -99.0 -99.0 -99.0 -99.0 3.0 382.667865069 -99.0 -99.0 0.34325 -99.0 1431400000.0 2.0 0.5196 1.0 -22.26 17.11 189930000.0 954260000.0 2.15
17406.0 1.73601 1.74 1.0 -0.01 -0.027 -99.0 -99.0 -99.0 -99.0 -99.0 5.51 3.12 1.009 15.7053519541 7.62789609687 0.99 1.65 1.006 3.00072002661 5.34354772095 -99.0 -99.0 -99.0 -99.0 -99.0 1.0 141.033748957 67.034 59.113 7.921 542320000000.0 33032000000.0 0.0 1.736 2.0 219.1 24.75 16254000000.0 22021000000.0 -0.44
18089.0 0.37851 0.377 1.0 -0.039 -0.022 -99.0 -99.0 -99.0 -99.0 -99.0 -99.0 -99.0 -99.0 -99.0 -99.0 -99.0 -99.0 -99.0 -99.0 -99.0 -99.0 -99.0 -99.0 -99.0 -99.0 3.0 639.470811043 0.30313 0.067185 0.23594 616370000.0 983910000.0 1.0 0.3785 2.0 10.63 18.03 225530000.0 655940000.0 0.6
728.0 -99.0 1.626 -1.0 -99.0 -99.0 -99.0 -99.0 -99.0 -99.0 -99.0 -99.0 -99.0 -99.0 -99.0 -99.0 -99.0 -99.0 -99.0 -99.0 -99.0 -99.0 -99.0 -99.0 -99.0 -99.0 3.0 219.745838862 12.594 7.7341 4.8594 70955000000.0 20265000000.0 0.0 1.6258 1.0 26.38 18.71 3030900000.0 13510000000.0 1.72
5601.0 1.04726 1.03 0.0 -0.355 0.01 5.78 2.72 1.427 21.4188720534 9.46631106943 -99.0 -99.0 -99.0 -99.0 -99.0 -99.0 -99.0 -99.0 -99.0 -99.0 -99.0 -99.0 -99.0 -99.0 -99.0 2.0 127.423409016 22.707 21.052 1.6549 193130000000.0 6901300000.0 0.0 1.0473 2.0 276.4 29.55 2115800000.0 4600800000.0 0.48
3554.0 0.78515 0.785 1.0 0.114 -0.809 27.87 3.27 0.773 59.507604403 7.02461977985 -99.0 -99.0 -99.0 -99.0 -99.0 -99.0 -99.0 -99.0 -99.0 -99.0 -99.0 -99.0 -99.0 -99.0 -99.0 1.0 123.645505731 15.876 13.506 2.3701 123900000000.0 9883600000.0 0.0 0.7851 2.0 367.9 23.55 6335400000.0 6589000000.0 -0.68
15049.0 0.85336 0.854 1.0 0.045 -0.262 28.61 1.94 0.921 63.7328959296 4.67259463893 -99.0 -99.0 -99.0 -99.0 -99.0 -99.0 -99.0 -99.0 -99.0 -99.0 -99.0 -99.0 -99.0 -99.0 -99.0 2.0 277.164152268 27.859 25.79 2.0688 236610000000.0 8627200000.0 0.0 0.8534 2.0 630.9 21.79 2539100000.0 5751500000.0 0.27
13442.0 0.85336 0.86 1.0 -0.046 -0.165 0.0 0.0 1.023 0.0 0.0755384814607 -99.0 -99.0 -99.0 -99.0 -99.0 -99.0 -99.0 -99.0 -99.0 -99.0 -99.0 -99.0 -99.0 -99.0 -99.0 3.0 110.897997512 0.92227 0.74031 0.18196 6791800000.0 758790000.0 1.0 0.8534 2.0 18.11 25.01 241360000.0 505860000.0 0.3
407.0 -99.0 0.348 -1.0 -99.0 -99.0 -99.0 -99.0 -99.0 -99.0 -99.0 -99.0 -99.0 -99.0 -99.0 -99.0 -99.0 -99.0 -99.0 -99.0 -99.0 -99.0 -99.0 -99.0 -99.0 -99.0 3.0 788.18365702 0.68097 0.03989 0.64108 365970000.0 2673400000.0 1.0 0.3482 1.0 7.909 24.83 496330000.0 1782300000.0 0.83
17658.0 1.5434 1.549 1.0 -0.113 -0.59 0.0 0.0 1.242 0.0 0.0353857041755 1.21 4.62 1.059 8.57906739011 11.8738696233 0.23 1.74 0.976 1.68278682079 9.52661791303 -99.0 -99.0 -99.0 -99.0 -99.0 3.0 107.114805543 6.6911 5.4137 1.2774 49667000000.0 5327100000.0 0.0 1.5434 2.0 18.64 17.24 943900000.0 3551400000.0 1.46
20473.0 0.89269 0.884 1.0 0.088 -0.023 21.9 5.47 0.913 47.8472438698 11.4228954557 -99.0 -99.0 -99.0 -99.0 -99.0 -99.0 -99.0 -99.0 -99.0 -99.0 -99.0 -99.0 -99.0 -99.0 -99.0 1.0 110.163510562 12.251 9.2983 2.953 85305000000.0 12314000000.0 0.0 0.8927 2.0 209.5 15.28 7091300000.0 8209600000.0 -0.63
4845.0 -99.0 0.66 -1.0 -99.0 -99.0 -99.0 -99.0 -99.0 -99.0 -99.0 -99.0 -99.0 -99.0 -99.0 -99.0 -99.0 -99.0 -99.0 -99.0 -99.0 -99.0 -99.0 -99.0 -99.0 -99.0 1.0 259.506585818 30.208 26.655 3.5524 244540000000.0 14814000000.0 0.0 0.6585 1.0 1049.0 25.31 9807400000.0 9876000000.0 -1.05
15066.0 1.21998 1.22 1.0 0.049 0.38 12.67 2.43 0.937 32.7570518653 6.25681312444 0.0 0.0 1.039 0.0 0.549554500491 -99.0 -99.0 -99.0 -99.0 -99.0 -99.0 -99.0 -99.0 -99.0 -99.0 2.0 117.565699471 62.346 61.134 1.2127 560860000000.0 5057100000.0 0.0 1.22 2.0 439.9 24.45 2838000000.0 3371400000.0 -0.55
24563.0 1.2671 1.267 1.0 0.173 0.201 43.78 1.95 0.831 128.441621455 6.3473159543 0.02 0.07 0.878 0.0441092144149 1.01892285298 -99.0 -99.0 -99.0 -99.0 -99.0 -99.0 -99.0 -99.0 -99.0 -99.0 2.0 159.930146863 84.542 81.806 2.7359 750520000000.0 11409000000.0 0.0 1.2671 2.0 490.8 14.76 3388000000.0 7606200000.0 0.52
13990.0 0.929 0.929 1.0 0.023 -0.099 11.22 2.36 0.967 31.3737687921 6.76516329705 -99.0 -99.0 -99.0 -99.0 -99.0 -99.0 -99.0 -99.0 -99.0 -99.0 -99.0 -99.0 -99.0 -99.0 -99.0 2.0 165.100942345 14.586 13.943 0.64366 127910000000.0 2684100000.0 0.0 0.929 2.0 281.8 17.93 249400000.0 1789400000.0 2.44
30240.0 -99.0 0.208 -1.0 -99.0 -99.0 -99.0 -99.0 -99.0 -99.0 -99.0 -99.0 -99.0 -99.0 -99.0 -99.0 -99.0 -99.0 -99.0 -99.0 -99.0 -99.0 -99.0 -99.0 -99.0 -99.0 2.0 771.278354793 2.9061 2.043 0.86315 18743000000.0 3599500000.0 0.0 0.2081 1.0 1513.0 26.17 3151200000.0 2399600000.0 -1.49
17263.0 1.21333 1.212 1.0 -0.061 -0.159 0.01 0.05 1.069 0.00903615818699 0.239458191955 11.48 4.13 1.024 18.3027384077 6.30272033542 -99.0 -99.0 -99.0 -99.0 -99.0 -99.0 -99.0 -99.0 -99.0 -99.0 3.0 167.918669342 -99.0 -99.0 1.9463 -99.0 8116400000.0 2.0 1.2133 2.0 -3.527 19.84 600810000.0 5410900000.0 2.9
33152.0 -99.0 0.857 -1.0 -99.0 -99.0 -99.0 -99.0 -99.0 -99.0 -99.0 -99.0 -99.0 -99.0 -99.0 -99.0 -99.0 -99.0 -99.0 -99.0 -99.0 -99.0 -99.0 -99.0 -99.0 -99.0 2.0 128.595229145 14.672 12.849 1.8226 117890000000.0 7600400000.0 0.0 0.8568 1.0 313.0 15.88 4579700000.0 5066900000.0 -0.7
12658.0 0.46302 0.461 1.0 -0.023 -0.193 -99.0 -99.0 -99.0 -99.0 -99.0 -99.0 -99.0 -99.0 -99.0 -99.0 -99.0 -99.0 -99.0 -99.0 -99.0 -99.0 -99.0 -99.0 -99.0 -99.0 2.0 534.096924217 1.8908 1.2441 0.64665 11414000000.0 2696600000.0 0.0 0.463 2.0 112.7 21.93 1876000000.0 1797700000.0 -1.16
32826.0 -99.0 0.6 -1.0 -99.0 -99.0 -99.0 -99.0 -99.0 -99.0 -99.0 -99.0 -99.0 -99.0 -99.0 -99.0 -99.0 -99.0 -99.0 -99.0 -99.0 -99.0 -99.0 -99.0 -99.0 -99.0 3.0 259.640921881 0.76587 0.25296 0.51291 2320700000.0 2138900000.0 1.0 0.6008 1.0 11.79 20.65 471110000.0 1425900000.0 1.24
970.0 -99.0 0.799 -1.0 -99.0 -99.0 -99.0 -99.0 -99.0 -99.0 -99.0 -99.0 -99.0 -99.0 -99.0 -99.0 -99.0 -99.0 -99.0 -99.0 -99.0 -99.0 -99.0 -99.0 -99.0 -99.0 3.0 335.870099898 2.3118 1.2224 1.0894 11214000000.0 4543000000.0 1.0 0.7988 1.0 32.36 32.96 1338700000.0 3028700000.0 0.58
5925.0 0.79948 0.799 1.0 0.193 0.266 18.07 3.2 0.863 48.2972858826 8.8358859226 -99.0 -99.0 -99.0 -99.0 -99.0 -99.0 -99.0 -99.0 -99.0 -99.0 -99.0 -99.0 -99.0 -99.0 -99.0 2.0 194.348886504 24.441 23.93 0.51073 219550000000.0 2129800000.0 0.0 0.7995 2.0 632.6 28.76 453290000.0 1419900000.0 1.14
7392.0 0.93576 0.935 1.0 0.024 -0.44 8.49 2.03 0.935 26.232590817 6.34376162334 -99.0 -99.0 -99.0 -99.0 -99.0 -99.0 -99.0 -99.0 -99.0 -99.0 -99.0 -99.0 -99.0 -99.0 -99.0 2.0 121.453310429 14.917 13.922 0.99494 127720000000.0 4149000000.0 0.0 0.9358 2.0 275.2 30.17 1511600000.0 2766000000.0 -0.09
32444.0 -99.0 0.889 -1.0 -99.0 -99.0 -99.0 -99.0 -99.0 -99.0 -99.0 -99.0 -99.0 -99.0 -99.0 -99.0 -99.0 -99.0 -99.0 -99.0 -99.0 -99.0 -99.0 -99.0 -99.0 -99.0 3.0 167.777340378 -99.0 -99.0 0.35769 -99.0 1491600000.0 2.0 0.8891 1.0 -18.03 17.81 141960000.0 994420000.0 2.7
20976.0 0.89364 0.892 1.0 0.152 0.291 20.85 2.49 0.889 91.2475444118 11.4646923386 -99.0 -99.0 -99.0 -99.0 -99.0 -99.0 -99.0 -99.0 -99.0 -99.0 -99.0 -99.0 -99.0 -99.0 -99.0 2.0 102.765870456 13.481 12.899 0.58218 118340000000.0 2427800000.0 0.0 0.8936 2.0 289.9 20.26 724260000.0 1618500000.0 0.2
24609.0 0.67615 0.677 1.0 0.065 -0.399 0.0 0.0 0.851 0.0 0.0715926378904 -99.0 -99.0 -99.0 -99.0 -99.0 -99.0 -99.0 -99.0 -99.0 -99.0 -99.0 -99.0 -99.0 -99.0 -99.0 3.0 166.909880331 0.30695 0.096106 0.21084 881700000.0 879230000.0 1.0 0.6762 2.0 3.596 22.23 176780000.0 586160000.0 0.7
14250.0 0.17 0.22 0.0 0.13 0.317 -99.0 -99.0 -99.0 -99.0 -99.0 -99.0 -99.0 -99.0 -99.0 -99.0 -99.0 -99.0 -99.0 -99.0 -99.0 -99.0 -99.0 -99.0 -99.0 -99.0 3.0 931.766114645 -99.0 -99.0 0.15262 -99.0 636460000.0 2.0 0.17 2.0 -20.6 20.12 237550000.0 424310000.0 -0.07
3499.0 0.92418 0.922 1.0 0.127 -0.123 6.14 3.7 0.87 32.933509339 17.7738049455 -99.0 -99.0 -99.0 -99.0 -99.0 -99.0 -99.0 -99.0 -99.0 -99.0 -99.0 -99.0 -99.0 -99.0 -99.0 2.0 132.783598166 17.394 16.872 0.52125 154790000000.0 2173700000.0 0.0 0.9242 2.0 346.4 25.25 650330000.0 1449100000.0 0.14
2616.0 -99.0 1.645 -1.0 -99.0 -99.0 -99.0 -99.0 -99.0 -99.0 -99.0 -99.0 -99.0 -99.0 -99.0 -99.0 -99.0 -99.0 -99.0 -99.0 -99.0 -99.0 -99.0 -99.0 -99.0 -99.0 3.0 198.428892146 7.7573 2.5939 5.1634 23797000000.0 21532000000.0 1.0 1.6452 1.0 8.953 25.86 2467100000.0 14355000000.0 2.14
23677.0 0.76385 0.764 1.0 -0.081 -0.101 0.0 0.0 1.064 0.0 0.0737024123366 -99.0 -99.0 -99.0 -99.0 -99.0 -99.0 -99.0 -99.0 -99.0 -99.0 -99.0 -99.0 -99.0 -99.0 -99.0 3.0 301.800835162 1.3049 0.83488 0.47001 7659400000.0 1960000000.0 0.0 0.7638 2.0 24.03 20.45 340770000.0 1306700000.0 0.23
33822.0 -99.0 0.499 -1.0 -99.0 -99.0 -99.0 -99.0 -99.0 -99.0 -99.0 -99.0 -99.0 -99.0 -99.0 -99.0 -99.0 -99.0 -99.0 -99.0 -99.0 -99.0 -99.0 -99.0 -99.0 -99.0 3.0 146.548821289 -99.0 -99.0 0.20435 -99.0 852160000.0 2.0 0.506 1.0 -11.28 13.03 108170000.0 568110000.0 2.08
15042.0 0.76827 0.766 1.0 0.101 -0.432 28.41 5.27 0.833 47.0516380417 9.05404717605 -99.0 -99.0 -99.0 -99.0 -99.0 -99.0 -99.0 -99.0 -99.0 -99.0 -99.0 -99.0 -99.0 -99.0 -99.0 1.0 179.121272963 13.988 11.232 2.7555 103050000000.0 11491000000.0 0.0 0.7683 2.0 319.5 23.43 6516500000.0 7660600000.0 -0.49
31880.0 -99.0 0.932 -1.0 -99.0 -99.0 -99.0 -99.0 -99.0 -99.0 -99.0 -99.0 -99.0 -99.0 -99.0 -99.0 -99.0 -99.0 -99.0 -99.0 -99.0 -99.0 -99.0 -99.0 -99.0 -99.0 3.0 155.115684298 -99.0 -99.0 0.57809 -99.0 2410700000.0 2.0 0.9324 1.0 -0.7608 13.85 448450000.0 1607100000.0 1.11
19966.0 1.27277 1.258 1.0 0.008 0.005 0.0 0.0 0.992 0.0 0.00439991728156 0.0 0.0 0.993 0.0 0.33879363068 -99.0 -99.0 -99.0 -99.0 -99.0 -99.0 -99.0 -99.0 -99.0 -99.0 3.0 119.271884023 4.5795 4.1044 0.47508 37655000000.0 1981100000.0 0.0 1.2728 2.0 24.1 17.44 169530000.0 1320800000.0 2.66
17514.0 0.44484 0.446 1.0 0.045 -0.047 -99.0 -99.0 -99.0 -99.0 -99.0 -99.0 -99.0 -99.0 -99.0 -99.0 -99.0 -99.0 -99.0 -99.0 -99.0 -99.0 -99.0 -99.0 -99.0 -99.0 2.0 454.822877917 5.1801 4.4893 0.69079 41186000000.0 2880700000.0 0.0 0.4448 2.0 453.8 15.64 1917300000.0 1920500000.0 -1.15
22474.0 -99.0 0.935 -1.0 -99.0 -99.0 -99.0 -99.0 -99.0 -99.0 -99.0 -99.0 -99.0 -99.0 -99.0 -99.0 -99.0 -99.0 -99.0 -99.0 -99.0 -99.0 -99.0 -99.0 -99.0 -99.0 3.0 127.763327487 33.853 33.249 0.60357 305040000000.0 2517000000.0 0.0 0.9348 1.0 659.4 28.23 390850000.0 1678000000.0 1.67
16967.0 0.75155 0.751 1.0 0.028 -0.511 36.18 3.58 0.879 43.5899631755 4.39610630584 -99.0 -99.0 -99.0 -99.0 -99.0 -99.0 -99.0 -99.0 -99.0 -99.0 -99.0 -99.0 -99.0 -99.0 -99.0 2.0 363.216330508 37.122 35.954 1.1678 329860000000.0 4869900000.0 0.0 0.7516 2.0 1071.0 24.58 1161400000.0 3246600000.0 0.59
9287.0 1.0493 1.046 1.0 0.085 -0.006 40.09 1.55 0.918 131.503440199 5.4652808276 -99.0 -99.0 -99.0 -99.0 -99.0 -99.0 -99.0 -99.0 -99.0 -99.0 -99.0 -99.0 -99.0 -99.0 -99.0 1.0 136.816387479 34.066 30.86 3.206 283120000000.0 13370000000.0 0.0 1.0493 2.0 402.2 21.67 6985600000.0 8913100000.0 -0.43
17262.0 0.65533 0.661 1.0 -0.069 -0.243 0.0 0.0 1.007 0.0 0.97261573221 -99.0 -99.0 -99.0 -99.0 -99.0 -99.0 -99.0 -99.0 -99.0 -99.0 -99.0 -99.0 -99.0 -99.0 -99.0 3.0 553.23356396 -99.0 -99.0 0.7002 -99.0 2919900000.0 2.0 0.6553 2.0 -13.39 26.67 360770000.0 1946600000.0 2.22
6703.0 1.2671 1.266 1.0 0.035 0.229 3.88 2.04 0.953 14.0355520268 6.55904018349 0.0 0.0 1.013 0.0 0.0264655286489 -99.0 -99.0 -99.0 -99.0 -99.0 -99.0 -99.0 -99.0 -99.0 -99.0 2.0 120.249808943 6.6144 4.9704 1.644 45600000000.0 6855800000.0 0.0 1.2671 2.0 29.82 20.85 1586400000.0 4570600000.0 0.93
27870.0 -99.0 0.679 -1.0 -99.0 -99.0 -99.0 -99.0 -99.0 -99.0 -99.0 -99.0 -99.0 -99.0 -99.0 -99.0 -99.0 -99.0 -99.0 -99.0 -99.0 -99.0 -99.0 -99.0 -99.0 -99.0 3.0 206.734569153 0.73809 0.37278 0.36531 3420000000.0 1523400000.0 1.0 0.6786 1.0 13.85 21.51 345490000.0 1015600000.0 0.34
13083.0 2.0147 2.014 1.0 -0.026 -0.333 -99.0 -99.0 -99.0 -99.0 -99.0 0.0 0.0 1.053 0.0 0.00331707964308 0.17 0.81 1.006 0.852489468272 2.71337114804 0.49 1.69 0.954 4.89932663283 11.626364149 3.0 155.100378448 11.302 8.5067 2.7949 78043000000.0 11655000000.0 0.0 2.0147 2.0 25.14 19.74 993970000.0 7770000000.0 2.59
3700.0 0.95424 0.955 1.0 0.059 -0.174 17.59 2.89 0.928 15.3717046013 2.49713443589 -99.0 -99.0 -99.0 -99.0 -99.0 -99.0 -99.0 -99.0 -99.0 -99.0 -99.0 -99.0 -99.0 -99.0 -99.0 2.0 233.967799331 23.753 19.841 3.9115 182030000000.0 16311000000.0 0.0 0.9542 2.0 367.9 23.36 7029400000.0 10874000000.0 -0.29
2055.0 -99.0 1.166 -1.0 -99.0 -99.0 -99.0 -99.0 -99.0 -99.0 -99.0 -99.0 -99.0 -99.0 -99.0 -99.0 -99.0 -99.0 -99.0 -99.0 -99.0 -99.0 -99.0 -99.0 -99.0 -99.0 1.0 143.599450439 61.078 57.117 3.9609 524010000000.0 16517000000.0 0.0 1.166 1.0 501.4 32.56 5658400000.0 11012000000.0 0.24
27293.0 -99.0 0.693 -1.0 -99.0 -99.0 -99.0 -99.0 -99.0 -99.0 -99.0 -99.0 -99.0 -99.0 -99.0 -99.0 -99.0 -99.0 -99.0 -99.0 -99.0 -99.0 -99.0 -99.0 -99.0 -99.0 2.0 224.414768765 10.059 8.1342 1.9247 74625000000.0 8026300000.0 0.0 0.6926 1.0 290.0 21.64 3109800000.0 5350900000.0 0.23
10860.0 0.92514 0.925 1.0 0.167 -0.739 20.67 3.72 0.784 55.5024569642 10.3836604091 -99.0 -99.0 -99.0 -99.0 -99.0 -99.0 -99.0 -99.0 -99.0 -99.0 -99.0 -99.0 -99.0 -99.0 -99.0 2.0 132.81591773 48.482 47.195 1.2872 432980000000.0 5367600000.0 0.0 0.9251 2.0 966.1 23.27 2443200000.0 3578400000.0 -0.27
