# logmass sfr_fraction_1 sfr_fraction_2 sfr_fraction_3 sfr_fraction_4 sfr_fraction_5 dust2 logzsol dust_index dust1 duste_qpah duste_gamma duste_umin 
10.0242742751 0.00885613595581 0.301094967952 0.458194003687 0.149228333388 0.0512678918087 0.405420311361 -1.33293069058 0.241914184886 0.368774453486 8.22658623598 0.942599808563 8.66677863054 
10.8730178821 0.204606020718 0.0186366533033 0.346228952885 0.269151924914 0.05719215784 0.721536739371 -1.11134481001 -0.441398745071 1.02526591906 8.53234501156 0.476383450916 15.1159842386 
10.2969313921 0.00624556924354 0.496081165204 0.258972922676 0.0877878250544 0.0782394475565 0.596328316995 -0.708571922376 -0.151138809091 0.123836961913 2.84392042348 0.911264725628 2.01540991237 
10.558561117 0.0303136369855 0.293027172337 0.114441040367 0.250653276123 0.133305200341 0.536042197502 -1.96778207872 0.240312034057 0.0274348178033 9.74782867362 0.830496828056 10.4303985076 
10.6414775937 0.0608639601318 0.173771520138 0.0237216344654 0.410133690681 0.179267149262 0.587810343472 -0.524270844369 0.115770772839 0.104072653555 0.7499533049 0.468153535996 3.97982448425 
10.5544139456 0.180454530822 0.394630567369 0.0162305834012 0.246487648335 0.0520876168282 0.680447112775 -0.79245751615 -0.807446967954 0.277691909538 8.18876629011 0.407711454913 3.85425893757 
10.415373687 0.08546580013 0.223045333453 0.0464982718686 0.15955261009 0.184478402561 0.318165911429 -1.67645876885 -0.328889154931 0.39434049663 0.884040063391 0.251635278389 9.69432848146 
10.1953846242 0.00409897812217 0.324643402079 0.487206192007 0.151958879666 0.0183414477048 0.300167605511 -0.325937154923 0.152185064294 0.205356731501 4.81812376082 0.941744933305 7.46036366085 
10.5421432985 0.0716588778091 0.0292763956434 0.13010119546 0.134671375539 0.162528169017 0.519411390631 -0.114674814991 -0.407036728756 0.698608124864 8.38133520269 0.216380145519 16.6456231477 
10.260110623 0.141231226959 0.265688492647 0.325555466516 0.0223337196602 0.0583508702989 0.00621178208008 -0.253857838961 0.290668812335 0.00577309523244 9.70352988223 0.092841264483 12.8386836918 
10.9836676633 0.275445509832 0.497180731207 0.0198560402922 0.0151483845789 0.108347539475 0.67378252254 -1.24901328404 -0.240755927206 0.484900782088 9.88870195161 0.0271869933441 13.8381054757 
10.3632851723 0.196820759024 0.188638905153 0.222954146782 0.0861599492011 0.158042293515 0.638955773404 -1.88623972773 0.0436247100018 0.102732406457 0.934536753015 0.0837294584747 0.308410485435 
10.1917754328 0.230913192532 0.000387189693976 0.0416215060371 0.0549421549212 0.560955540876 0.568149746353 0.0661091543611 -0.839665750919 0.0344294177598 2.29292424792 0.159266311369 11.9770760907 
10.6596312866 0.12550148154 0.00371919284431 0.283863528061 0.0612025033458 0.250494306149 0.614524286859 -0.960905561321 -0.119174052636 0.524421096566 3.33720624106 0.925237674073 5.29179985862 
10.0297846395 0.00519848804235 0.0377062316084 0.169346097665 0.0490560781213 0.0569813431324 0.444970120187 0.0962051647513 0.0532076323474 0.314220524009 7.36939013174 0.671292690646 0.840014003696 
10.279748193 0.0896973144499 0.00199424367853 0.418024240093 0.17728765878 0.293030900789 0.635965109778 -1.88616992185 0.152130670525 0.665141789651 5.19520693904 0.41653244013 14.1542256311 
10.4328536321 0.0126374182565 0.141412676063 0.0483494060235 0.0397036486489 0.304370503023 0.144067664589 -1.06860134702 0.0340003504937 0.145847360117 8.83682090016 0.511890467616 2.91605435074 
10.771417792 0.088101620431 0.0496137409802 0.264028519733 0.117887584942 0.0637515071412 0.453931020176 -1.05899527171 0.191452202791 0.073588296647 3.54466936616 0.88268017995 14.3499679312 
10.9260783569 0.0582969669655 0.145212047616 0.0581575125983 0.0693399231216 0.134949239148 0.459314442925 -1.50244085072 0.4 0.499947978785 6.50614548174 0.538284935671 10.3544777178 
10.8004269972 0.0894734946924 0.193871572709 0.114304812737 0.0225834804968 0.183257003338 0.314056062383 0.183578718038 0.311292182196 0.268429163525 6.63194590244 0.976976575026 4.08235531103 
10.1139619416 0.129101095606 0.424444270932 0.00839368719581 0.156720075131 0.0949854841743 0.26715361117 -1.61780864185 0.4 0.366579898413 8.03767524706 0.00217207992948 10.2867722128 
10.0397325407 0.482013151199 0.271786479954 0.138910244901 0.0366790251985 0.0225422940149 0.327375323688 -0.291023367704 -1.4 0.130414568397 9.5458895653 0.883596019192 6.17861766638 
10.3866113898 0.558473437971 0.0215956478451 0.128972295286 0.151881943645 0.050652365803 0.587622403521 -1.01296367341 0.4 0.395941220436 0.392537642217 0.459340687384 22.2533441971 
10.0521419408 0.236621834404 0.239395630334 0.153650604684 0.0308397999998 0.032165791082 0.0407663190342 -1.82823288056 0.4 0.0358846396843 6.01232538465 0.668788197983 8.42688301271 
10.7659347459 0.0415079379886 0.186074480791 0.425370376199 0.0960593924923 0.060903604422 0.582620437733 -1.327934901 0.4 0.457464673831 3.02311693207 0.786519379722 22.4372142095 
10.5379678474 0.444803816737 0.158395583121 0.121700204373 0.0471273792722 0.110008499485 0.409278136616 -1.0774743753 -0.47936324285 0.577754196358 5.46894725889 0.27007184255 23.7042677541 
10.1446884778 0.0307306375452 0.0652452336618 0.296485139568 0.356193348618 0.205887745446 0.479885498724 -1.5901006935 0.4 0.669304874478 1.04898758681 0.558783506964 20.1979998072 
10.753327172 0.0669492830796 0.523916505128 0.120188924819 0.0555182772061 0.122934106794 0.352492109096 -1.03660208685 -0.124745793572 0.394145967065 6.04655599593 0.222544786425 2.94359388013 
10.5845596367 0.000959727461267 0.0199628333319 0.472897700828 0.0881736777538 0.0157906941248 0.339354982532 -0.874496604369 0.161796588688 0.506218234819 9.38065462697 0.555022222646 5.71382385294 
10.4398642461 0.296464405462 0.219967828368 0.0482357128999 0.102474313575 0.140254351116 0.131758528749 -1.79791434876 0.4 0.0398334345929 7.33116121377 0.968115782363 12.323179669 
10.1095192761 0.250436410022 0.10759153809 0.134724205589 0.365495901387 0.124996538283 0.260231360927 -0.739349671722 -0.40180373929 0.291873336166 5.54237357814 0.0467787031381 5.07960029754 
10.1971017797 0.467576425453 0.0839107719424 0.00421893186418 0.185216720482 0.0996653351525 0.479826257445 -1.04358699018 0.00137167698049 0.41119405881 2.16378046745 0.339779584087 14.5300743653 
10.1563314114 0.0631462973921 0.26120369971 0.0682994824833 0.163262857697 0.198434857939 0.415787363826 -0.95648743204 -0.0535349334329 0.286567857657 5.13901174532 0.470750201706 9.16209700533 
10.7480341575 0.0414257592683 0.275276571863 0.00308552841513 0.151388609886 0.400517181409 0.747954385769 -0.630576053793 0.4 0.217450975842 0.195564030422 0.450656416034 11.7384321614 
10.8433010068 0.130426510217 0.286109568269 0.137271680566 0.0600290866582 0.201719010808 0.208375750063 -1.92963607609 0.4 0.256095952028 7.64067308941 0.0151448148648 9.52637330448 
10.4869812424 0.20682538604 0.0105914242112 0.0788546484108 0.372210213751 0.0852699894898 0.386479421345 -1.64789456399 0.4 0.354031718088 8.95290847276 0.00532854500278 3.23329640204 
10.6724754719 0.139881224602 0.108603813978 0.105914541453 0.0439488581792 0.436166091919 0.63886881645 -0.34741634986 0.31424834986 0.177822235455 5.04660182821 0.404234128021 23.6399421896 
10.4221593535 0.191648285742 0.14976688243 0.129817958164 0.00823941418486 0.0421863792028 0.704042044249 -0.872151183381 -0.879777249322 0.749244475086 7.32081421726 0.667296095162 3.79819816228 
10.2733814136 0.0939213847666 0.415154722751 0.137590829575 0.012999699408 0.274896278415 0.48852730583 -1.69761496774 -0.55368996465 0.687592654499 2.88653013712 0.743924734755 18.9486800408 
10.4209740464 0.117411474427 0.24343649694 0.11159661577 0.173965331171 0.036385628602 0.251773732919 -1.33949871021 -0.0715846858855 0.300792680999 9.64641698772 0.295676693927 4.60986512771 
10.7086077948 0.109645327926 0.19025520895 0.00621245451994 0.192182127198 0.0893121374669 0.299913901003 -0.469764308148 0.4 0.261820440994 1.15767996115 0.387084859163 12.9802523165 
10.8682820688 0.313964877976 0.0702596735707 0.107990409884 0.187723108821 0.226385572169 0.389119380509 -0.538006281873 0.351984065664 0.387322908576 6.64864900246 0.570145941247 2.56119657494 
10.9301419333 0.199374126171 0.00269236757454 0.524600465444 0.0730262254776 0.104092538569 0.47706584483 -1.53474873504 -0.471136738362 0.203885242457 1.97781821103 0.483346574708 0.398830093365 
10.5992858107 0.0316188726015 0.0556224741897 0.411630393282 0.124390703681 0.0508194641107 0.231409469239 -1.75388824225 -0.118430720586 0.0775635434588 8.21724294426 0.693521284936 20.3042086336 
10.0878757204 0.0195718833101 0.146169558072 0.209884779864 0.0803680553037 0.0825394910921 0.0209789552946 -0.641223457549 -0.198791474493 0.0312251553997 1.63647125794 0.706279187622 21.4051246025 
10.8753167409 0.121743542195 0.147209500283 0.0522334463933 0.304905595718 0.31106678393 0.471395900769 -1.87911995205 0.0531140177302 0.0915444523007 1.09041033587 0.956018256384 16.0857854819 
10.4495699789 0.0464552364187 0.351927868386 0.243800259867 0.136438062279 0.152193422222 0.0346848111156 0.0480942817502 0.311402202419 0.0106411327202 6.99690291901 0.251363401173 6.91126192176 
10.9262316563 0.0620001022032 0.0438704466272 0.141671198839 0.246114620508 0.270152385388 0.0889953645994 -0.662479440509 0.395677991215 0.12779848345 2.85703575188 0.945504333086 9.38299390521 
10.7871055536 0.0586252087516 0.031066207505 0.334516002097 0.00601613746924 0.443862661555 0.345491610021 -0.184130342717 -0.0254165136617 0.263518925566 4.25302222411 0.346909119863 22.1970820977 
10.6522258047 0.201684583641 0.220227915729 0.301508107582 0.00295034972751 0.0404634236292 0.0148872949392 0.155458269293 -0.216699574377 0.000285561161734 1.58659844629 0.337912863636 21.8271851589 
10.86408596 0.166809457814 0.252508968406 0.395082836919 0.106212410232 0.031563272415 0.738024487191 -0.191070723695 0.4 0.218139913638 1.79435796052 0.261074452401 21.3195131614 
10.442129278 0.252804719549 0.0425876446391 0.0500194920921 0.223130977195 0.213647364376 0.688177152231 -1.53071879343 0.0263433142414 0.681598073498 7.73466202019 0.0108329245112 21.1071472087 
10.2562651641 0.319264931914 0.11066633921 0.0457902853027 0.332380841361 0.0361948537218 0.645907495272 -1.75871317131 -0.233693870735 0.661180691959 5.40654368342 0.264392399653 1.39958276967 
10.7645045406 0.0523918788194 0.338049432549 0.114483257723 0.093298980387 0.29384774757 0.606730881466 -0.624891809276 -0.0386998652751 0.520837302145 5.84832508654 0.535746583264 22.7492856618 
10.8597342935 0.123591155881 0.0478848480457 0.415702875469 0.11570875453 0.29588241704 0.733625040507 -0.504747111018 -0.2531212872 0.79218754169 9.73911136239 0.705631783378 14.7203252196 
10.0823998688 0.0929384950718 0.079629885856 0.204418803498 0.343431272909 0.0298594290734 0.614160073882 -0.910945188067 -0.0499794235121 0.0138306641281 4.46709462754 0.946910256163 2.07212267599 
10.8236591187 0.432224632895 0.229770329552 0.0635943420864 0.216803015245 0.0545523081052 0.54363899763 0.13580831013 -0.384145227429 0.111498060175 5.54579050602 0.890292270935 24.7420717778 
10.0203506905 0.163522376066 0.239735578702 0.0663161518463 0.0902077034341 0.187353549243 0.442350361065 -0.584390538342 0.4 0.524008480504 4.53822170622 0.0811604699438 15.4229282595 
10.6207598817 0.143181645212 0.39377176489 0.122241483925 0.0932355857657 0.0510140013172 0.304302939841 -1.52504804378 0.261169370546 0.343108201042 9.84868480717 0.432230551556 10.3417314632 
10.1827169921 0.0387700261118 0.0826194731085 0.769496833249 0.0333896928389 0.0460967799972 0.727945706585 -0.338693039629 0.0587018094383 0.0643370289914 7.6022065054 0.671371700754 10.2165317343 
10.3398372594 0.300146679411 0.0553828109158 0.0962553948838 0.21544357138 0.0757638995415 0.47213379081 -1.1267922889 0.154458296735 0.626740922464 0.842278666845 0.669852753441 4.89666070677 
10.8338047337 0.250302542516 0.11046503829 0.120938312358 0.107757309063 0.11925321624 0.51608266053 -0.164968630995 0.239132126405 0.0227737677378 5.05610276537 0.719719524177 7.13885235941 
10.1097521368 0.153644960316 0.146636515781 0.260898276872 0.0979717013128 0.205938141985 0.444028284553 -0.248581824882 -0.438694286458 0.144676329723 6.11341069007 0.569268108604 7.20851910175 
10.3349779606 0.034784098564 0.206369672375 0.215327985731 0.39615603535 0.0980856700393 0.285287152415 -0.491965259045 -0.27964671711 0.00401449048134 0.0948868116046 0.251133217283 0.757745873329 
10.4033054519 0.178050538667 0.185828879145 0.311174597154 0.00391666590048 0.111559003462 0.387006529475 -1.4860903281 -0.301570780431 0.484244466736 1.49202530738 0.00126368340998 7.64835596964 
10.0387715991 0.302189535098 0.150373499353 0.257761795269 0.166035719617 0.123615968855 0.268879094694 -0.0619591357558 0.243870556366 0.394069136554 5.71771630188 0.0361618695056 3.13574813904 
10.6271544308 0.0649077979598 0.0823952439702 0.0195748757123 0.187086051097 0.63074286712 0.612634429697 -1.36596966699 -0.0453829596996 0.338820742578 2.34081725836 0.0823891445159 3.75498336653 
10.1375175949 0.0412027677447 0.24366105114 0.320406847099 0.0354927795924 0.335173048792 0.645181845461 -0.0825820077263 -0.328347328406 0.91699479861 2.2943961205 0.518834755258 18.7533478805 
10.2537016526 0.339715322062 0.11625523659 0.211998039001 0.163575996067 0.0687818539256 0.0340528008399 -0.00496208532589 0.4 0.0246158785401 3.72514079631 0.161879395069 6.68026329594 
10.6831291035 0.070426256768 0.0532193525212 0.302814027401 0.486269506229 0.0268965271169 0.293912390456 -1.38948884777 -0.49908272102 0.348607050326 4.85264011819 0.233715714029 3.83032904391 
10.2755920677 0.116026072711 0.360568937035 0.0195314493135 0.0141601995734 0.389389508191 0.267593311332 -1.21377017069 -0.27030516941 0.123778812765 9.37738726425 0.777121817327 13.1689052832 
10.6952210304 0.0552267373449 0.0529776862448 0.0128519131669 0.426215940558 0.386951083723 0.599700305114 -1.89944690582 -0.097823693277 0.342267562397 0.965729932045 0.875456777352 10.1687042301 
10.5672302484 0.526541858785 0.0138303188056 0.000747765199272 0.302064163532 0.122441870246 0.134388661839 -0.136244497762 -0.327051984 0.0549212297271 1.03731814926 0.217132157966 15.8077801759 
10.7958521782 0.0658960274138 0.455565821976 0.203860722785 0.173397261268 0.016767046404 0.566539312762 -1.27421298045 -0.231459882547 0.293707242615 4.5700264599 0.256855470302 18.2233296675 
10.3416330085 0.104550598155 0.138540963629 0.0864370766339 0.526029731863 0.131676127864 0.325419122322 -0.906084364431 0.4 0.274324999937 3.31608520405 0.307840799597 10.9811453259 
10.8717294293 0.288303803723 0.0768535782823 0.107249017266 0.314163410755 0.103987707011 0.299277573409 -1.63867000447 0.4 0.436535472973 8.27884523509 0.743122133177 20.4259603558 
10.2407133251 0.0295578972083 0.0707209842232 0.365565039049 0.0850763545539 0.182579633596 0.344956795642 -0.402523365402 -0.706712236022 0.508809297647 2.27741217465 0.814476609652 6.27238370841 
10.6106026668 0.107357073465 0.105494893144 0.200069359612 0.425103950441 0.148463051905 0.588305720009 -1.64010943903 -0.42055408259 0.43895468913 9.39432651321 0.500269586347 1.7599243019 
10.0474178262 0.105692396659 0.314080295524 0.115746465702 0.276831962832 0.0783284676777 0.689701333299 -0.270403961207 -0.254660175152 0.108053309464 9.86178074743 0.0727884181796 7.54525472362 
10.4418626436 0.0934218599006 0.358553649847 0.00442427162212 0.210227846725 0.0155579646601 0.739577252296 -1.95840944659 -0.579519568966 0.201559536277 6.22742085594 0.146215795884 20.3191414019 
10.5940029357 0.216293970399 0.316605138775 0.204969716844 0.0567662723966 0.0238180047437 0.315723501892 -0.687074522617 0.13347562311 0.165190652567 9.59320761608 0.741165761976 10.6455338762 
10.1094532298 0.0268255402704 0.0306442177245 0.0334322462274 0.180064307466 0.486092295279 0.0310980714559 -1.12021390811 0.4 0.000573538010162 4.88455508689 0.0271277766063 18.2836041379 
10.2510534446 0.0126752876142 0.260203635385 0.0804009657948 0.371238861824 0.248457194649 0.000913379934157 -1.41251970114 0.4 0.000799133995687 4.04941759001 0.899423864772 20.1810881455 
10.6337801385 0.316791157973 0.144799574377 0.0679971716452 0.358925770779 0.060644190921 0.238845323261 -1.97615497889 0.344330754628 0.0497291531204 3.47183507224 0.656664918899 23.6512785197 
10.2738419248 0.0812945670024 0.516728326759 0.141574584288 0.0788546297536 0.111372173247 0.501373568334 -1.22568293832 0.4 0.0525639023799 5.52298639392 0.534749757247 6.54650058342 
10.8811721508 0.109815518406 0.21720037002 0.080837372895 0.145185947271 0.168965535691 0.666573371009 -0.403105190849 0.4 0.462331564962 5.0797663241 0.38191078343 18.9258784711 
10.1175838916 0.0814594236492 0.00781715266654 0.0203244038044 0.060451701431 0.422828647261 0.592360205238 -0.228813420268 0.229256100409 0.766661958643 8.73404927981 0.93263703881 5.45819119008 
10.7378391453 0.423947908536 0.0863446053613 0.168433727818 0.0117135074585 0.061223562833 0.733832258564 -1.33279458906 0.4 0.227984122345 9.24245590611 0.585367829906 20.9841403351 
10.0292762529 0.355895211645 0.0336841475322 0.0481377274074 0.136384592862 0.0224012710548 0.250081887111 -0.0521149666488 -1.14633305289 0.166620841087 5.7413348937 0.278404390478 14.8119552238 
10.7346627212 0.105561075469 0.0582712567432 0.162828204919 0.273752192387 0.305403690628 0.279424475224 -0.455060381403 0.4 0.185234623394 0.642571705053 0.239028217788 17.525646945 
10.272691091 0.130480075049 0.164267978971 0.247566631343 0.0975234525451 0.0100127339924 0.483135533609 -0.854362314294 -0.709608686249 0.15391856778 4.68714828134 0.504649353578 9.27476030868 
10.5748428919 0.0532556457776 0.169411070651 0.171034661029 0.487393844091 0.0396207679213 0.616196444206 -1.65142312607 0.4 0.884543755087 8.93752796398 0.387393120535 22.7914087989 
10.6425748959 0.31550134608 0.231414932319 0.0271781969475 0.0968421212661 0.0215652865258 0.187335003118 -1.30238935291 -0.923688741225 0.0243534004646 2.03574205807 0.00156151427727 4.53877248414 
10.7126245113 0.168324207551 0.377260517726 0.196366446317 0.0217822535498 0.114018665247 0.669922483216 -1.69576837191 -0.259222308306 0.856771325474 0.672971207369 0.0044767271838 18.5162649297 
10.4013669551 0.215272912533 0.126996755199 0.307066609824 0.0337877607166 0.0533287145145 0.68882883794 -1.19033882371 -0.430510791392 0.173205704099 8.63542887858 0.357718039593 4.98817425472 
10.5841041702 0.306381538585 0.000872310011693 0.0527725655439 0.434978116275 0.0294364267702 0.536285008634 -0.431910865096 -0.1607218882 0.748356206042 5.86727871518 0.29835796929 8.21355749727 
10.5797098665 0.0375690599728 0.0134540202361 0.158371891619 0.14483073864 0.429233147381 0.162737647139 -1.10746181835 -0.367666341041 0.160317319067 4.54283043631 0.721207168731 11.217371862 
10.1101616135 0.292208915836 0.125924335012 0.15131583086 0.0104633739259 0.354528548675 0.345756613125 -1.11766296812 -0.419563410247 0.493332713904 5.98296984208 0.37134166126 0.880756038055 
10.8825318338 0.0427640992981 0.41621725171 0.152374487069 0.297322645961 0.0334804240159 0.219420862187 -1.20142502079 -1.04011756487 0.177900434264 5.82270417253 0.465531429445 5.04186419562 
10.586991976 0.405445430907 0.000658726497472 0.0968101313535 0.0987866237171 0.376392769343 0.0437308410471 -0.23357482122 0.4 0.0116939399801 0.269681121939 0.71319017591 5.10425429928 
10.2160051934 0.0421702482703 0.0035328197947 0.047061294614 0.506600205277 0.283761746036 0.151339905976 -1.36822125193 0.4 0.0980433762899 1.61881041349 0.501372840068 15.5129556109 
10.0912072256 0.121092768054 0.351944923514 0.0624943866881 0.265266803384 0.0592914444105 0.130683114625 -0.429912717428 0.4 0.139278731471 2.83904541638 0.186504781083 19.5906303523 
10.591352473 0.267627996217 0.253726347248 0.0303367585374 0.00533208892238 0.163782496315 0.342493498064 -0.863449689065 -0.864863609377 0.190398741347 8.79315265434 0.601873092014 7.38502908837 
10.5140274258 0.0915663710783 0.0215736197251 0.166755664231 0.0562368331019 0.306053405111 0.0360821144799 -1.00601108764 0.236247322893 0.000944499139026 8.96286424889 0.705998505901 13.6885184173 
10.1801163058 0.112764767357 0.479909568163 0.0188657799882 0.166937350613 0.175772395424 0.0454392163197 -1.42788622456 0.17874865291 0.00517065107375 9.93057417591 0.625438680241 1.39393903121 
10.8604300073 0.246404235311 0.32293340134 0.128757152193 0.0571806308275 0.0946042327985 0.593989296671 0.0623768732636 0.4 0.600694420819 7.48939314481 0.464592818661 20.0478474802 
10.8124083235 0.157546803031 0.143561968565 0.197416005628 0.000438964265747 0.314258810878 0.673222143532 -0.56609842074 -0.0510524590456 0.55631895826 1.03901363004 0.254091818795 8.3186514358 
10.2629029978 0.397731820467 0.206720897531 0.063339212948 0.0438813146046 0.150905898934 0.319468638471 0.0863753814158 0.0935718076796 0.131009509659 8.54594949194 0.599179264671 24.2438895991 
10.0356051493 0.336276713555 0.0365932442559 0.0693658229324 0.176254689535 0.205493642878 0.516878318239 -0.327392175212 -0.105992487657 0.228193138115 2.51178404926 0.143884979839 21.7628856492 
10.5730673926 0.269540273596 0.0472670068329 0.356491580977 0.0658617854381 0.105527601975 0.677082467476 -1.6194477818 0.4 0.2214258935 1.49295073503 0.337216084201 13.7019613283 
10.7305335484 0.0425947546856 0.198929646593 0.200972064297 0.136748390753 0.115832579106 0.558058253112 -0.967319241335 0.4 0.37854565535 7.66786241883 0.981101458386 4.53603801535 
10.9174566681 0.138672993112 0.489905927653 0.0962072469911 0.0311338387123 0.0117800508188 0.566272608976 -0.28066298033 0.4 0.528409435337 9.25375740071 0.459198100101 5.49749048982 
10.0779288124 0.284975753161 0.274289415315 0.106170750468 0.0257947169515 0.210055627516 0.00564446889797 -1.79055703579 -1.05734385324 0.00115458154434 4.95558092589 0.764069077654 21.3497299973 
10.5983732412 0.0622320748074 0.109687033536 0.232976151853 0.213781273806 0.203021543321 0.642116988664 -1.00212143806 -0.361709607503 0.691814107776 9.58257515658 0.401668298665 20.1973379934 
10.7240227469 0.100450562946 0.0913313891419 0.0449927792628 0.49748159089 0.062465933586 0.374136172158 -0.319371303367 0.012477920771 0.143262239989 7.60299428978 0.842755367914 6.762735679 
10.0757015958 0.0682236871519 0.0876682169865 0.0194815808494 0.158900854992 0.297072232095 0.70554660481 -0.573447710957 0.4 0.849463381793 8.53781702596 0.813966182096 13.9372161393 
10.2220697619 0.137562777932 0.194296477062 0.327173268472 0.242834094619 0.0293377410199 0.496601779519 -1.21543695879 0.0146828930297 0.523393644531 8.54168929764 0.398253909804 14.6459456089 
10.2857633286 0.143363059804 0.0512886413458 0.469663976217 0.00980310184868 0.164398927899 0.398683869837 -1.89226493099 0.0978526516061 0.197154744885 6.93958559 0.601108124747 6.94389987908 
10.3330001608 0.26843158043 0.0384325538731 0.000878717130767 0.355227234779 0.0361457682011 0.518157484679 -0.461309215706 0.206168775845 0.717646516654 7.63262183786 0.197993022742 10.846148692 
10.0751069465 0.00774627924306 0.266871081224 0.254748052334 0.167735188136 0.0602930840829 0.013632340609 -1.50666237755 -0.56619594066 0.012879136362 9.55280913745 0.989267339158 3.47618900451 
10.4108672262 0.357647562023 0.0511400710076 0.0428018676118 0.016213717374 0.366701714584 0.127504535182 0.155543594418 0.4 0.0908770586274 8.3159101275 0.945244048737 2.45271047142 
10.0636607406 0.256251600018 0.263835592321 0.163513912497 0.0139246727981 0.0448457363289 0.311581022315 -1.18071146667 0.0830614196551 0.22889300747 3.6903779434 0.800832407006 7.83199109072 
10.510839532 0.116483547382 0.547606679459 0.0870187853569 0.135116007119 0.0800636955743 0.630698143007 0.139334022824 0.4 0.68592371744 5.66990526205 0.442553734952 24.5597881475 
10.7998087271 0.0122993051288 0.12129212335 0.494231525267 0.0142938785757 0.277891956219 0.033513628519 -1.58822594101 -0.810203008814 0.0217749843905 9.87450966217 0.431001634041 23.5039208682 
10.4435694019 0.173623141947 0.0244420711072 0.287196731232 0.391341983847 0.069187667613 0.629750336528 -1.52159545971 0.121045631891 0.302394913856 3.83384790188 0.960962265422 10.2936086382 
10.6474250963 0.0335971357851 0.165021617918 0.150458931513 0.359184875412 0.174707676509 0.103576163203 -1.59125582349 0.337022389941 0.155139721572 8.34314810296 0.714191382036 8.73256601552 
10.9303074828 0.228557607568 0.110118649747 0.0738951549858 0.207264024823 0.0241115760775 0.162237204924 -0.808743223828 -0.065804037453 0.0745122459579 0.174038563615 0.175933527699 11.3562394584 
10.5475913005 0.543619927486 0.0920077202488 0.0680094590385 0.224522875719 0.0681701901961 0.666221747285 -1.86218367905 0.4 0.0792092542872 1.33549786686 0.295928689698 0.356314615732 
10.6898734478 0.37761334285 0.114140972627 0.231673468027 0.0546098966916 0.155369047369 0.739274895518 -0.431746526862 -0.348833998198 0.730740585093 4.37413102103 0.481048760073 15.8369370172 
10.2039545632 0.0487778351165 0.116974121575 0.308611609223 0.138030283126 0.338861180234 0.267888986859 0.126959067108 0.154414223126 0.174083883291 7.59062175754 0.442908880101 11.2929668607 
10.4816200374 0.0352331509385 0.0156514427568 0.493428134092 0.409962425733 0.0213854530582 0.544402903566 -0.21800226995 0.363604906457 0.554429766863 8.34763889324 0.503832109662 6.63798491946 
10.4975436876 0.0922382249625 0.4438462621 0.0796398325737 0.0524454973592 0.310018533482 0.173117550776 -1.57658606811 -0.261764345525 0.0833897357324 0.486241810293 0.080272254991 15.678341754 
10.5354068502 0.205600578557 0.504282836068 0.0521073470735 0.230130926688 0.00431536445309 0.596040302637 -1.32004489615 0.0479088218432 0.627822910886 3.84183039512 0.617631347439 5.99558680499 
10.3940759434 0.241258996221 0.360100069136 0.256484374246 0.077177968736 0.00707031040206 0.316014997301 -1.14975762491 -0.50906240054 0.472481794526 1.73713263652 0.360120347227 4.30641843857 
10.0853330799 0.141534973252 0.0210387218408 0.164944720109 0.0970027970114 0.176808265836 0.639700099883 -1.60776057894 -0.309488016223 0.134280285797 9.23650271602 0.0268715257934 23.8590877803 
10.9923584033 0.303879698505 0.0363634785302 0.0965006494844 0.194844359405 0.203612658324 0.57317295936 -0.626876394973 -0.304952725022 0.212393543061 9.94444544768 0.0212991742186 3.8699087615 
10.5854297673 0.210911044016 0.398267453813 0.0995569494526 0.197009710896 0.0143796695161 0.212045732929 0.185528053709 0.4 0.031492189385 6.59180565541 0.125428461394 5.82345451332 
10.027689155 0.234316426952 0.137128910394 0.0222521609496 0.402186362413 0.109425651793 0.420538228807 -0.253172354047 0.386890498558 0.575106860717 6.26845000723 0.125400484275 23.8804110822 
10.0801272218 0.22381162245 0.244593422756 0.108856646484 0.0940163750595 0.159240275009 0.345601557261 -0.204168837708 -0.789336450629 0.443637982197 8.73278814721 0.721712387975 14.0077360263 
10.1642304846 0.204179313092 0.186288912445 0.166280624247 0.158647924149 0.202091868975 0.302631143116 -0.733242604056 0.4 0.413120528494 5.73882262732 0.189725092345 19.7358994922 
10.2259098802 0.473605181651 0.0515381267483 0.123291379945 0.0372879569715 0.0613909515161 0.645964406252 -1.55767798268 0.4 0.940773634991 5.13415226219 0.829055956681 13.3996333011 
10.732472275 0.302101809362 0.143303926474 0.068229558113 0.193497421432 0.199165160855 0.199926923156 -0.855118490048 -0.023798188482 0.280815954464 4.41143807936 0.87549899068 21.176488425 
10.8935484843 0.21279527381 0.459477582132 0.169393086317 0.113486913589 0.00934212815824 0.447773566299 -0.34199925245 -0.748541482216 0.635648449756 7.71071708178 0.960615999747 21.1229806545 
10.9990491724 0.379944239112 0.0151382618397 0.267122939703 0.20630630465 0.000813592348116 0.674684626525 -1.34013985031 0.4 0.849322411094 6.67367587777 0.911211049179 0.294764664899 
10.8253734337 0.125666289028 0.0970731427097 0.10387985833 0.188714355175 0.293731724836 0.595399964501 0.104829124496 -0.298641532949 0.648915713431 8.05214982629 0.153566473942 17.0746572872 
10.758865665 0.113018574021 0.111265626859 0.365568282298 0.00213350854187 0.359074965038 0.0510163405773 0.00067967319729 -0.133317102771 0.0642979009706 9.77210214137 0.695003020595 22.3101911185 
10.4288975572 0.0857588742427 0.241242550137 0.184301491334 0.178896631143 0.0776684875425 0.404119042621 -1.69837710889 -0.251309805036 0.517686406081 7.50544517373 0.123613100896 24.5436495103 
10.908794216 0.123183763158 0.107269967631 0.29788202108 0.0851030924122 0.273568433137 0.0418994944113 0.0545951095151 -0.140096130051 0.0517580134704 0.883631822427 0.0318677938142 18.3077148551 
10.9498269404 0.160485311383 0.437570501475 0.105028444385 0.062447755293 0.180201245295 0.0147555271663 -0.809917837354 0.117250561694 0.00264127364357 0.0158369705651 0.807693087987 8.77194527933 
10.5714611915 0.160966491562 0.041183372846 0.507000445886 0.027157160294 0.0859548828918 0.162816167046 -1.64385229127 0.0988824098459 0.224163843491 7.2574240436 0.290368522019 6.48536841261 
10.8101612509 0.548892999747 0.166067731721 0.103947800262 0.0303193687237 0.0253075364908 0.208186057532 -1.31391398033 -0.57049670191 0.246751611571 8.95439259236 0.32914214423 23.4494698788 
10.5322607722 0.201451213526 0.17751030209 0.0684172863374 0.0358287883061 0.155712932853 0.136892198581 -1.37360740848 0.12500586729 0.0134039391052 1.16830369844 0.557551148163 9.84244752374 
10.2972121997 0.308038838215 0.31039271746 0.140228132803 0.0402265411148 0.158203163218 0.404365142643 -1.48473321633 0.300111664193 0.117044562276 4.21176951288 0.119231469365 2.58663298738 
10.5414153067 0.055375188104 0.392418091083 0.153754465005 0.0426801843598 0.058820823099 0.0025118699027 -0.765050313757 0.4 0.0027755056568 2.14477187006 0.895635908851 24.3068815449 
10.9699423568 0.168307557916 0.208931937051 0.361705188441 0.206719425607 0.00512924159654 0.35332804654 -0.0861376543906 0.4 0.502996794249 0.291002146781 0.985783312702 2.44537633407 
10.7946509275 0.0412719473504 0.0081778838065 0.262242501856 0.246464768015 0.0451490619988 0.211274263933 -0.514296675258 -0.0124306064097 0.197117556223 5.43446708215 0.0906621445634 13.1095299663 
10.7029838503 0.0120526514722 0.0899229317339 0.172142610311 0.103504716489 0.455098729843 0.499724124836 -0.962619496359 -0.383368630165 0.105704066052 8.64903083406 0.364381678877 18.1121270923 
10.8283907172 0.396063194836 0.00827321280273 0.21526644447 0.117780960438 0.0361844891658 0.607572683541 -1.12981744023 0.4 0.335399684531 0.956752642124 0.503639537381 16.1261431258 
10.9738554535 0.236904238325 0.0140244695134 0.126457524139 0.25703414524 0.235523377329 0.117501764563 -0.91089869815 0.4 0.129233437231 4.75797944532 0.567325916729 3.97435080237 
10.5831451418 0.164149426788 0.266287272896 0.256951129189 0.148329918669 0.138975217944 0.683364889811 -0.489797463301 -0.265877732641 0.971756550238 1.34658307686 0.566912030431 13.8904428095 
10.3068477734 0.0463297548822 0.0346654375857 0.0807282450638 0.653217492238 0.109127802066 0.0146726061485 -0.315858174787 -0.526396695498 0.0182501457544 9.50815642657 0.169820828814 14.33757699 
10.1440863904 0.140068793153 0.371561712232 0.0262162153362 0.0559182046266 0.319738424486 0.103974044221 -1.35689048699 -0.791902732895 0.0788017990179 1.36418800528 0.451305759645 22.1781571976 
10.6567935099 0.301451371983 0.134730413689 0.0357549092478 0.00721411144251 0.489146209352 0.0964371034196 -1.46422450519 0.0766411369565 0.0886557478101 7.33276100072 0.745917805704 16.8467845151 
10.5747025496 0.029185673091 0.113059564722 0.343632860255 0.15020321966 0.246595995504 0.663174505576 -1.45440259498 -0.183957183689 0.565480510034 1.39004749953 0.140686853896 10.7863643372 
10.6356044596 0.179191389075 0.127683636735 0.0238285662588 0.00577219871631 0.30469893383 0.191291400527 -0.412637029761 0.4 0.0762805164502 8.54549758339 0.746144697967 18.4413968068 
10.0255619512 0.279031861098 0.124313094129 0.304032597717 0.0359230630765 0.155093861553 0.663558118474 -0.424383507519 0.4 0.51524684637 0.75398767265 0.471064022806 14.9561135929 
10.9579885122 0.0485191214007 0.266262391083 0.40323092485 0.0187112937314 0.0391665846452 0.412920805159 -1.94113469892 0.0639896454625 0.416361719207 0.7977111821 0.276937684674 13.5607585679 
10.3176763079 0.0150037966235 0.0386607952334 0.0889991532069 0.278003352808 0.0591025806264 0.00459809764571 -0.943146988996 0.36162143872 0.0058990575509 0.300375846928 0.535516893957 8.16042856283 
10.8260193251 0.0531753589744 0.185560433212 0.0152301691955 0.0909787228063 0.362884092764 0.175029416735 -1.23198005315 -0.152445654546 0.0686448620657 7.32656354819 0.672481439077 15.7405310376 
10.2328311519 0.0441041938578 0.428056841138 0.233619394864 0.137720596189 0.0337085055001 0.0447096791778 -0.480741203552 0.27602377264 0.0542961444781 0.323332339577 0.8928782312 19.0062985191 
10.4056775903 0.180641714893 0.459829799638 0.0776700445637 0.052971718535 0.161905376709 0.370854550044 -0.644052353743 0.4 0.24427347752 1.5227358414 0.114059167443 9.91735509641 
10.6501903561 0.349057394803 0.03118165062 0.0279627112715 0.108929853033 0.105729677728 0.534138750908 -1.82433425589 -0.0495389612986 0.457729995147 8.51838550442 0.0983860567285 23.3286651871 
10.5205384557 0.0710609174233 0.27763381898 0.0229321842365 0.0272048305696 0.50772700061 0.393503387713 -0.0320962028611 0.4 0.537504868352 2.25129454167 0.171862754346 18.5936632111 
10.9656483355 0.0330461433827 0.434447390098 0.0439601251095 0.288770565589 0.071151622616 0.628121362409 -0.786023969089 -0.264362786005 0.0289556469651 7.40728641774 0.435959630042 21.7895899247 
10.8280424244 0.294224680687 0.215719518333 0.173281117579 0.0455437664629 0.0390905599386 0.00737471820675 -1.01924132598 -0.121757915808 0.00431714772948 0.041832263085 0.560191562053 11.2246442555 
10.6973737194 0.649975991728 0.212254117888 0.0740402194215 0.0543371156723 0.00283581750487 0.70122826548 0.0142596474763 0.4 0.98240342441 5.69080345385 0.34032265845 12.6630252033 
10.5367564713 0.209551430155 0.302221661132 0.297563376898 0.0574211162443 0.104243508194 0.249414331281 0.173173892984 0.023457036552 0.104948377258 9.13683408604 0.439670952669 18.7739551515 
10.6360055583 0.120284616094 0.457497856871 0.00158175766578 0.0981583609764 0.22772699281 0.562325332316 -1.0218492756 -0.0212175027873 0.162950547405 8.38986051297 0.519373437032 23.0924080819 
10.1041646723 0.100913318041 0.346998765711 0.0588907551972 0.0932357426735 0.238901363665 0.575750432595 -0.699686212293 -0.749645617733 0.70816208248 6.3235577106 0.550269811021 20.7450550755 
10.6340934857 0.0581604219148 0.141690223827 0.0514210888879 0.0335784184112 0.104799090771 0.0692883950517 0.0771351388551 -0.295597671548 0.0578801633155 4.0659351773 0.108098617449 21.687829641 
10.1980358697 0.367535925199 0.0620868343264 0.197802988878 0.0509608653626 0.239996518537 0.329402611957 -0.391439313853 -0.359600874357 0.25345768739 7.08119274458 0.0162634961096 17.6592088192 
10.4598366164 0.412465458208 0.0578476339282 0.0065344943347 0.0575420364751 0.127630809222 0.00279450944637 -0.298627445563 -0.343790698901 0.00218026439668 7.74409608608 0.129078770467 13.9856954891 
10.8271193495 0.160922005264 0.139296440451 0.533906146732 0.154894005997 0.00799378785461 0.229841250926 0.144830426809 0.101898807892 0.300157232244 9.49581635659 0.222281081607 15.1973536498 
10.4191638868 0.123158699944 0.0546736165997 0.28959459595 0.00336450707233 0.19806761574 0.515126018742 -1.49847128972 -0.540338962292 0.248784884251 3.04913783304 0.429342029268 16.9741440148 
10.008458054 0.194201703136 0.0557584427032 0.0577384682917 0.0485259446687 0.268837158643 0.16849674618 -0.00655231382169 0.4 0.233808960073 3.19136685107 0.683308620757 9.97887907494 
10.7160239921 0.0374828030218 0.213007589859 0.139172594893 0.458606319061 0.14954757557 0.123215798432 0.147871948112 -0.043213851915 0.0191339300036 7.60429451815 0.485820466612 7.2691745962 
10.6368683055 0.509982308722 0.133845154998 0.177116456595 0.0530982363861 0.00647658818311 0.596096901331 -1.235414642 -0.702921268511 0.847754418612 3.37563538698 0.80170748775 1.46410743042 
10.8655174231 0.0394073247664 0.0585061922961 0.58346352479 0.0973199564814 0.174981812855 0.430974822204 -1.33316032407 -0.230033186571 0.262209403566 6.99405090108 0.214793603454 18.8095933646 
10.0202099766 0.115611994871 0.0760122151014 0.119827957211 0.578793008796 0.0577717081432 0.48889109947 -0.651659271448 0.4 0.317532687694 9.59633684955 0.758106070714 10.5513013838 
10.8674301297 0.087318913578 0.00687557407619 0.207056163042 0.374552414321 0.218611592068 0.425463347808 -0.875400018406 -0.46263548456 0.388017080438 7.30489217793 0.566272481339 8.05718987632 
10.6836618663 0.0791146308924 0.00608349580534 0.152986716257 0.087462008905 0.667636768174 0.125569635828 -1.02969341465 -0.173487282275 0.025701211256 9.22477185899 0.898136894749 24.2691142697 
10.5745030044 0.408753269256 0.06744485878 0.0545826553187 0.0896644862201 0.143529696948 0.0562424450043 -0.555962112742 0.206404802673 0.0531727950822 0.1814868691 0.732401036511 5.21739877197 
10.5666661033 0.204606707351 0.0858528902764 0.0818987790804 0.234525780573 0.300414741978 0.690189844023 -1.33769394362 0.180477504421 0.81378591838 1.95004714919 0.605548314115 0.314895992334 
10.9254897391 0.140678251683 0.176526287548 0.266647403292 0.303001773714 0.0449336523188 0.240801266921 -1.07808884092 0.0492304319603 0.347162992994 3.50650633461 0.91599266903 22.4246914734 
10.0804584084 0.337111947137 0.0277548778986 0.510781462572 0.00989144802134 0.0720837798071 0.114218162764 0.0817383967482 0.359051884905 0.0621586613658 6.10583973282 0.387151147039 18.0393394327 
10.2654167597 0.198979148745 0.240987455204 0.0957300078414 0.225154833323 0.0236198072701 0.545330357878 -1.65799052011 0.135914850433 0.451807942319 1.62917962202 0.178965166377 2.42574333234 
10.3993628003 0.282589614377 0.0599387532918 0.0174560387144 0.18028535857 0.218463030648 0.0598373537596 -0.154646072891 -0.379832288363 0.0864227418803 8.98433980279 0.600253975496 6.71087856874 
10.6721311761 0.112659647624 0.127738264861 0.206656539901 0.241631644381 0.18762185386 0.0678791226683 0.171832637992 -0.464337061564 0.070608975783 0.788062829169 0.531813208711 20.8946644497 
10.0610500845 0.0461672998337 0.0667717186305 0.586325943331 0.150721709165 0.058122538087 0.54278852956 -0.929372990775 -0.428919100908 0.685783740194 1.21540602255 0.912962988484 9.65306345296 
10.8109014461 0.145655783784 0.212320326869 0.145502782809 0.0495167883511 0.0451303640944 0.54062390255 -0.336515064432 0.159181224817 0.416830767655 7.74046426284 0.365049860764 3.39879633561 
10.0951756667 0.0710924432924 0.00772744035085 0.216243271272 0.240122194284 0.0275951382226 0.196307873085 -1.17110341162 -0.0791307112527 0.18437244808 8.95197026638 0.951364030139 12.0042255073 
10.0541207811 0.118942085742 0.539290218333 0.151400362827 0.0109686012246 0.148715221664 0.73826332684 -0.721568477821 -0.00634041995168 0.306267264109 9.4889238701 0.957801675688 3.66456239722 
10.8493014973 0.125356527618 0.00730133077789 0.315316955006 0.224075339803 0.0262949510349 0.114412480642 -1.14712935839 0.186131782606 0.0299048513852 1.09347490441 0.570950389833 3.77345359712 
10.2817970355 0.374023119731 0.0302378908501 0.419045774717 0.0841186566461 0.0517607008252 0.560009352265 -1.23007521862 0.0171427846841 0.141391039401 5.14774826068 0.256180773454 6.75467949166 
10.5209789559 0.0573550230302 0.0471298973168 0.109013143321 0.506467437994 0.257468316852 0.538308599428 -0.898310731303 -0.385795431127 0.0848704264324 8.73823393404 0.433876238598 23.9867868611 
10.0653619769 0.186461596395 0.154716515764 0.279536084278 0.210463579626 0.0449453792221 0.0818665256101 -0.349080266013 0.359213252725 0.120520954181 1.01282425238 0.3974934225 2.74778653659 
10.0165505731 0.253264566843 0.0489092735527 0.0843174640193 0.44257850034 0.0950553705566 0.156293882882 -1.35660434151 -0.0541327171085 0.219759316585 9.44494134455 0.787842885518 12.4585806487 
10.5801745613 0.114442744981 0.44059327476 0.184734666237 0.0255013355458 0.196422756746 0.112612861007 -0.118949547132 -0.25815822245 0.137594370666 6.24618272201 0.308137654617 11.149206902 
10.4774603897 0.0299656753877 0.355354107828 0.35593044499 0.0333335936712 0.0685684727213 0.229378981399 -1.16537472783 0.182226929121 0.226111759683 3.55695043931 0.958058254143 12.5168418894 
10.9773881969 0.051851039086 0.0243246031863 0.316404033865 0.442796313217 0.0436404716924 0.589390810512 -0.723990484519 -0.149677768362 0.294337919931 9.98414519456 0.115248536674 7.82494545464 
10.0561330762 0.118275971241 0.429672633657 0.327903634261 0.0653789147218 0.0164118752674 0.112459670107 -1.20401527565 -0.108033225009 0.128151608802 3.8021789252 0.778427484319 14.0678547953 
10.4545593558 0.311395005992 0.397102602191 0.043901584209 0.225167750576 0.0198254275255 0.397406228142 -1.97169083996 0.377239939921 0.139060397114 6.96403173488 0.975507796965 6.68823624919 
10.1203638367 0.102663127981 0.0795474739403 0.476327216041 0.0351862835611 0.284374511687 0.408504999035 -1.81569871991 -0.134033662133 0.250600847341 7.37910101436 0.600137575013 17.8106841504 
10.3018364493 0.167847654023 0.121822140228 0.133568763408 0.0498059031534 0.141783750841 0.348755310374 -1.02076519418 0.197731540025 0.289642998511 4.96215610309 0.874263029739 22.5447712773 
10.6811868997 0.607175245336 0.128561294934 0.0172645665538 0.0142378183186 0.0675248046823 0.509115952336 -0.203804282744 -0.166283887743 0.205617654439 1.32274350352 0.646734742121 20.8434403609 
10.5186302099 0.109455415277 0.228664256477 0.161130686366 0.0298350413787 0.416149010652 0.397352524474 -1.92931386643 -0.213610917702 0.486020401194 4.88816493909 0.623960980278 15.2646190976 
10.5230376304 0.150616336336 0.0982106037198 0.0546775959071 0.0418001060449 0.29194374415 0.50365111552 -0.938959191753 0.4 0.167944167623 6.63857626947 0.655050606129 19.3884120121 
10.6832811324 0.0342960485111 0.12348422881 0.0105151844352 0.0980500143257 0.64882159015 0.614507559975 -0.556610089032 0.0998267574528 0.146107508249 5.07867117116 0.558323095264 15.3338796698 
10.2153815024 0.0682445732852 0.0883125633212 0.0224988611121 0.0685374198757 0.506909710045 0.45751527887 -0.504206713658 -0.167861165227 0.246503933614 2.62279311989 0.773520977804 24.8322518176 
10.9290252536 0.0790429295962 0.315943683534 0.0111571324514 0.466194954579 0.101716592863 0.722880186916 -1.61501254249 -0.103823753522 0.268038420651 1.39927933235 0.0796626254581 13.6825945456 
10.7919120404 0.254582279941 0.017616521936 0.126288193978 0.0630171837168 0.456285693261 0.401356460454 -1.71347710576 0.321712156985 0.445824224442 0.319734406843 0.944835609666 10.7270833673 
10.1614449095 0.0311256621581 0.364274306496 0.111563581683 0.247661697248 0.121193182561 0.403404191358 -0.693926246579 -0.217910414715 0.387536464961 7.95426903407 0.0461242555067 22.9282993186 
10.5283338712 0.131445144072 0.214770841872 0.136572146278 0.0072437228347 0.496189669568 0.726626113801 0.015717563881 0.116623596659 0.94494715606 7.72722197424 0.15928005155 13.9723567598 
10.6811239096 0.0281875886429 0.0904725537411 0.404685573568 0.0256138144478 0.132232558012 0.511986033352 -0.407902898777 0.4 0.516379597768 0.302645479014 0.0698541856844 18.7252030071 
10.3151091179 0.159796022283 0.0653115947931 0.285051909798 0.150546089306 0.09233458021 0.114218867136 -1.75872057867 0.0134468170398 0.142449233973 3.09183480743 0.216209685317 14.6822530294 
10.5080749557 0.00915868584262 0.0361202958433 0.36384380516 0.332801879405 0.132944659319 0.272204704268 -0.23390107018 -0.135655697811 0.0569043840703 4.70825133443 0.90867416585 4.09201963605 
10.5720654357 0.0928161948181 0.081052266375 0.0966439322973 0.0122389603595 0.102821467157 0.528104654495 -1.88561942931 -0.255558113472 0.761563847975 7.75239404433 0.0958887870036 22.3022003411 
10.1933578114 0.655224214067 0.165421704133 0.02546854636 0.0916450670746 0.0190732400218 0.69359741688 -1.65603231489 -0.326341252652 0.602054382306 9.5126817309 0.8868829615 7.72907069738 
10.3921003672 0.180651957566 0.137882885945 0.16893296155 0.0412154388904 0.014164649136 0.66807826823 -0.156635368647 0.4 0.90452631424 8.38416158507 0.370359679994 23.0869134015 
10.7741307675 0.0639232477585 0.185495460797 0.0892378772478 0.0220298102286 0.468361384155 0.22996388148 -1.86549968102 0.4 0.122705851991 2.8580869693 0.734608976059 16.5151501297 
10.184096472 0.323168203491 0.148070223252 0.0739620269769 0.209135819463 0.148365907412 0.406932439836 -0.853859067048 -0.185212766367 0.424996827494 9.06841719923 0.782845011703 16.2856494093 
10.7496119741 0.059845382342 0.0408538295144 0.209886960934 0.237364048626 0.313326718082 0.43229775743 -1.93531155048 -0.0287190251416 0.013317988775 9.32353055439 0.250306807466 6.78752054648 
10.3875891879 0.0209874467156 0.324256433933 0.324767072332 0.0666674588455 0.0126447950003 0.30104440422 -0.189863420773 0.4 0.0967028809843 1.20148220317 0.260663840131 13.799899457 
10.9904434547 0.0911597805902 0.0601143664636 0.197544305336 0.387995138847 0.22119875529 0.141765366919 0.0645083661672 0.179345292792 0.202233265184 3.59077935898 0.164272403802 23.3672977851 
10.2690578663 0.570483736988 0.0907696519239 0.0338134546316 0.156868324062 0.0812124176527 0.584306019794 -1.73286952479 0.4 0.829437945364 8.23151793248 0.662726308113 4.5821565072 
10.7424657433 0.292194289595 0.0376953812037 0.0600103513649 0.426726619515 0.0440400321759 0.408374810068 -1.68448779473 0.152823510602 0.512701255581 1.74669272205 0.134224901606 23.1197366116 
10.2649935851 0.0328409541365 0.104455785351 0.218617110013 0.134804499516 0.151637922033 0.0859054159353 -0.520686050961 -0.047829342029 0.00255541267713 9.72606508611 0.792154192312 10.8552172162 
10.341241077 0.245812775016 0.17237360128 0.00856129510504 0.0770025464807 0.392019527967 0.582745904448 -0.0547392307421 0.4 0.487788776433 7.6025953771 0.0512936849148 11.2979317248 
10.5406762272 0.00356973403725 0.282781488869 0.0764372393319 0.478770697891 0.0199850071616 0.184915831299 -1.29556107768 0.4 0.118821027162 4.10124897512 0.997976026531 20.4779756886 
10.0683092202 0.671210573908 0.0186365641019 0.0228281293649 0.167768426605 0.115538595719 0.274020928683 -0.174813441894 0.377678782712 0.160194683743 2.75737778996 0.376106921379 5.0032405605 
10.9778004139 0.139272123429 0.276606478894 0.0394099600873 0.189905184961 0.241799538765 0.732888774599 -0.488362041117 0.0333304438278 0.706423868117 5.0940995743 0.49803148464 0.19401657456 
10.8898661108 0.0217076516661 0.372775744842 0.0330720766596 0.0372191702094 0.401705878509 0.263231584794 0.0703132203423 -0.215509944998 0.0559145472485 0.539383722938 0.671074308464 6.72353088856 
10.5452741873 0.0739819146582 0.481743083123 0.00622273257018 0.0774399981416 0.101490197174 0.658787250222 -1.86030959464 0.4 0.36715840912 5.77573459362 0.212618107382 17.5477303611 
10.0313439753 0.0978266188469 0.0158746267888 0.0161558327708 0.254548959657 0.314782072128 0.0480287200455 -1.708356131 -0.268543713217 0.0122761473184 7.54662856669 0.843779185799 2.77026050087 
10.0326756107 0.0919497771317 0.143080447546 0.308393981458 0.127151313479 0.262978639445 0.129118570915 -0.409592358022 0.152659097073 0.166768324154 4.01680542453 0.471516198641 15.2691553882 
10.4612963185 0.145095293642 0.138833296082 0.131528696318 0.112651458837 0.383622815986 0.529976938057 -1.77276380888 0.190414547108 0.231954895406 0.295076161953 0.67956189045 9.9112761808 
10.2251407525 0.120542205599 0.0498685313762 0.370153604655 0.00283476084049 0.212216583966 0.193956239856 -1.77236787848 -0.268051284356 0.206720838983 2.32166018089 0.808184627674 4.96045533378 
10.6356218809 0.130004502831 0.0524075539781 0.200055613456 0.369723110906 0.186764799341 0.38536458465 -0.525075554371 0.200450521695 0.125734047525 5.70856497451 0.641117028827 10.1138735037 
10.1925543196 0.0400487759989 0.209071397656 0.18455203809 0.358899484607 0.124709046167 0.159671855595 -1.01842612606 0.4 0.0489003985619 7.22085914132 0.610658205646 6.26337892889 
10.661256908 0.104123855612 0.387667327019 0.0979506784706 0.185339383425 0.100773768823 0.389149004058 0.135702089849 -0.918568680734 0.181977700741 8.29973492802 0.454498754451 7.65753299583 
