# logmass sfr_fraction_1 sfr_fraction_2 sfr_fraction_3 sfr_fraction_4 sfr_fraction_5 dust2 logzsol dust_index dust1 duste_qpah duste_gamma duste_umin 
10.5260686372 0.0864775118943 0.03280610323 0.0373845169346 0.0639610780008 0.0600310151559 0.259558923297 -0.899581741018 -0.649800720189 0.0516076579748 4.10016213969 0.0378128099047 4.05141729313 
10.623748334 0.112524444658 0.317023804184 0.306601147388 0.0795972307983 0.0912658947746 0.141469419588 -1.34724236701 0.4 0.0489828588289 5.92391870232 0.418805078947 21.3848831211 
10.5509753321 0.0164713517053 0.377162105028 0.251351433939 0.0860117972214 0.0394265979105 0.28137798194 0.00898598829406 -0.63586271885 0.209529806342 7.80547691994 0.00368131412943 22.9283247425 
10.8331328185 0.171466750547 0.0757705495068 0.108080679481 0.113416631423 0.4018702653 0.209987769164 -0.211987940466 -0.525223380124 0.0931704555052 3.53600247469 0.637746270369 17.936104401 
10.183975876 0.25011677014 0.012164039351 0.0897668102756 0.013156896966 0.044927208422 0.726560636476 -0.782140242105 -0.0930576231613 0.646417958903 6.01648012497 0.380698762342 24.4478389711 
10.6706041256 0.303199603389 0.136515899566 0.143848168416 0.0675366020065 0.292031131675 0.206176215586 -1.43970800244 0.326093964129 0.0504168404234 7.70318414799 0.284083276103 6.8879793421 
10.4721643367 0.1737880283 0.158681424735 0.13806376843 0.037959533972 0.173383587222 0.499042928534 0.0491631892167 0.4 0.318796533637 1.61638502614 0.620426223002 3.42533061283 
10.322328182 0.209407582938 0.0743484871428 0.328545765547 0.200119912064 0.170048463647 0.587720234365 -0.453406694258 0.182979803645 0.507572752038 3.1744014237 0.205820741548 4.34226798344 
10.2205041265 0.476556625371 0.0942407658211 0.0671350279438 0.184239219259 0.12118869953 0.589183055019 -1.18076932807 -0.00758270456697 0.466394015393 0.497003989384 0.724237805502 1.42756672447 
10.1023261114 0.446788097143 0.048136988501 0.0630245360812 0.263828664308 0.159559671459 0.601088041401 -1.28491795254 0.4 0.302340923517 6.63053308035 0.894973867876 21.4097681028 
10.6643727266 0.0260473367261 0.0207400276468 0.113106258997 0.135303059266 0.552195432934 0.333331577631 -1.75157256377 0.4 0.142117887085 3.70800835301 0.402271310377 20.2230128996 
10.2604768477 0.0706356233525 0.241236781545 0.237654170361 0.0274216907112 0.108387151384 0.160233686491 -0.371628333226 -0.426602558276 0.0121591258663 5.58568545305 0.753302433387 23.650651256 
10.1874067953 0.0308483996496 0.150851723966 0.191530384579 0.330822562604 0.230350417485 0.00545123108913 -0.90297879767 -0.176962706149 0.00653914018158 9.79505295918 0.63581325843 23.4797793832 
10.1631910371 0.00352206746947 0.0229140744375 0.00904159126778 0.573983208854 0.311788492811 0.486182361553 -1.56421258134 -0.202524106343 0.531272341718 2.14932032413 0.64371617804 11.4573105347 
10.5997159747 0.227383649172 0.19616261267 0.152178064583 0.208756735724 0.0584122479156 0.348118907363 0.00120611357048 -0.426017679458 0.11095183239 1.07600606794 0.146785576315 17.2142554488 
10.1906871475 0.18749289744 0.217167985012 0.080920747906 0.210838144337 0.12677932072 0.184095297648 -0.390496821717 -0.0545884363201 0.22821779724 3.33010981457 0.581255644287 10.1608265734 
10.2828498499 0.138042376681 0.143419061755 0.516291289615 0.0631273874604 0.0105505589363 0.110803411513 -1.19509560439 0.334549375535 0.105606977531 1.67667624361 0.980053407702 0.845343724273 
10.2335220697 0.0781043412053 0.0993858269381 0.0108867927352 0.129901342066 0.646799439877 0.321841402915 -1.92257883321 -0.630521800966 0.380445394939 3.4426660484 0.408690209968 24.545097316 
10.0627631274 0.033576085832 0.456757371815 0.172627499316 0.126417927616 0.0674253511373 0.24268504437 -0.986428005432 -0.217464172439 0.13786529695 9.72439117236 0.117281362571 15.5645574668 
10.7751076958 0.128140088809 0.0172715835751 0.0647380465232 0.323298356552 0.0354166476978 0.11339390837 -0.894966368225 -0.382720518847 0.0258049992635 5.00732947705 0.926114303791 16.4018434847 
10.1006128367 0.509182614792 0.00956560203545 0.265103447799 0.0246948500508 0.0781081516615 0.744955189128 -1.16159716869 -0.435259956798 0.21765683396 4.90851569286 0.73432491727 14.4221720518 
10.0069143423 0.0297212753376 0.351206481517 0.38588946091 0.0438140197167 0.0853740030917 0.261176879531 -1.52587000301 0.0555478871551 0.38578551257 0.111544545896 0.656986621236 4.64079270899 
10.1617400401 0.28819467268 0.0561202380029 0.0310328501245 0.0995820385882 0.378202735428 0.0265648194994 -1.00733181367 -0.377863344704 0.0124294809181 9.51688195512 0.395075699805 6.80928240053 
10.9519200632 0.158513231585 0.155002735133 0.109892379463 0.113967463605 0.159769999696 0.317453864197 -1.96137711824 -0.248959324249 0.284785389098 7.48365086355 0.147738206215 5.98048227986 
10.3671820868 0.177886751566 0.00423239421655 0.148752393376 0.16609415277 0.0314346802755 0.386483598852 -1.14665504064 -1.02499847671 0.397479860977 4.22020347601 0.0224798812023 6.87487372519 
10.6291815643 0.139138092534 0.276398720688 0.0344722238646 0.00657099146169 0.153131856904 0.045439277263 -0.521325727781 -0.0387449132052 0.049783460473 7.6553116302 0.663712149355 10.6933764529 
10.2206924232 0.00312764276514 0.330838107484 0.176415457547 0.421100332431 0.0431933440207 0.425933651348 -0.010054495189 0.210620325158 0.56303512892 5.85755122405 0.440703320598 16.1180553266 
10.8521631349 0.128967790767 0.107505243481 0.223346210151 0.0463843530857 0.443731996372 0.0245977516873 -0.973588067867 -0.184985936747 0.0156383904539 6.31649411155 0.384147505887 15.510283892 
10.1938485217 0.17663495629 0.159225056623 0.0555612541464 0.135371344814 0.130573696662 0.372446901913 -0.637616510171 -0.400229815116 0.192801445154 2.53849738014 0.3383452152 4.57960054855 
10.286021725 0.00506169622718 0.336628488649 0.0779780934964 0.291495546357 0.273004623828 0.516795580713 -1.41074785799 -0.464501303798 0.341783571148 9.75506364629 0.26781227761 22.8811297621 
10.9291898489 0.293003095898 0.0959068297571 0.184175158969 0.314878740718 0.0453996966632 0.661909921384 -1.0983701244 -0.36506763893 0.0814816351153 5.02369065918 0.758937896811 23.2145186993 
10.2830571308 0.0204380939247 0.0232391572649 0.397777141638 0.505678669747 0.0218698158807 0.0662162193802 -0.17489155848 -0.50908856645 0.068457077722 2.8563589163 0.630288310384 15.5602832144 
10.8201422538 0.0407255431246 0.0328543062162 0.56299859895 0.0909080661773 0.238736817921 0.303588604103 -0.734227126621 0.0661074508197 0.049508787561 8.23906808824 0.547795824117 21.1428569959 
10.5703890214 0.0371029581941 0.410014651723 0.212389015011 0.184713817047 0.0446773522088 0.183277486624 -1.26753486908 0.207140052094 0.151416302568 8.12473934801 0.651236865302 7.44334439677 
10.2548745346 0.0120200100746 0.221044400228 0.0384134123093 0.420323523729 0.182399694453 0.730632078886 -1.23932704312 0.4 0.10868966141 6.28929618602 0.917946349263 22.8284726352 
10.9617024298 0.433492315484 0.0950626389536 0.206674425684 0.00204934991914 0.00164548979828 0.279442812933 -0.30455633356 -0.0461156718293 0.274722242248 9.1233461502 0.885899861748 3.78682007775 
10.0369437167 0.0752446333846 0.0812492438843 0.0785138459703 0.0638879607234 0.0323903258719 0.308486916746 -1.49125718159 0.0467880702077 0.254174445315 4.50895109417 0.00325900852685 21.204131823 
10.7883853234 0.195167904216 0.468455851149 0.0975099168557 0.0356340894785 0.0868410898776 0.552663123021 -1.05717391 -0.847302531872 0.411112708267 3.93651911474 0.30925461397 10.7243035018 
10.8852375168 0.237355674431 0.192024602514 0.0987617973466 0.0202248371815 0.352576247915 0.73647155697 -1.50492342818 -0.578812212851 0.972372561594 2.90316369943 0.0686980700554 16.272588986 
10.2755677589 0.0480721555473 0.161633225231 0.108364013558 0.562597730493 0.0121292965127 0.700369881027 -1.92339338653 -0.587026863465 0.844107785541 1.63940622297 0.92523112874 24.0690187764 
10.0591728896 0.111503940393 0.140218849454 0.266842501003 0.361147685075 0.103462094133 0.208419089075 -0.0398872775145 0.0171505348323 0.00704682417293 9.03389287425 0.994655019851 6.88256177376 
10.6939630207 0.305657020534 0.15788739777 0.285026774836 0.103966516623 0.0506430768684 0.0805828471317 -1.76312225954 -0.33827321579 0.120281750942 4.22878155165 0.425531479149 24.0330782248 
10.3660171956 0.0794525685216 0.320722830766 0.248821873663 0.123232293891 0.201747132805 0.427811131484 -0.27725076119 -0.893849324381 0.398673310176 8.72526124414 0.74943863336 0.909457497434 
10.2140372622 0.382779834837 0.317915041785 0.0512249547169 0.0377128129318 0.108295553469 0.513629928818 -1.75091239818 0.035919805955 0.371320960337 4.46489038792 0.901913104464 1.51187417334 
10.8535286251 0.0249088585666 0.0395183768661 0.227461449339 0.620986269984 0.0625549227842 0.302719038317 -1.45475137032 0.4 0.316942568886 4.69143529021 0.419406723221 3.93161711101 
10.8546820411 0.25407369024 0.110893463621 0.15646504659 0.377646280884 0.0820022709855 0.546625970149 -1.60416355907 -0.518496595131 0.332509729386 4.15455377103 0.195874246586 5.02186260921 
10.3294653007 0.0853292666422 0.00458444324846 0.201559454866 0.196813977476 0.263129372189 0.584212247705 -0.719929953334 0.0910776323008 0.613035265256 5.85624786627 0.75679625001 7.01990037918 
10.7625206232 0.0724569825349 0.238041362609 0.0593147163324 0.287104203806 0.282470974279 0.469173843362 -1.49256206767 -0.853342896208 0.386068247909 8.88516351619 0.184420519154 0.631053326509 
10.7002090098 0.00474872849964 0.302124996649 0.00265145730306 0.203652309426 0.281244791864 0.297639683264 -1.70822222536 0.151152931892 0.191474595605 2.87579244232 0.359163839969 6.65754470115 
10.3424613998 0.338652701104 0.177255247433 0.0641404319866 0.0947148492242 0.0326294867916 0.719138680965 -0.731962516339 -0.80364208754 0.0341328116647 8.55507441073 0.595452190054 9.78984945776 
10.264370224 0.085491725565 0.0751860393668 0.124896684939 0.223833610459 0.431280023765 0.432304323637 0.133012833986 -0.322734473899 0.641286803796 8.10131735203 0.0889678108541 2.55579976972 
10.1887717054 0.0623526723246 0.291590340575 0.454324234575 0.00574967969151 0.0676776180997 0.432941743998 -1.08572887423 0.4 0.23467509923 9.67758173187 0.80857929591 22.9609905379 
10.9320456195 0.0602638652291 0.143215076931 0.421800667165 0.224410332723 0.0253526780246 0.323076525697 -1.66630934581 -0.701715106403 0.1238112431 5.69055706204 0.614096046221 14.2761322381 
10.6786239431 0.404989093291 0.0512037397183 0.0256412339316 0.0467804582521 0.401469202864 0.382108588718 0.0234280977449 0.129279790642 0.0670379947979 3.74577056206 0.219032021985 5.38124240128 
10.4420450476 0.0478760855804 0.0967799535279 0.227833935975 0.154838842543 0.258079842596 0.726379744564 -1.94305874261 -1.15194728546 0.00363964688839 3.69375995727 0.2060299921 16.1517588117 
10.6385269081 0.162961984105 0.226918985095 0.268876870342 0.0414957018689 0.257632742012 0.137687126725 -0.334265469011 -0.175852589151 0.100776985897 5.06461463667 0.689948677414 11.9443524222 
10.5237312992 0.0471261802516 0.369551548326 0.0941455586277 0.14005890616 0.058975111855 0.112430516777 -0.0516580854384 -0.315082811672 0.0447702607381 2.07331201387 0.63329383203 5.84633880769 
10.863946005 0.495711640458 0.1932073801 0.0524525464579 0.0266193994162 0.201384429172 0.545793578995 0.0785933290462 0.4 0.0597644507252 9.27509043225 0.25174714461 3.45009682584 
10.6362066808 0.353395220288 0.419644937136 0.0150411354727 0.0731538194027 0.093143042379 0.0155608687413 -1.49008319749 -0.0697375643637 0.00230118753029 8.36225951935 0.181526444619 5.24050173628 
10.9728651495 0.175556244388 0.0933443642012 0.0814985821352 0.424848101718 0.0767901319199 0.0679056132667 -0.860744150458 0.303826392872 0.0398597851622 0.0226317519398 0.710444871172 3.188173138 
10.5408062186 0.0355950020459 0.0273983274611 0.475456026755 0.126741347985 0.212815866379 0.383057159211 -0.889129254593 -0.156533563871 0.571595503389 1.79881491889 0.0823644102074 15.938572682 
10.3154848878 0.0407825996799 0.326400607815 0.203153165621 0.130583195995 0.0975730368495 0.312089049753 -0.520105750302 -0.324514248958 0.0429220983265 6.83115806068 0.0346808127362 10.9568764258 
10.8885157331 0.110121414432 0.307031527714 0.19234806854 0.0301801226608 0.201210182429 0.709931615139 -0.75531525782 -0.805305919538 0.470787358637 0.71025732163 0.883800797187 13.0773435462 
10.5659521453 0.176245168892 0.128451037142 0.333007453764 0.0872116250879 0.127601622834 0.399069356666 -1.71044099907 -0.707505578269 0.00560003283461 9.70956920415 0.254337615395 14.6140463379 
10.5920971723 0.144765948546 0.0863476691642 0.308850203893 0.303740442702 0.0513689497947 0.518959493298 -1.06034802655 0.4 0.393164672158 5.16408592051 0.476260630913 20.4007198788 
10.0212077451 0.385391935082 0.11527241056 0.220115395517 0.0191653501679 0.0976209784798 0.469237121512 -1.07948853583 -0.545010094987 0.507320116842 2.221629441 0.452974176661 0.570271813593 
10.2184122656 0.182557219445 0.0313497999198 0.0103603320118 0.333922986634 0.0459170829332 0.0681566206139 -1.75147491173 -0.274408722248 0.0676300175903 1.39502667834 0.310639495847 19.2979602002 
10.1589911905 0.110017959565 0.0795534381519 0.142770127509 0.393194774495 0.0390199911291 0.718122801347 -1.77503046275 0.4 0.596177835652 3.57788163305 0.592576990786 4.1981904734 
10.5101061362 0.519950843296 0.074801408916 0.017476079262 0.148810326953 0.0965298911132 0.484195673445 -0.470955019899 -0.329238175872 0.157111173118 2.16410372841 0.12077762714 4.58042616365 
10.4526758653 0.0860325872088 0.0307744058662 0.0847125106639 0.126864051436 0.251744412661 0.389450342876 -1.48597622818 0.4 0.14650680659 3.82207743773 0.757473371364 20.9036875529 
10.0081359228 0.373932178637 0.171473235407 0.0691739106624 0.00741911068337 0.314679747942 0.469369195786 0.188500664885 0.132691935043 0.249324413209 9.24415331395 0.523369980405 12.2266736599 
10.581454715 0.0279527535797 0.227278653704 0.0846891880406 0.0208393132957 0.437432052629 0.650851848595 -0.133778573685 0.331399745472 0.133660702754 6.08648077688 0.695532168627 3.45198937479 
10.6518491119 0.0379072725324 0.0676810904872 0.297898341983 0.402787411961 0.0641563424022 0.592578690242 -0.749317982053 0.291968454899 0.761640675192 7.80107204454 0.706485726992 24.9717631722 
10.2026477318 0.238724677601 0.0155133491102 0.13662081438 0.268867188178 0.299381421561 0.0200163016271 -1.9687831123 0.162234817062 0.0288474100717 2.30232344692 0.709711022138 8.86150151133 
10.515341087 0.0299479755614 0.320804307925 0.241905622407 0.0118221070301 0.134413431767 0.0297629782317 -0.813719574178 -0.262388088141 0.0182271853618 1.70741585208 0.464447019006 15.3999132876 
10.769802819 0.243200419719 0.00765241680867 0.0733953932194 0.0131602112153 0.140673316799 0.235739107525 0.122528127682 0.4 0.24121024988 0.128583630195 0.133888561825 9.36708425186 
10.4809620218 0.151368630119 0.420813645736 0.108256063898 0.214773648938 0.0171532013571 0.0113062049793 -1.87919188674 -0.440618319246 0.00636885100217 5.88853441738 0.520172096806 22.0232417162 
10.9370211927 0.0085578687714 0.191482946749 0.17852986919 0.464370275263 0.137536463952 0.587755158066 -0.100067414723 -1.24495952535 0.46978403926 1.28417821325 0.964542237477 12.0392478883 
10.5714955904 0.275277600297 0.0278090210856 0.138281286398 0.185323942535 0.130239477332 0.284518758656 -1.29272867652 -0.947974938063 0.240077771987 3.26968619828 0.531410983118 20.9284801907 
10.2334329283 0.0694252807091 0.0664231519869 0.0999884436317 0.0859510900398 0.5428892814 0.292177019283 -0.359493867424 0.157373148945 0.0256832461624 6.09959156321 0.00122923477063 14.7154379772 
10.4318593697 0.112306366971 0.10299611491 0.702405372699 0.0167232679309 0.0604165766305 0.614926854664 -1.00179969483 0.161487452048 0.247332625356 6.01645282251 0.973496063718 8.1070184988 
10.2686901708 0.425665646796 0.164392490494 0.0358347115298 0.113698603347 0.146241557187 0.601543764135 -0.303969921276 -0.461486183813 0.198610716446 5.87574222222 0.80101687847 5.29417211993 
10.0359086896 0.000263032381233 0.389112812783 0.441111322929 0.0665824002728 0.0997800541376 0.235924621659 -0.183821553462 -1.30812165872 0.340464989639 3.66963266652 0.910287227468 3.97651073448 
10.2378021834 0.0948543091181 0.179878457614 0.180422345253 0.297933470517 0.0270192726437 0.31316621598 -0.11850132111 0.4 0.0844416890295 9.39401720134 0.498281833226 16.5152197405 
10.2777182275 0.254686020013 0.12304473927 0.0437988120585 0.0750374268312 0.144824138313 0.0481370696983 0.168135732485 -0.238915734979 0.0296567567295 1.55232716813 0.548246881585 1.23690701788 
10.7961466747 0.594946451062 0.0403346199998 0.147303372081 0.0571795662461 0.0618110776286 0.538340496261 -0.351695216382 0.269951696159 0.764878141224 5.77200683678 0.0961188472393 10.0191297404 
10.6823525636 0.304066426744 0.00721225483957 0.107239519036 0.0414061910167 0.0869601818115 0.407122619653 -1.12474135132 0.4 0.341736212773 6.01240737403 0.130044180969 18.2965439269 
10.7820721562 0.464807023337 0.0788530502746 0.223362043593 0.201859013908 0.0279404375301 0.748975741282 -1.59609285384 0.4 0.109897863243 3.71875480918 0.315198130302 13.9898499652 
10.4955870949 0.262768547734 0.122102846644 0.00429536586653 0.312246673614 0.231605468504 0.615299128851 -1.16088979618 0.4 0.227835789726 5.46730866469 0.975221633499 23.7712941072 
10.1619859757 0.413582650574 0.0317652994558 0.16638560589 0.136901764702 0.106298506377 0.130829786192 -1.00243513039 0.224117868765 0.0688575449555 5.86727831945 0.630853830306 10.5416259224 
10.1219822463 0.489645590819 0.194560966168 0.0247455661454 0.254674625801 0.0335953156518 0.665968402219 -0.712414753811 -0.31560143734 0.807690130032 1.09865041365 0.921472309669 11.0430906856 
10.7579019073 0.0942336860538 0.0159269394987 0.679494198124 0.0328509339289 0.0728800764955 0.517522609784 -0.0675868491375 -0.803184918737 0.578276026461 2.04515048614 0.0655920609012 18.1331314618 
10.583505078 0.139790784579 0.041351753402 0.311645990482 0.0631868821102 0.0817471077889 0.615411034658 -1.02073442326 -0.131308578769 0.850399933896 9.94887440967 0.802082050649 2.45212243557 
10.5238033211 0.0661648656919 0.101440393546 0.0799205193085 0.468280982786 0.0532740913515 0.410193656166 -0.91202702886 0.132211989666 0.0126406511567 6.67375586982 0.36433392707 22.9170102622 
10.6123624877 0.2435399299 0.409849739132 0.0984391089215 0.0919683805101 0.148902521313 0.0216468872306 -1.11463246052 -0.507960695267 0.0154912091416 8.8291336823 0.0638611760467 0.685028829125 
10.6562389038 0.230351794548 0.143014992838 0.235618275911 0.234850673195 0.132505936894 0.572460196517 -1.94951478104 -0.232369378381 0.581546930703 8.6977066859 0.210098216818 16.3876123864 
10.5928705935 0.151409938522 0.376340382852 0.342071074092 0.0495387302178 0.030198592641 0.710171262989 -1.74457771796 0.4 0.252534752422 9.24868518346 0.57987798469 2.86899093842 
10.7299920126 0.073833553929 0.220543100976 0.000471108041076 0.0596840696348 0.329324015336 0.185839402991 0.188948426283 -0.691525291664 0.22822930792 7.05427056902 0.78880554691 12.3583484595 
10.5724984943 0.104203838051 0.158766482816 0.0814190579597 0.526491419446 0.00643254808493 0.478737598719 -1.20868413491 -0.689032335975 0.25894988734 2.11660466022 0.806568035583 22.5488231595 
10.3355623755 0.257645553054 0.214005909352 0.325465675696 0.028658421413 0.0571697386916 0.142249440732 0.0585991933671 -0.27312629152 0.135682911202 5.76661638832 0.717352931497 7.88679993697 
10.5855392267 0.00297324494913 0.057178261245 0.0656639196122 0.0865477730199 0.308389708654 0.457210412691 -1.22293706905 0.180229264533 0.112835355113 8.73436448541 0.455384661636 1.71587196771 
10.2650952974 0.0329792337224 0.185616323814 0.565949319743 0.0976252448417 0.00542809522576 0.0199878368758 -1.2332111934 -0.0683084938191 0.0243727927656 1.04262646046 0.0101536089068 2.11973598665 
10.885055577 0.00629660649497 0.543415018634 0.0865224031691 0.00106280926115 0.3254057025 0.621727227661 -0.753663445658 -0.384136528713 0.891945297895 6.78041363402 0.921202022196 0.532162426541 
10.4564787509 0.145914499463 0.207387378049 0.0328418748946 0.0455425737701 0.322165314497 0.0975894893228 -0.853633484152 -0.433204834454 0.136180152611 7.20530939464 0.878268343337 7.20729347688 
10.170432271 0.0930220710935 0.280964704167 0.504007149774 0.0179283362529 0.0270522133539 0.723876776377 -0.575064805845 0.0981766075407 0.108722354321 5.81649066431 0.506275095246 0.535539000548 
10.0980612291 0.227986420836 0.271041208709 0.180246498231 0.000345023151333 0.0104202607875 0.729262113983 -1.17275838264 -0.106770759995 0.628468941242 5.74261055836 0.778680679681 0.578219790132 
10.869561229 0.15842780443 0.0858370370249 0.234709602261 0.22864425172 0.0827046595351 0.559802037524 -1.38206270207 0.4 0.663234332221 4.32065350393 0.735636940456 5.9677450467 
10.383153918 0.113744285162 0.446052055498 0.246474781308 0.0133168253038 0.00324179428788 0.158872072759 0.144821704195 0.4 0.206003107873 3.02020984829 0.838581726232 22.686007941 
10.9120774939 0.0663888524926 0.0785313821779 0.407028150626 0.0743829623696 0.0779741494973 0.34731469412 -1.04214601732 0.4 0.449454900291 4.92536885841 0.966068250323 0.44364661062 
10.7839315655 0.0416670184757 0.0823744605439 0.245746414032 0.0908040636179 0.452628218316 0.674281801375 -0.0363942745023 -0.153201567725 0.0633085697031 7.1406694756 0.738336938035 5.87261485317 
10.0886476944 0.226301143729 0.114204477426 0.242328803802 0.221860434925 0.01408706809 0.407262751004 -1.59038199969 0.198324533796 0.348031580435 1.62855781686 0.284631110163 7.94118330871 
10.9104987067 0.00254011275329 0.112552800255 0.167875766255 0.167842525531 0.435994723886 0.605382634948 -1.79884407041 0.4 0.563658347531 0.178908659788 0.832318429978 9.24091283684 
10.5502702104 0.133882034971 0.092189726474 0.122765446723 0.419350965826 0.104383077815 0.323447800095 -0.481936998641 0.4 0.294872655302 2.78536006899 0.470200444562 7.52268054991 
10.5814190475 0.0480950102363 0.030530655648 0.0554501550936 0.327046390156 0.485691733757 0.150109279971 -0.826691072283 0.388748969912 0.0460754178082 8.09379647291 0.876153168984 13.8787484906 
10.8695163731 0.0863834116647 0.325578779845 0.111406592069 0.148476145541 0.130280235009 0.24794902351 -0.533625809631 0.0258579486081 0.333621090151 1.83212760029 0.340763189109 22.520548724 
10.9583838967 0.113051003073 0.0547392225949 0.151117798106 0.0933826235671 0.127448640964 0.524720590831 -1.87846881961 -0.0786318974281 0.499633116099 2.11026654762 0.3478261091 6.30201813287 
10.256325632 0.00197700090836 0.164932286409 0.23822866268 0.271979049332 0.0474041453894 0.270572611818 0.141727035416 0.0369611480147 0.17268699483 0.481640209118 0.839192953428 5.23615727696 
10.7935315211 0.301177220323 0.179973294017 0.134353785522 0.181650567694 0.0762094758767 0.618370285401 -1.40488745909 0.4 0.673497575379 8.48811608489 0.68027659086 17.4882499622 
10.080559082 0.0844583079546 0.0303279758405 0.107548446064 0.461096369017 0.118665303947 0.553171695297 -1.90106601834 0.213033403869 0.312219091522 0.283522469148 0.750393278496 7.20364226369 
10.4174290256 0.410013421079 0.0896093322319 0.0121809536923 0.363641109665 0.0896596107853 0.34417853119 -1.61099956134 0.124345933504 0.0963514180736 6.44383212928 0.379561115079 20.1537652251 
10.2487525917 0.0299691964767 0.00336253264928 0.0403204647293 0.160058234109 0.065938156671 0.0537724493048 -1.85345488788 0.4 0.0789816914126 0.963408897294 0.37770808777 13.7069468407 
10.2721236585 0.126409838407 0.38661153621 0.00690747929804 0.121596466711 0.325638266057 0.404390461577 -1.50805560499 0.4 0.285476539383 3.28500481251 0.872347686348 3.09900651325 
10.4034934952 0.047440945085 0.0329327474009 0.0217508734163 0.186331110491 0.0181972803084 0.701845960487 -0.105792791079 0.4 0.207725457642 7.71710460598 0.587936794589 16.557870479 
10.6222506694 0.0100962787713 0.35360419875 0.0382936214984 0.243854005575 0.267636707248 0.393682673213 -0.0955210118734 -0.36521665521 0.367436303849 7.12735147855 0.853102907996 13.8878968429 
10.4168628091 0.0329099536152 0.178081083828 0.458529023836 0.0737384464365 0.0169020470729 0.687147282032 -1.80614549008 0.180382782973 0.977965977256 5.69731445071 0.77738398107 10.2769372945 
10.8409334914 0.0336022913035 0.0784398330725 0.318919069692 0.243736733672 0.161371453765 0.186982485593 -0.0146692065565 0.4 0.0421721795383 4.22291668583 0.0360909203327 14.04949815 
10.7492329488 0.0276547258567 0.431031016308 0.20322882386 0.126510829331 0.200085773567 0.732692906258 -0.328912564523 -0.316860091915 0.648840681874 9.65007070414 0.0885035241881 6.53605402347 
10.0687197216 0.0367230089058 0.233824869025 0.138754830837 0.353970009594 0.0829988789093 0.458896469752 -0.235224804571 0.4 0.373169074021 9.73692144875 0.86435769132 15.701273234 
10.8217914241 0.161114536026 0.158044227197 0.0274546846323 0.455661648314 0.0444454240445 0.603732333898 -1.10377183386 -0.842831760283 0.710635053534 8.698400893 0.854632074461 15.7311596505 
10.915396491 0.106862477743 0.320859841879 0.264278454573 0.116121758712 0.159983212778 0.191107513631 0.123085159176 0.4 0.206448145986 8.30969637412 0.145555980152 13.9244892685 
10.7383575275 0.0292607728573 0.372429819578 0.14951168377 0.288463025315 0.0801503086771 0.579415219705 -0.279888725293 -0.451347410562 0.40435558662 3.63423738551 0.5791841286 13.5213062077 
10.2278697787 0.00248803209787 0.247174082638 0.150999365461 0.408122615742 0.0335940554421 0.40406414187 -1.82108426738 -0.717179494962 0.445403233879 4.33274360476 0.662435159652 7.77183638485 
10.9190616684 0.0634762556431 0.0269521523764 0.766817197331 0.056514756451 0.03605801162 0.571822642997 -0.459138739686 0.383312597314 0.113482677654 9.79769799416 0.245119579129 16.5297137004 
10.5298619492 0.0827038362964 0.0350434813583 0.0969054571447 0.114302788552 0.28729470576 0.360408853248 -0.217026746734 0.4 0.506970104767 7.2314978109 0.510850178459 10.3942718981 
10.4284899032 0.0124777169528 0.301374193211 0.141082487665 0.36346314947 0.109077911018 0.0671186212458 -1.17444859478 0.0965864541191 0.0558290869532 3.6267176141 0.386460462263 17.5932836012 
10.3306759856 0.0378747711182 0.341662741219 0.0881663037978 0.336146586876 0.127982509354 0.690681470896 0.0350964422442 -0.497739089359 0.0830258244447 0.942550139634 0.633988157503 7.04665779117 
10.2409605762 0.345028283285 0.169994041704 0.215538013631 0.0652454197624 0.106015846334 0.717325240472 -1.75928541602 -0.209070981228 0.644817728336 2.46487602639 0.144625034695 9.46052189974 
10.7716874121 0.469279010798 0.205170181639 0.0432775385726 0.0834514284652 0.151810799013 0.0338213327285 0.0590515327775 -0.541579514899 0.00406096245341 8.27257124304 0.544626739885 16.0445790456 
10.5569788319 0.335290636598 0.0318402315831 0.138553217614 0.33482704006 0.133095868184 0.43596066402 0.127953774397 0.0864910345486 0.348414704562 8.67754418232 0.644222362151 22.0350022269 
10.9135402899 0.229908976211 0.038280203834 0.0389000036165 0.0119001075199 0.458313936629 0.0187064971197 -0.502116442416 0.4 0.0267410933653 7.25282109885 0.812671889163 14.7671145454 
10.1040622617 0.0267561753039 0.390198619525 0.0839671520465 0.132878933593 0.358347132582 0.720783401834 -1.2782840218 -1.03705959111 0.14259382934 2.33326066162 0.621530158668 17.0347581867 
10.9776815515 0.171264784786 0.307247502045 0.0404133149878 0.462492277285 0.00752418311854 0.320849209609 -0.0519984732196 -0.0356636841721 0.110501261085 7.22233873426 0.583358105049 7.63948287292 
10.6592299978 0.0146499012477 0.329043528775 0.0366386626825 0.121681200105 0.479317053636 0.311643102821 -0.421760846693 0.190626206607 0.0921060016605 0.198901596345 0.236402627116 16.9105877913 
10.5434639561 0.231859345046 0.158856621546 0.345617573315 0.015013070947 0.0467362242351 0.601408998435 -0.358697958072 0.177139404106 0.558408939284 1.6608464397 0.372639797592 1.00148517969 
10.9142586232 0.235948158503 0.0493437016314 0.283499412956 0.00570317292191 0.0417981951544 0.487649798482 -0.526204042872 0.0932258976382 0.131061660802 5.58079857896 0.641327094095 24.0964629616 
10.5952867677 0.0659752140943 0.127666092709 0.219014907776 0.100390455494 0.364357715866 0.00475997616848 -1.17149542985 -0.634764006334 0.00647241761754 4.37906775951 0.456125908245 23.4760143289 
10.2820167111 0.225454117684 0.141133498916 0.050967412629 0.392026467245 0.0755833619432 0.368976812433 -1.34973232215 -0.419682238163 0.0695162469452 5.4865776072 0.830287137047 16.123081019 
10.6752725386 0.0688525150768 0.150030341199 0.303517049458 0.0897847563407 0.29727435992 0.551064641633 -0.150928407282 -0.226631752176 0.809640735236 1.33094664042 0.811627185834 11.7904925369 
10.9007093455 0.182816473038 0.236454590421 0.173502083446 0.259717733298 0.00729196537454 0.653703097243 -1.59287249847 0.0205402354462 0.143327166425 0.396754508832 0.236505905797 11.347539732 
10.7252583118 0.319678347761 0.141324512508 0.405943534195 0.0217323594561 0.0178639283413 0.372430264536 0.0862835038077 -0.246910417715 0.25657322554 0.546252517648 0.996412493319 17.1810962492 
10.0348465984 0.0142635894855 0.125473703729 0.0261653175491 0.551954367535 0.141181730125 0.525001659731 -0.0431106055511 -0.241720317771 0.769873990652 5.64369488027 0.672625330316 19.7936937825 
10.6695838913 0.105814086451 0.127095564479 0.127783414409 0.336127111181 0.112527192408 0.642604409958 -1.91939884806 0.138457277153 0.562573105096 3.77593546048 0.714795798383 24.1607553506 
10.5554003249 0.0118704839801 0.103704012842 0.218198606479 0.248764514715 0.194482160057 0.292924173484 -0.196861683991 0.4 0.0861679745747 2.9170838882 0.949289203416 13.0423369329 
10.635927115 0.118664796519 0.233195975727 0.194706031939 0.239283064129 0.152692910472 0.633890132866 -0.977533802547 -0.253288145079 0.157781476095 8.0273107221 0.405276369739 7.26394395975 
10.8357054315 0.531509204587 0.162069938775 0.0209748114261 0.00959493780123 0.191288559381 0.591344503196 -1.97590923291 0.187996833656 0.383750096837 4.15411641731 0.433601733572 21.3509751153 
10.5687551956 0.0587268293595 0.014994924773 0.0583403600504 0.136181501778 0.697857193823 0.594317011393 -0.215202286895 0.126747740455 0.370572854695 6.3074768063 0.717007594892 22.1534030507 
10.7618085928 0.00851488653473 0.0735332539755 0.245046001937 0.11796602673 0.486254667112 0.363819830782 -0.75264633933 -0.124392867274 0.177819006364 6.54836669281 0.337067715353 21.1561221625 
10.5296037416 0.178621776481 0.115426653843 0.231910276786 0.154451370557 0.141658301842 0.646095213302 0.0279601303062 0.4 0.219032998608 5.97518527637 0.611068941224 1.44274367009 
10.9753821291 0.350465213564 0.323399224457 0.0449931215406 0.101746852949 0.176897162695 0.156676194841 -0.0748453782772 -0.932016991606 0.111639456247 6.4949596384 0.976779577704 6.21719915781 
10.0498092413 0.0985095408209 0.0588925710962 0.408556705351 0.00956513695776 0.416708996854 0.222969863916 -0.567457826457 -0.192486533628 0.0365895074517 2.10721589646 0.333659372119 17.715142968 
10.0288280502 0.0280755228285 0.00242110257271 0.624233135937 0.00621718979704 0.320293589326 0.414818025011 -1.13643047082 0.4 0.590167687208 2.54960514683 0.768076448366 21.9433881689 
10.1662143313 0.0026850743805 0.0238979175375 0.140686305888 0.502266591597 0.31570782387 0.240010385238 -1.04365874825 0.4 0.0339959662467 7.56059469226 0.0124401190801 21.9099633012 
10.9762345937 0.432768179335 0.0754411039912 0.159674915693 0.0776596464188 0.123746813627 0.625921598614 -1.12153253449 -0.319169376719 0.567132367304 8.37252503306 0.583787361058 2.31220969445 
10.4131146081 0.0608286595169 0.0236473359527 0.0201692081278 0.402416008127 0.195007673421 0.617787193565 -0.0873207593317 -0.511971494115 0.898701230858 8.0609995247 0.655362786203 3.98050998662 
10.7735899742 0.329487517549 0.00294370322731 0.180032552201 0.0419492692352 0.294887026155 0.621092423551 -0.546592712297 0.4 0.853642426183 6.96424191543 0.82534747091 22.0355868698 
10.2600754221 0.0463194131599 0.0323210559724 0.222298207721 0.223920143747 0.215595626725 0.0230071738869 -0.390721561159 0.0266753135171 0.0313487585608 7.38047093889 0.472912151692 24.6357422792 
10.3822392808 0.0835449251561 0.10073709506 0.399965139062 0.0567315674024 0.239811873878 0.267798041679 -1.71775954443 0.353334400311 0.0391476249842 4.7105844726 0.498885280995 19.293986605 
10.5006764928 0.0853350586901 0.10094202373 0.00823023538744 0.472051723384 0.283424005551 0.0843694632175 -1.40283779145 -1.05562937796 0.0357709560706 2.08280234644 0.461384292126 3.27943795982 
10.2287297914 0.129758346769 0.0313708071109 0.17368412106 0.26106400886 0.00501840757511 0.0487485136844 -0.597034679574 -0.0374156277836 0.0170031927844 0.0653935583427 0.00559181696111 19.5172991276 
10.0334330708 0.124289354745 0.061686085362 0.117384203684 0.242672103819 0.0584290886227 0.265276520611 0.116493974895 0.155090325594 0.381490058822 0.497202474272 0.738220473736 21.5564146313 
10.8565895599 0.385610863159 0.123641520919 0.140597602559 0.0334386359607 0.193455641679 0.0421055895808 -1.28783579272 -0.0662936635645 0.0226774777527 2.31824715934 0.829900386662 19.4096355586 
10.7259284844 0.155169165861 0.0251633368799 0.214109166622 0.319439753604 0.232924692627 0.22807359585 0.108663620179 -0.913104384339 0.326985619384 3.89843376434 0.614211194288 0.242981432584 
10.1819229755 0.309134325113 0.148489534441 0.121526708158 0.0644540727922 0.350352528123 0.066558902597 -1.39191618351 0.4 0.0251021694207 9.76176031889 0.89657969908 11.0392235983 
10.8617762017 0.257211119083 0.116695923217 0.196722669104 0.0674772950504 0.143223149766 0.0570705194154 -1.44970697154 0.213063173844 0.069773225097 9.96261695815 0.784844475258 10.8585949005 
10.9556623531 0.230710922676 0.131837325125 0.0152809420755 0.387890728441 0.123357049512 0.0581982701198 -0.154699610246 -0.25494780418 0.0299929801172 7.96885649315 0.730024913179 7.19204784019 
10.0179269641 0.216341305005 0.137340136391 0.0751146139376 0.0522270826473 0.283201958421 0.538568767685 -0.10810453787 0.039601000024 0.0841387388671 9.79144408918 0.444801853425 9.9260836346 
10.401776547 0.0874360430616 0.00911452227375 0.133519041254 0.633738634739 0.0651877148875 0.593028384635 -0.973860037452 0.4 0.30568706459 0.299895567754 0.876802481586 17.8377566754 
10.8093237226 0.219982854245 0.00156255415925 0.410175298691 0.07390898901 0.141986554231 0.426981388543 -1.3525571206 0.393776204565 0.161486047857 9.35435116654 0.497037296602 18.3108224035 
10.3263682668 0.288725532278 0.131612405203 0.123030231818 0.322628664424 0.105393989146 0.335077904473 -1.16873662114 0.0828341077396 0.353447336717 0.821944818878 0.425376981222 24.2164606145 
10.9327460748 0.182459577635 0.0143357635431 0.288903262175 0.333375034874 0.01162154337 0.46759609075 0.0201856191864 -0.242958594806 0.311001748189 9.58171776896 0.230726447879 5.34887685393 
10.6789893246 0.51130695572 0.0207753938253 0.0807401302169 0.108562411671 0.217202023254 0.606147005136 -1.14245757467 0.338376646742 0.00333620511226 2.22188957431 0.0815526666416 10.2496833717 
10.7498576445 0.306899226117 0.454114972606 0.010975847355 0.195827543228 0.00283069420629 0.632413700438 -1.7833432609 -0.252259576424 0.0145493227565 3.53834553949 0.173792351226 12.5160014306 
10.8766001524 0.168007555129 0.165863673091 0.47414707125 0.0281177498313 0.0350835520982 0.569958860219 -0.269437907381 -0.00266637337896 0.670627248539 8.55862769214 0.307979393786 3.83147567335 
10.9325485667 0.144804804954 0.0728996235196 0.104712161116 0.250556361696 0.0790427285937 0.226962088761 -0.127754912578 -0.207180659452 0.148266479383 6.48413913895 0.271177366698 21.4152013854 
10.6765569696 0.0589001399523 0.257695325862 0.13312667585 0.211415999196 0.331266263092 0.506910374937 -0.161040761157 -0.0739257877265 0.301344016336 1.54168667844 0.0432074508601 21.063362813 
10.2385429827 0.263625637734 0.163862727833 0.0750491257135 0.385823029435 0.101018195445 0.033536445897 -0.899431305801 0.382339178571 0.0161175655264 4.3381858141 0.160895113001 13.206279388 
10.509129744 0.108743349912 0.547598111579 0.0490672133007 0.000619684442584 0.195213975876 0.419335083846 -1.50017797977 0.4 0.559949258261 9.10072858829 0.936256331213 14.5984085614 
10.538666518 0.182178285891 0.00249920356277 0.177745280431 0.388774898415 0.079900779077 0.0331187287281 -1.92125722111 -0.131421390125 0.0379273081321 6.0665187631 0.784697303905 19.7946814027 
10.8314616991 0.0921411592923 0.138565425657 0.00609516922376 0.167267920585 0.465321484922 0.60017018309 -0.315800115492 0.4 0.770781641211 0.608125207558 0.361894201322 1.69764369577 
10.7094660844 0.0187784137135 0.0779708697787 0.638979620152 0.116672928635 0.0745627938016 0.395322219057 -0.453910406944 0.103962387077 0.0236046589804 3.58978839931 0.838481801406 2.66789071954 
10.608591934 0.327164555847 0.161759290733 0.205740493244 0.0694849855951 0.149563988233 0.389600335094 -0.480303719435 -0.637410004957 0.127968206983 0.264841270524 0.178558357416 4.04116901367 
10.4294691733 0.126266280899 0.323925683961 0.14149072473 0.0140981103016 0.0304540848534 0.232532040506 -1.88177331071 -0.454837016435 0.275684592411 4.38801892265 0.33817714115 2.91182320962 
10.9982284263 0.229939589648 0.244212838731 0.156497728055 0.118302241319 0.177278456063 0.0171462739768 -0.123688965208 -0.138665622229 0.0131290591097 8.27629324337 0.903494508031 10.7985192181 
10.0942856254 0.310465473329 0.241070065396 0.121724280037 0.0503018834252 0.242462401879 0.236327581567 0.174763648524 -0.914615383583 0.168230583762 8.14928948017 0.727102393585 19.1338678843 
10.5741248184 0.207933467229 0.314774851149 0.0744287897783 0.317581076482 0.0331241059097 0.0381236320535 -0.663230831773 -0.20277098715 0.044298001156 7.87610787467 0.0212844589342 20.5644886329 
10.3285685863 0.160794092324 0.0774381650165 0.0728589789528 0.0435851484014 0.290833456426 0.39115584324 -0.280059880429 0.4 0.154156481386 4.49916583469 0.209263296751 14.7522220267 
10.6837669805 0.595186753125 0.07178839249 0.0259512155914 0.107084656333 0.0988190403142 0.363443231073 -1.56875791071 -0.745581153677 0.0351311607028 3.98558989384 0.338489067884 3.11494621516 
10.4137135357 0.0456291275272 0.00585328143074 0.135938608206 0.0220779722323 0.390280874442 0.131465888025 -0.0648642044273 0.4 0.0187306455091 6.15927165888 0.782486690096 13.3805382216 
10.6580155554 0.325727229979 0.0422974955796 0.465747316234 0.119836643518 0.0339780059167 0.343053191017 -0.36960390512 -0.0177031498216 0.267676208803 4.88869657482 0.24411532171 17.380476378 
10.7134228929 0.0109105619114 0.0367811514789 0.0545160058093 0.147981732835 0.11424413417 0.0982144098623 -1.73269475389 0.212048567248 0.0825891643349 5.86378493503 0.606153768056 21.2501211558 
10.3010496848 0.011613751287 0.0325865396568 0.153122620309 0.189552403897 0.388873487468 0.429978716675 -0.289683986305 0.240010664687 0.616346259129 1.3055773704 0.786557064408 0.434552338334 
10.1719098709 0.308120473818 0.134437472184 0.0183789153987 0.100922073296 0.272295067098 0.24350614613 -0.972124533279 -0.171920539368 0.0971968195314 8.60708509303 0.448521244637 4.10860076937 
10.2525953962 0.126044271492 0.0834116344783 0.0817286372402 0.191461731913 0.334460216506 0.452544944547 -0.0989412549954 -0.741212797532 0.497490460139 4.11092384249 0.228017002219 18.3834955213 
10.6449068125 0.0694096942245 0.167210828889 0.15682544266 0.0949235824026 0.123875883344 0.354719805097 0.0879659391259 -0.522547596459 0.272052622045 8.3664485061 0.833878312555 22.6266646323 
10.2534827382 0.354916789784 0.526399200027 0.0798455351297 0.00669636131323 0.00947516300492 0.0150860273124 0.119482199414 -0.0664928668487 0.00869017599182 3.62197729393 0.167204443845 23.9005198842 
10.1363676058 0.477148414702 0.00338945585332 0.0556542211707 0.242149503503 0.0130760699207 0.515561658495 -1.43308403147 0.4 0.32817509837 5.76621321904 0.951121410452 8.84792789104 
10.167268067 0.0523287016355 0.280863572265 0.211629396957 0.175384137759 0.0954908927314 0.22601443844 -1.95362161324 -0.37865221603 0.112915177933 2.92000329382 0.5797009861 2.79863527293 
10.3125302116 0.395868125662 0.322354014916 0.0226959757152 0.0944676816514 0.125158588549 0.703428299147 -1.90573032938 0.240308152017 0.650523726377 0.208403266906 0.7208218052 7.8506916237 
10.6374467056 0.12403660662 0.0731306238187 0.311264966839 0.23321932533 0.233659518009 0.345252069605 -1.4676732628 -1.01840201056 0.116356032241 9.76640618964 0.391984342193 1.16088237 
10.2922419912 0.066122432432 0.313122016752 0.393126097578 0.00800410931475 0.0581115603973 0.127271041392 -1.14158308395 0.4 0.114296178723 7.29144016039 0.706843206679 19.3032645693 
10.8961263536 0.0310928952067 0.0976892717473 0.0164935182878 0.608011310796 0.126861331311 0.354041951836 -0.436730077907 0.4 0.0915739881488 0.441253149523 0.616078306849 17.6096421108 
10.8368101425 0.134266476077 0.146242142511 0.0605703595502 0.213681746685 0.0588794304834 0.10685110533 -1.84784386627 -0.125530812219 0.0194368044983 7.60887623195 0.0868162587014 24.554660843 
10.4064226824 0.0866334600147 0.0856970835826 0.407666989363 0.0380340272871 0.330793121395 0.155943062272 -1.75020285943 0.158050741998 0.0857129854059 1.20740481753 0.782072658951 17.845747695 
10.5002557486 0.146054450422 0.0995533775669 0.237703908655 0.0999638149046 0.221590116706 0.283806783871 0.0254220946356 0.150194005046 0.210425933579 7.80812334857 0.166020849256 12.0872532498 
10.330193526 0.215408711979 0.274671435822 0.29784600508 0.0258798948683 0.0898965774376 0.568762126652 -1.62986070291 -0.641520601754 0.374791405751 1.72697143025 0.784160579802 15.4954466202 
10.5538429288 0.0332420772409 0.0548565076982 0.244385846392 0.484684659359 0.0677835049628 0.623229584337 0.0373470330634 0.195293449387 0.30507860694 8.30742082465 0.800866926961 23.2634574236 
10.1644761757 0.20491364222 0.146700300537 0.262893081712 0.0984908974939 0.114954053735 0.68883166781 0.0996055396449 -0.630386667519 0.780002152116 9.60417841982 0.379618000751 22.096025468 
10.371335726 0.0664495757858 0.0177757575146 0.612862759042 0.228401947361 0.0214547613763 0.00197156449824 0.0816458798792 0.393119232372 0.00256410378377 4.4054242215 0.224084107334 14.2896176555 
10.683836055 0.0549102652175 0.247082211586 0.5484765796 0.106360102479 0.0367531638653 0.205622674742 -1.67492131074 0.0535680623455 0.190359496658 4.13698555583 0.863055604397 20.371688368 
10.8532834847 0.165589091246 0.103373254483 0.0469662531976 0.311083112973 0.0449511302082 0.126792294099 -0.71523880167 0.4 0.0123345626982 3.15258460407 0.0607872312341 7.97856073998 
10.2416133529 0.0121838988396 0.0740301315379 0.0950922365618 0.302949493343 0.389110394514 0.104907297123 -0.599936042324 0.00740953760877 0.0670972528785 7.71464683354 0.66101527536 17.97147314 
10.3256146952 0.0285749066463 0.447973825003 0.330590402328 0.041106280334 0.111524814849 0.140129436692 -1.61799606889 0.114188352563 0.0336924080084 9.83899272232 0.359748490185 20.7262451419 
10.6080969788 0.042048436721 0.0788082437788 0.240277956939 0.17428860471 0.0348094986132 0.334353929345 -0.150668513952 -0.131969997359 0.171771668951 0.5938073212 0.986758932321 13.0262857922 
10.5272987812 0.396092087582 0.0967381138862 0.0356434849492 0.0286737840833 0.378519507057 0.379290195768 -1.81102381896 0.37598549012 0.428040977562 7.23877390224 0.51368045263 15.090540039 
10.3154788307 0.476896163162 0.0228123756142 0.0323371080848 0.0368798942905 0.11272234895 0.156871678441 -1.30290318448 -0.966929386113 0.191122667574 0.769743546153 0.800285103 23.9851448737 
10.8993082195 0.315598095113 0.220158320129 0.145412303671 0.162737353713 0.0869777327917 0.139410303381 -0.347008611666 -0.511855790455 0.00147326775063 6.3868498259 0.395732753895 1.72063084088 
10.4621530326 0.005837454215 0.0202930520669 0.063468402504 0.213740997029 0.0410334703308 0.540730222827 -1.29958388325 0.0280584166935 0.622365275732 9.30824897227 0.126461843014 15.3512744577 
10.2450626762 0.197177803504 0.133092796381 0.0121982778554 0.0477107686418 0.310263893342 0.0587266843033 -0.416758451803 -0.207834647723 0.00533995784903 0.98144141456 0.526724237254 8.03368340284 
10.7412511973 0.18215662229 0.282927524175 0.163130423201 0.297902349889 0.0430100783387 0.260700053915 -0.094838925777 0.4 0.293494557375 7.07107117564 0.275902210568 15.5770394176 
10.2653004546 0.169907469992 0.0576444945637 0.368244429048 0.2040103746 0.0183246022026 0.291564558852 -0.439822544221 0.382985743197 0.436819295037 0.779017469052 0.646769548691 22.766909842 
10.2192905695 0.0202962436998 0.0894597241474 0.0838159719152 0.167735729589 0.279917979263 0.549697282238 -1.22694369606 0.4 0.670195532361 7.50085660078 0.879630403583 17.120285799 
10.7147374 0.276721453068 0.0157856348625 0.0515022427523 0.160645945786 0.0567374916657 0.529655582519 -0.598584374238 -0.30369724605 0.608056630852 0.40893622869 0.0527749073806 8.48809992064 
10.8116139844 0.0567552152672 0.181896404452 0.232623265796 0.156592360456 0.0836730688799 0.698784648076 0.159954507558 -0.536014499602 0.449423147364 5.15125421487 0.200770276569 2.92503226365 
10.7602646649 0.173431536236 0.0299528801971 0.105734332438 0.0830436162065 0.188080019697 0.647121119413 -1.35333598719 -0.180241313926 0.285245525055 1.08724565691 0.0768417285642 8.70592224383 
10.831112011 0.321303252498 0.0814795584047 0.440153284254 0.0144736446548 0.030870304768 0.285210985368 -0.605322713575 -0.0939082529898 0.010112730688 8.48938736342 0.133219177684 6.24838050046 
10.7338705658 0.106852372769 0.28892612934 0.0687438694275 0.0769764671851 0.00107771291853 0.308414245766 -0.604800349508 0.0659399116758 0.274493805016 0.156749543789 0.629682209366 24.5677111299 
10.3361120759 0.245082862014 0.0714534115919 0.273229097201 0.122667074854 0.0116052402545 0.519684811966 -0.582333423025 0.4 0.315003658988 7.21864734331 0.332571002909 23.6516627287 
10.9880099816 0.0625329223637 0.0272447231209 0.138737229111 0.219887874936 0.141593799754 0.0127450167644 -1.55477835246 -0.0650637138295 0.00760930598433 3.09222250619 0.637708056971 21.7848528085 
10.6866419511 0.00466209220866 0.0230609207283 0.0726920538357 0.0130489913686 0.711430712147 0.131345359336 -1.08875922663 -0.12505057769 0.00358493818423 3.95192773004 0.515774229864 7.74933367332 
10.2180109103 0.185515930659 0.183250149212 0.495359100885 0.0297970243111 0.0020169369971 0.247118887507 -1.27862395095 -1.1281714968 0.229923869228 0.239702220198 0.754307852416 22.7637778882 
10.7439412811 0.0262035447762 0.374308806111 0.0833307105867 0.277440313972 0.127605163775 0.518044382347 -0.050500514648 -0.119788809135 0.728932977174 4.30814659419 0.95581325321 2.5172927485 
10.8390782878 0.212275824827 0.208235088082 0.00746272582855 0.386364271675 0.0332774664172 0.52886359186 -0.260716632026 0.344239410138 0.304948120286 8.99385677764 0.790286317836 21.5440882319 
10.1191669765 0.169209845377 0.416798735993 0.0581069619677 0.0714601786947 0.107705071604 0.701805879968 0.0540372253084 0.0436904612478 0.704999848615 1.93970826835 0.294984741755 3.37789200901 
10.4107572653 0.148278007097 0.386900439521 0.00874053693636 0.00262695097028 0.0839924052921 0.419334910226 -0.599545531923 -0.138799902382 0.0669171960483 4.5711123367 0.298305414093 14.9515181823 
10.5224561513 0.420199173353 0.125457319247 0.0563862531236 0.314725100434 0.0233449802033 0.106221806342 -1.6308107345 0.4 0.0494879925718 7.64173229805 0.455866596763 20.3469304953 
10.1614726177 0.194172236815 0.041157836882 0.0575903583624 0.0271239636906 0.0894201663616 0.51897731613 -1.44919295397 -0.453695291907 0.282209557575 1.13848095868 0.833710743854 5.29617372966 
10.2115666918 0.0305810376471 0.129974533268 0.146235626139 0.0315532152461 0.0325021856407 0.435546407071 -0.126093793266 0.4 0.19912311536 7.8177384597 0.669855488516 1.8428907501 
10.9041944627 0.179584261192 0.134809073589 0.399881270403 0.218143265086 0.0589124673877 0.739763757296 -1.15602258542 -0.0941570526829 0.623665040823 7.17007225751 0.931688055863 19.1749312526 
10.8361324053 0.0816356951007 0.0945444946742 0.0183950972275 0.0771352646926 0.688734942121 0.333869106579 -0.0190807202637 -0.112382715881 0.183200550181 9.31692422569 0.780034906319 10.8344226175 
10.0921198177 0.146449475201 0.202528508253 0.199237659549 0.115929927924 0.237328013663 0.391758633442 -1.76838323391 0.4 0.301076399933 4.56103364629 0.757989895589 10.8454692247 
