# Luminosity-independent conversion factors from MIPS 24micron, PACS 70micron,
# PACS 100micron, and PACS 160micron to L_IR(8-1000micron) based on the 
# Wuyts et al. (2008) template.
#
# Method:
# L_IR [Lsun] = fac_<band>(redshift) * flux [milliJy]
#
#
# Redshift fac_MIPS24um fac_PACS70um fac_PACS100um fac_PACS160um
0.0100000  42410604.  4638124.6  3769610.5  4739799.2
0.0200000  1.7536460e+08  18815997.  15191285.  18851440.
0.0300000  4.0769019e+08  42932996.  34440994.  42182956.
0.0400000  7.4852978e+08  77391540.  61703605.  74593722.
0.0500000  1.2073138e+09  1.2260207e+08  97173007.  1.1595557e+08
0.0600000  1.7937540e+09  1.7897761e+08  1.4104833e+08  1.6614938e+08
0.0700000  2.5178410e+09  2.4694092e+08  1.9353734e+08  2.2507241e+08
0.0800000  3.3899329e+09  3.2691689e+08  2.5484907e+08  2.9262480e+08
0.0900000  4.4205859e+09  4.1935344e+08  3.2519850e+08  3.6872980e+08
0.100000  5.6203721e+09  5.2469447e+08  4.0480075e+08  4.5332026e+08
0.110000  6.9994642e+09  6.4338987e+08  4.9387660e+08  5.4634439e+08
0.120000  8.5682945e+09  7.7591824e+08  5.9263558e+08  6.4778174e+08
0.130000  1.0337293e+10  9.2275139e+08  7.0130646e+08  7.5759005e+08
0.140000  1.2317010e+10  1.0843709e+09  8.2010694e+08  8.7578549e+08
0.150000  1.4518130e+10  1.2612887e+09  9.4926837e+08  1.0023715e+09
0.160000  1.6951482e+10  1.4539985e+09  1.0890122e+09  1.1373311e+09
0.170000  1.9627606e+10  1.6630341e+09  1.2395696e+09  1.2806687e+09
0.180000  2.2558255e+10  1.8889355e+09  1.4011789e+09  1.4324169e+09
0.190000  2.5755005e+10  2.1322074e+09  1.5740492e+09  1.5925840e+09
0.200000  2.9229278e+10  2.3934227e+09  1.7584585e+09  1.7612061e+09
0.210000  3.2992203e+10  2.6731104e+09  1.9546701e+09  1.9383124e+09
0.220000  3.7055369e+10  2.9718371e+09  2.1629356e+09  2.1239547e+09
0.230000  4.1430367e+10  3.2901911e+09  2.3835518e+09  2.3181399e+09
0.240000  4.6129042e+10  3.6286931e+09  2.6167627e+09  2.5209226e+09
0.250000  5.1163159e+10  3.9879845e+09  2.8628728e+09  2.7323269e+09
0.260000  5.6547626e+10  4.3685915e+09  3.1221590e+09  2.9524015e+09
0.270000  6.2292690e+10  4.7710745e+09  3.3948868e+09  3.1811988e+09
0.280000  6.8411397e+10  5.1960933e+09  3.6812950e+09  3.4187814e+09
0.290000  7.4918261e+10  5.6442797e+09  3.9817105e+09  3.6651869e+09
0.300000  8.1824155e+10  6.1161442e+09  4.2963741e+09  3.9204660e+09
0.310000  8.9145932e+10  6.6123823e+09  4.6256242e+09  4.1847034e+09
0.320000  9.6896217e+10  7.1337344e+09  4.9697497e+09  4.4579018e+09
0.330000  1.0509436e+11  7.6808455e+09  5.3289930e+09  4.7401323e+09
0.340000  1.1376208e+11  8.2542593e+09  5.7036865e+09  5.0314506e+09
0.350000  1.2292475e+11  8.8548923e+09  6.0941712e+09  5.3319895e+09
0.360000  1.3260741e+11  9.4833497e+09  6.5006170e+09  5.6417394e+09
0.370000  1.4283367e+11  1.0140454e+10  6.9233526e+09  5.9607596e+09
0.380000  1.5362844e+11  1.0826959e+10  7.3626088e+09  6.2891680e+09
0.390000  1.6500479e+11  1.1543679e+10  7.8186177e+09  6.6269912e+09
0.400000  1.7696924e+11  1.2291449e+10  8.2916827e+09  6.9744248e+09
0.410000  1.8950554e+11  1.3071259e+10  8.7820238e+09  7.3313264e+09
0.420000  2.0260485e+11  1.3883764e+10  9.2898494e+09  7.6980348e+09
0.430000  2.1625129e+11  1.4730010e+10  9.8154374e+09  8.0746946e+09
0.440000  2.3041378e+11  1.5610755e+10  1.0358972e+10  8.4611956e+09
0.450000  2.4508472e+11  1.6526878e+10  1.0920631e+10  8.8580040e+09
0.460000  2.6028252e+11  1.7479407e+10  1.1500767e+10  9.2649340e+09
0.470000  2.7600423e+11  1.8469386e+10  1.2099812e+10  9.6824113e+09
0.480000  2.9225170e+11  1.9497616e+10  1.2717737e+10  1.0110438e+10
0.490000  3.0900336e+11  2.0565109e+10  1.3354838e+10  1.0549089e+10
0.500000  3.2618332e+11  2.1673144e+10  1.4011604e+10  1.0998413e+10
0.510000  3.4365523e+11  2.2822630e+10  1.4688084e+10  1.1458669e+10
0.520000  3.6135293e+11  2.4014407e+10  1.5384652e+10  1.1929799e+10
0.530000  3.7927347e+11  2.5249336e+10  1.6101874e+10  1.2412094e+10
0.540000  3.9750098e+11  2.6529007e+10  1.6839881e+10  1.2905722e+10
0.550000  4.1613636e+11  2.7854442e+10  1.7599187e+10  1.3410498e+10
0.560000  4.3519792e+11  2.9226325e+10  1.8380053e+10  1.3926757e+10
0.570000  4.5455131e+11  3.0645985e+10  1.9182839e+10  1.4454826e+10
0.580000  4.7393413e+11  3.2114287e+10  2.0008119e+10  1.4994487e+10
0.590000  4.9292099e+11  3.3632696e+10  2.0856168e+10  1.5545963e+10
0.600000  5.1111279e+11  3.5202484e+10  2.1727754e+10  1.6109513e+10
0.610000  5.2818679e+11  3.6824349e+10  2.2622644e+10  1.6685137e+10
0.620000  5.4432778e+11  3.8500304e+10  2.3541568e+10  1.7273057e+10
0.630000  5.5996268e+11  4.0230619e+10  2.4484696e+10  1.7873136e+10
0.640000  5.7564203e+11  4.2016735e+10  2.5452749e+10  1.8486022e+10
0.650000  5.9177860e+11  4.3860569e+10  2.6445600e+10  1.9111278e+10
0.660000  6.0872564e+11  4.5763605e+10  2.7463788e+10  1.9749354e+10
0.670000  6.2647434e+11  4.7726149e+10  2.8507903e+10  2.0400488e+10
0.680000  6.4509175e+11  4.9750563e+10  2.9577940e+10  2.1064763e+10
0.690000  6.6453671e+11  5.1837621e+10  3.0674935e+10  2.1741786e+10
0.700000  6.8477829e+11  5.3990176e+10  3.1799067e+10  2.2432389e+10
0.710000  7.0579449e+11  5.6208412e+10  3.2950933e+10  2.3136189e+10
0.720000  7.2748764e+11  5.8494917e+10  3.4130281e+10  2.3853583e+10
0.730000  7.4975205e+11  6.0850112e+10  3.5338799e+10  2.4584690e+10
0.740000  7.7244676e+11  6.3277342e+10  3.6575649e+10  2.5329304e+10
0.750000  7.9534975e+11  6.5777120e+10  3.7842159e+10  2.6087991e+10
0.760000  8.1816249e+11  6.8351934e+10  3.9138083e+10  2.6860318e+10
0.770000  8.4052510e+11  7.1003210e+10  4.0464167e+10  2.7646524e+10
0.780000  8.6202498e+11  7.3732710e+10  4.1820485e+10  2.8446620e+10
0.790000  8.8212395e+11  7.6542259e+10  4.3208411e+10  2.9261259e+10
0.800000  9.0033578e+11  7.9434439e+10  4.4627305e+10  3.0090372e+10
0.810000  9.1667842e+11  8.2410562e+10  4.6077815e+10  3.0933331e+10
0.820000  9.3111507e+11  8.5473787e+10  4.7560221e+10  3.1790968e+10
0.830000  9.4341857e+11  8.8623622e+10  4.9075660e+10  3.2662771e+10
0.840000  9.5431166e+11  9.1864920e+10  5.0623820e+10  3.3550081e+10
0.850000  9.6548316e+11  9.5196748e+10  5.2204768e+10  3.4451659e+10
0.860000  9.7913482e+11  9.8624725e+10  5.3819722e+10  3.5368144e+10
0.870000  9.9689029e+11  1.0214698e+11  5.5469284e+10  3.6299762e+10
0.880000  1.0186027e+12  1.0576854e+11  5.7153088e+10  3.7246921e+10
0.890000  1.0436992e+12  1.0949061e+11  5.8871713e+10  3.8209227e+10
0.900000  1.0716896e+12  1.1331679e+11  6.0626573e+10  3.9187101e+10
0.910000  1.1026125e+12  1.1724680e+11  6.2417019e+10  4.0180295e+10
0.920000  1.1365821e+12  1.2128435e+11  6.4244256e+10  4.1188891e+10
0.930000  1.1732767e+12  1.2543063e+11  6.6108143e+10  4.2213905e+10
0.940000  1.2127050e+12  1.2968961e+11  6.8009676e+10  4.3253978e+10
0.950000  1.2548187e+12  1.3406317e+11  6.9949621e+10  4.4310335e+10
0.960000  1.2997813e+12  1.3855135e+11  7.1927210e+10  4.5383121e+10
0.970000  1.3474731e+12  1.4315710e+11  7.3945444e+10  4.6471879e+10
0.980000  1.3978721e+12  1.4788542e+11  7.6003282e+10  4.7577561e+10
0.990000  1.4507932e+12  1.5273503e+11  7.8101580e+10  4.8699069e+10
1.00000  1.5062668e+12  1.5770834e+11  8.0241242e+10  4.9838038e+10
1.01000  1.5639096e+12  1.6280927e+11  8.2424317e+10  5.0992895e+10
1.02000  1.6236370e+12  1.6803976e+11  8.4648939e+10  5.2165119e+10
1.03000  1.6854605e+12  1.7340172e+11  8.6917569e+10  5.3354447e+10
1.04000  1.7493614e+12  1.7889942e+11  8.9232107e+10  5.4561544e+10
1.05000  1.8152066e+12  1.8453252e+11  9.1590577e+10  5.5785171e+10
1.06000  1.8829761e+12  1.9030621e+11  9.3994870e+10  5.7026470e+10
1.07000  1.9523665e+12  1.9622090e+11  9.6446604e+10  5.8285662e+10
1.08000  2.0230343e+12  2.0228033e+11  9.8945338e+10  5.9562455e+10
1.09000  2.0945759e+12  2.0848842e+11  1.0149142e+11  6.0857060e+10
1.10000  2.1667053e+12  2.1484552e+11  1.0408748e+11  6.2170247e+10
1.11000  2.2390164e+12  2.2135561e+11  1.0673167e+11  6.3501729e+10
1.12000  2.3120242e+12  2.2802392e+11  1.0942620e+11  6.4851188e+10
1.13000  2.3865319e+12  2.3484772e+11  1.1217250e+11  6.6219726e+10
1.14000  2.4636895e+12  2.4183430e+11  1.1497055e+11  6.7606751e+10
1.15000  2.5447384e+12  2.4898280e+11  1.1781977e+11  6.9012219e+10
1.16000  2.6308441e+12  2.5630095e+11  1.2072316e+11  7.0437934e+10
1.17000  2.7230547e+12  2.6378437e+11  1.2368180e+11  7.1881736e+10
1.18000  2.8217298e+12  2.7144577e+11  1.2669404e+11  7.3345147e+10
1.19000  2.9269485e+12  2.7927693e+11  1.2976481e+11  7.4827833e+10
1.20000  3.0384384e+12  2.8729112e+11  1.3289076e+11  7.6329764e+10
1.21000  3.1559902e+12  2.9548856e+11  1.3607527e+11  7.7851926e+10
1.22000  3.2793859e+12  3.0386919e+11  1.3931896e+11  7.9393284e+10
1.23000  3.4085641e+12  3.1243948e+11  1.4262118e+11  8.0954847e+10
1.24000  3.5432821e+12  3.2119788e+11  1.4598564e+11  8.2535524e+10
1.25000  3.6834216e+12  3.3015394e+11  1.4941044e+11  8.4136717e+10
1.26000  3.8293056e+12  3.3930757e+11  1.5289610e+11  8.5758804e+10
1.27000  3.9809324e+12  3.4866139e+11  1.5644798e+11  8.7400263e+10
1.28000  4.1375090e+12  3.5821799e+11  1.6006197e+11  8.9062970e+10
1.29000  4.2981859e+12  3.6798482e+11  1.6374075e+11  9.0746148e+10
1.30000  4.4622797e+12  3.7795818e+11  1.6748569e+11  9.2448955e+10
1.31000  4.6293230e+12  3.8814900e+11  1.7129673e+11  9.4173374e+10
1.32000  4.7975600e+12  3.9855857e+11  1.7517524e+11  9.5919425e+10
1.33000  4.9645795e+12  4.0918261e+11  1.7912112e+11  9.7684979e+10
1.34000  5.1283289e+12  4.2003820e+11  1.8313738e+11  9.9472108e+10
1.35000  5.2866951e+12  4.3111361e+11  1.8722314e+11  1.0128215e+11
1.36000  5.4379255e+12  4.4241887e+11  1.9138156e+11  1.0311199e+11
1.37000  5.5808695e+12  4.5395879e+11  1.9561000e+11  1.0496428e+11
1.38000  5.7141041e+12  4.6572607e+11  1.9991255e+11  1.0683953e+11
1.39000  5.8366608e+12  4.7773753e+11  2.0428910e+11  1.0873634e+11
1.40000  5.9487949e+12  4.8999851e+11  2.0874129e+11  1.1065565e+11
1.41000  6.0503951e+12  5.0249471e+11  2.1326897e+11  1.1259746e+11
1.42000  6.1425788e+12  5.1523945e+11  2.1787667e+11  1.1456228e+11
1.43000  6.2273269e+12  5.2823782e+11  2.2255949e+11  1.1655012e+11
1.44000  6.3050148e+12  5.4148326e+11  2.2732598e+11  1.1856100e+11
1.45000  6.3770028e+12  5.5498769e+11  2.3217314e+11  1.2059439e+11
1.46000  6.4442348e+12  5.6875898e+11  2.3709866e+11  1.2265188e+11
1.47000  6.5073725e+12  5.8278239e+11  2.4210954e+11  1.2473297e+11
1.48000  6.5662822e+12  5.9707552e+11  2.4720894e+11  1.2683823e+11
1.49000  6.6212165e+12  6.1163054e+11  2.5239026e+11  1.2896656e+11
1.50000  6.6729753e+12  6.2646333e+11  2.5765866e+11  1.3111909e+11
1.51000  6.7222153e+12  6.4155722e+11  2.6301510e+11  1.3329700e+11
1.52000  6.7693209e+12  6.5693975e+11  2.6846284e+11  1.3549919e+11
1.53000  6.8145715e+12  6.7258771e+11  2.7400176e+11  1.3772445e+11
1.54000  6.8570220e+12  6.8853280e+11  2.7963040e+11  1.3997643e+11
1.55000  6.8958896e+12  7.0475375e+11  2.8535210e+11  1.4225272e+11
1.56000  6.9294974e+12  7.2125864e+11  2.9117297e+11  1.4455461e+11
1.57000  6.9566054e+12  7.3806255e+11  2.9708388e+11  1.4688278e+11
1.58000  6.9754204e+12  7.5516508e+11  3.0309747e+11  1.4923403e+11
1.59000  6.9849237e+12  7.7256890e+11  3.0920700e+11  1.5161425e+11
1.60000  6.9835433e+12  7.9026969e+11  3.1541334e+11  1.5401959e+11
1.61000  6.9707960e+12  8.0828729e+11  3.2172590e+11  1.5645004e+11
1.62000  6.9472321e+12  8.2661038e+11  3.2814173e+11  1.5890767e+11
1.63000  6.9133562e+12  8.4525232e+11  3.3466198e+11  1.6139256e+11
1.64000  6.8708285e+12  8.6420840e+11  3.4128782e+11  1.6390407e+11
1.65000  6.8217581e+12  8.8350034e+11  3.4802038e+11  1.6644371e+11
1.66000  6.7679832e+12  9.0310792e+11  3.5486081e+11  1.6901081e+11
1.67000  6.7114481e+12  9.2306146e+11  3.6181504e+11  1.7160319e+11
1.68000  6.6536025e+12  9.4335228e+11  3.6887963e+11  1.7422462e+11
1.69000  6.5960527e+12  9.6397905e+11  3.7606234e+11  1.7687444e+11
1.70000  6.5397474e+12  9.8494435e+11  3.8336133e+11  1.7955431e+11
1.71000  6.4852897e+12  1.0062684e+12  3.9077625e+11  1.8225958e+11
1.72000  6.4331782e+12  1.0279503e+12  3.9831184e+11  1.8499504e+11
1.73000  6.3848214e+12  1.0499840e+12  4.0596957e+11  1.8776084e+11
1.74000  6.3411712e+12  1.0723676e+12  4.1374545e+11  1.9055460e+11
1.75000  6.3036858e+12  1.0951225e+12  4.2165174e+11  1.9337974e+11
1.76000  6.2739948e+12  1.1182474e+12  4.2968648e+11  1.9623210e+11
1.77000  6.2526765e+12  1.1417351e+12  4.3784162e+11  1.9911605e+11
1.78000  6.2400299e+12  1.1655985e+12  4.4612804e+11  2.0203085e+11
1.79000  6.2371531e+12  1.1898457e+12  4.5454532e+11  2.0497301e+11
1.80000  6.2438953e+12  1.2144799e+12  4.6309498e+11  2.0794706e+11
1.81000  6.2602328e+12  1.2394825e+12  4.7178058e+11  2.1095592e+11
1.82000  6.2851919e+12  1.2648944e+12  4.8059954e+11  2.1399234e+11
1.83000  6.3189308e+12  1.2906799e+12  4.8955755e+11  2.1706103e+11
1.84000  6.3610030e+12  1.3168811e+12  4.9864749e+11  2.2016115e+11
1.85000  6.4111500e+12  1.3434608e+12  5.0787721e+11  2.2329280e+11
1.86000  6.4689898e+12  1.3704446e+12  5.1724824e+11  2.2645607e+11
1.87000  6.5340630e+12  1.3978537e+12  5.2676441e+11  2.2965406e+11
1.88000  6.6057934e+12  1.4256482e+12  5.3641560e+11  2.3288494e+11
1.89000  6.6834753e+12  1.4538548e+12  5.4621484e+11  2.3614468e+11
1.90000  6.7664674e+12  1.4824503e+12  5.5615889e+11  2.3943953e+11
1.91000  6.8546132e+12  1.5114820e+12  5.6625413e+11  2.4277075e+11
1.92000  6.9473237e+12  1.5409131e+12  5.7650223e+11  2.4613427e+11
1.93000  7.0436696e+12  1.5707586e+12  5.8689199e+11  2.4953014e+11
1.94000  7.1433593e+12  1.6010204e+12  5.9744275e+11  2.5295842e+11
1.95000  7.2463054e+12  1.6316861e+12  6.0814312e+11  2.5642254e+11
1.96000  7.3517683e+12  1.6627785e+12  6.1899979e+11  2.5992040e+11
1.97000  7.4596834e+12  1.6942922e+12  6.3002261e+11  2.6345441e+11
1.98000  7.5699471e+12  1.7262137e+12  6.4119666e+11  2.6702591e+11
1.99000  7.6819419e+12  1.7585589e+12  6.5253451e+11  2.7063037e+11
2.00000  7.7957991e+12  1.7913371e+12  6.6404075e+11  2.7427145e+11
2.01000  7.9113785e+12  1.8245179e+12  6.7571427e+11  2.7794564e+11
2.02000  8.0284247e+12  1.8581583e+12  6.8754469e+11  2.8165792e+11
2.03000  8.1468447e+12  1.8922028e+12  6.9956380e+11  2.8540725e+11
2.04000  8.2667936e+12  1.9266849e+12  7.1174301e+11  2.8919505e+11
2.05000  8.3878086e+12  1.9616317e+12  7.2410245e+11  2.9301639e+11
2.06000  8.5103334e+12  1.9969844e+12  7.3663445e+11  2.9687911e+11
2.07000  8.6344205e+12  2.0328045e+12  7.4934056e+11  3.0078085e+11
2.08000  8.7600861e+12  2.0690399e+12  7.6223571e+11  3.0471647e+11
2.09000  8.8879319e+12  2.1057363e+12  7.7530850e+11  3.0869546e+11
2.10000  9.0174058e+12  2.1428765e+12  7.8857086e+11  3.1270717e+11
2.11000  9.1491275e+12  2.1804802e+12  8.0201782e+11  3.1676407e+11
2.12000  9.2834664e+12  2.2185002e+12  8.1564751e+11  3.2085950e+11
2.13000  9.4202743e+12  2.2569948e+12  8.2947240e+11  3.2499362e+11
2.14000  9.5604418e+12  2.2959658e+12  8.4348345e+11  3.2917232e+11
2.15000  9.7038029e+12  2.3353737e+12  8.5769727e+11  3.3338572e+11
2.16000  9.8503952e+12  2.3752285e+12  8.7210082e+11  3.3764266e+11
2.17000  1.0001178e+13  2.4155513e+12  8.8671120e+11  3.4194045e+11
2.18000  1.0155741e+13  2.4563644e+12  9.0152279e+11  3.4628382e+11
2.19000  1.0314369e+13  2.4976477e+12  9.1652142e+11  3.5066234e+11
2.20000  1.0476855e+13  2.5393795e+12  9.3174503e+11  3.5508998e+11
2.21000  1.0642741e+13  2.5815818e+12  9.4716327e+11  3.5955458e+11
2.22000  1.0811445e+13  2.6242780e+12  9.6278590e+11  3.6406412e+11
2.23000  1.0982050e+13  2.6674109e+12  9.7862323e+11  3.6862051e+11
2.24000  1.1154368e+13  2.7110622e+12  9.9468176e+11  3.7321917e+11
2.25000  1.1327052e+13  2.7551979e+12  1.0109461e+12  3.7786358e+11
2.26000  1.1499479e+13  2.7998062e+12  1.0274177e+12  3.8254899e+11
2.27000  1.1671404e+13  2.8449119e+12  1.0440980e+12  3.8728228e+11
2.28000  1.1841582e+13  2.8904903e+12  1.0610026e+12  3.9205865e+11
2.29000  1.2010390e+13  2.9365538e+12  1.0781241e+12  3.9688172e+11
2.30000  1.2178822e+13  2.9831418e+12  1.0954737e+12  4.0175178e+11
2.31000  1.2347177e+13  3.0301629e+12  1.1130439e+12  4.0667087e+11
2.32000  1.2518573e+13  3.0777628e+12  1.1308263e+12  4.1163393e+11
2.33000  1.2693631e+13  3.1258085e+12  1.1488323e+12  4.1664475e+11
2.34000  1.2873285e+13  3.1743672e+12  1.1670737e+12  4.2170545e+11
2.35000  1.3059152e+13  3.2234112e+12  1.1855267e+12  4.2681450e+11
2.36000  1.3252940e+13  3.2729830e+12  1.2042133e+12  4.3197406e+11
2.37000  1.3457107e+13  3.3230399e+12  1.2231460e+12  4.3717871e+11
2.38000  1.3673124e+13  3.3735807e+12  1.2422892e+12  4.4243830e+11
2.39000  1.3901764e+13  3.4246496e+12  1.2616820e+12  4.4774347e+11
2.40000  1.4142982e+13  3.4762015e+12  1.2813157e+12  4.5310429e+11
2.41000  1.4398436e+13  3.5282660e+12  1.3011692e+12  4.5851118e+11
2.42000  1.4665589e+13  3.5808272e+12  1.3212723e+12  4.6397443e+11
2.43000  1.4946688e+13  3.6339001e+12  1.3416330e+12  4.6948422e+11
2.44000  1.5240938e+13  3.6874519e+12  1.3622296e+12  4.7505318e+11
2.45000  1.5550061e+13  3.7415299e+12  1.3830817e+12  4.8067553e+11
2.46000  1.5873817e+13  3.7961509e+12  1.4041975e+12  4.8634948e+11
2.47000  1.6211717e+13  3.8512311e+12  1.4255480e+12  4.9207527e+11
2.48000  1.6565028e+13  3.9068358e+12  1.4471723e+12  4.9785535e+11
2.49000  1.6933921e+13  3.9628953e+12  1.4690342e+12  5.0369669e+11
2.50000  1.7319242e+13  4.0195474e+12  1.4911872e+12  5.0958642e+11
2.51000  1.7720567e+13  4.0766691e+12  1.5135878e+12  5.1553597e+11
2.52000  1.8140590e+13  4.1343121e+12  1.5362641e+12  5.2154810e+11
2.53000  1.8577421e+13  4.1925307e+12  1.5592118e+12  5.2761645e+11
2.54000  1.9032710e+13  4.2512144e+12  1.5824118e+12  5.3373899e+11
2.55000  1.9506952e+13  4.3104167e+12  1.6059147e+12  5.3991835e+11
2.56000  1.9999334e+13  4.3701171e+12  1.6296737e+12  5.4615966e+11
2.57000  2.0509458e+13  4.4304108e+12  1.6537333e+12  5.5245856e+11
2.58000  2.1036103e+13  4.4912208e+12  1.6780597e+12  5.5881538e+11
2.59000  2.1577410e+13  4.5525456e+12  1.7026692e+12  5.6523790e+11
2.60000  2.2132742e+13  4.6143834e+12  1.7275485e+12  5.7172419e+11
2.61000  2.2701969e+13  4.6768147e+12  1.7527375e+12  5.7826967e+11
2.62000  2.3284607e+13  4.7397368e+12  1.7781922e+12  5.8487468e+11
2.63000  2.3879787e+13  4.8032312e+12  1.8039453e+12  5.9154473e+11
2.64000  2.4487814e+13  4.8672555e+12  1.8299909e+12  5.9827509e+11
2.65000  2.5108125e+13  4.9318300e+12  1.8563312e+12  6.0507405e+11
2.66000  2.5740192e+13  4.9969979e+12  1.8829513e+12  6.1193147e+11
2.67000  2.6382956e+13  5.0626711e+12  1.9098692e+12  6.1886116e+11
2.68000  2.7036070e+13  5.1289821e+12  1.9370869e+12  6.2584734e+11
2.69000  2.7698662e+13  5.1957966e+12  1.9646148e+12  6.3290683e+11
2.70000  2.8371634e+13  5.2632041e+12  1.9924464e+12  6.4003470e+11
2.71000  2.9051897e+13  5.3310880e+12  2.0205925e+12  6.4722579e+11
2.72000  2.9739718e+13  5.3996341e+12  2.0490101e+12  6.5448905e+11
2.73000  3.0432729e+13  5.4687493e+12  2.0777817e+12  6.6181639e+11
2.74000  3.1127804e+13  5.5385059e+12  2.1068279e+12  6.6921400e+11
2.75000  3.1824075e+13  5.6087828e+12  2.1361956e+12  6.7667646e+11
2.76000  3.2518065e+13  5.6796770e+12  2.1658871e+12  6.8421012e+11
2.77000  3.3210410e+13  5.7511642e+12  2.1958948e+12  6.9182158e+11
2.78000  3.3899329e+13  5.8233210e+12  2.2262206e+12  6.9949621e+11
2.79000  3.4584610e+13  5.8960205e+12  2.2568362e+12  7.0724355e+11
2.80000  3.5263916e+13  5.9693918e+12  2.2877825e+12  7.1506100e+11
2.81000  3.5938724e+13  6.0433575e+12  2.3190818e+12  7.2296168e+11
2.82000  3.6610202e+13  6.1179442e+12  2.3506854e+12  7.3092076e+11
2.83000  3.7280961e+13  6.1932066e+12  2.3825837e+12  7.3896746e+11
2.84000  3.7953508e+13  6.2690370e+12  2.4148406e+12  7.4706994e+11
2.85000  3.8632078e+13  6.3456286e+12  2.4474052e+12  7.5526126e+11
2.86000  3.9318291e+13  6.4227893e+12  2.4803001e+12  7.6352228e+11
2.87000  4.0018626e+13  6.5006313e+12  2.5135266e+12  7.7186348e+11
2.88000  4.0733582e+13  6.5790121e+12  2.5470976e+12  7.8027182e+11
2.89000  4.1468231e+13  6.6581626e+12  2.5809696e+12  7.8876137e+11
2.90000  4.2224474e+13  6.7379102e+12  2.6151772e+12  7.9733277e+11
2.91000  4.3006595e+13  6.8183135e+12  2.6497335e+12  8.0597255e+11
2.92000  4.3817442e+13  6.8993733e+12  2.6846284e+12  8.1469520e+11
2.93000  4.4657302e+13  6.9810901e+12  2.7198754e+12  8.2350141e+11
2.94000  4.5530654e+13  7.0634026e+12  2.7554278e+12  8.3238088e+11
2.95000  4.6434748e+13  7.1463717e+12  2.7913224e+12  8.4134131e+11
2.96000  4.7374059e+13  7.2300296e+12  2.8275727e+12  8.5038699e+11
2.97000  4.8348719e+13  7.3142492e+12  2.8641681e+12  8.5950727e+11
2.98000  4.9359904e+13  7.3991249e+12  2.9011097e+12  8.6871392e+11
2.99000  5.0407289e+13  7.4846896e+12  2.9384115e+12  8.7799220e+11
3.00000  5.1496346e+13  7.5707783e+12  2.9760624e+12  8.8736958e+11
3.01000  5.2623720e+13  7.6574537e+12  3.0140764e+12  8.9681166e+11
3.02000  5.3795618e+13  7.7448152e+12  3.0523884e+12  9.0635023e+11
3.03000  5.5009556e+13  7.8326918e+12  3.0911195e+12  9.1597014e+11
3.04000  5.6272384e+13  7.9211480e+12  3.1302046e+12  9.2567589e+11
3.05000  5.7580385e+13  8.0102514e+12  3.1696446e+12  9.3546805e+11
3.06000  5.8940529e+13  8.0998234e+12  3.2094970e+12  9.4534304e+11
3.07000  6.0348702e+13  8.1900014e+12  3.2496650e+12  9.5531807e+11
3.08000  6.1809518e+13  8.2806379e+12  3.2902345e+12  9.6537292e+11
3.09000  6.3320153e+13  8.3719097e+12  3.3311788e+12  9.7550789e+11
3.10000  6.4883950e+13  8.4635928e+12  3.3724993e+12  9.8574493e+11
3.11000  6.6499508e+13  8.5557915e+12  3.4142274e+12  9.9606753e+11
3.12000  6.8164871e+13  8.6485007e+12  3.4563200e+12  1.0064805e+12
3.13000  6.9881761e+13  8.7417538e+12  3.4988394e+12  1.0169846e+12
3.14000  7.1642839e+13  8.8353915e+12  3.5417263e+12  1.0275756e+12
3.15000  7.3452491e+13  8.9296400e+12  3.5850444e+12  1.0382724e+12
3.16000  7.5302562e+13  9.0242598e+12  3.6287488e+12  1.0490529e+12
3.17000  7.7197197e+13  9.1192413e+12  3.6728248e+12  1.0599314e+12
3.18000  7.9128032e+13  9.2146964e+12  3.7173218e+12  1.0709086e+12
3.19000  8.1100750e+13  9.3106191e+12  3.7622092e+12  1.0819805e+12
3.20000  8.3106952e+13  9.4069206e+12  3.8075216e+12  1.0931380e+12
3.21000  8.5154929e+13  9.5035085e+12  3.8531767e+12  1.1044106e+12
3.22000  8.7234598e+13  9.6005823e+12  3.8993106e+12  1.1157700e+12
3.23000  8.9354068e+13  9.6979235e+12  3.9457890e+12  1.1272264e+12
3.24000  9.1508153e+13  9.7956063e+12  3.9926987e+12  1.1387855e+12
3.25000  9.3696882e+13  9.8934040e+12  4.0400063e+12  1.1504480e+12
3.26000  9.5923217e+13  9.9916516e+12  4.0877488e+12  1.1621993e+12
3.27000  9.8180458e+13  1.0090121e+13  4.1358739e+12  1.1740499e+12
3.28000  1.0047978e+14  1.0188622e+13  4.1844001e+12  1.1860267e+12
3.29000  1.0280677e+14  1.0287316e+13  4.2333284e+12  1.1980887e+12
3.30000  1.0517701e+14  1.0386099e+13  4.2826971e+12  1.2102522e+12
3.31000  1.0756742e+14  1.0484772e+13  4.3323942e+12  1.2225123e+12
3.32000  1.0999814e+14  1.0583685e+13  4.3825525e+12  1.2348912e+12
3.33000  1.1243933e+14  1.0682311e+13  4.4331552e+12  1.2473790e+12
3.34000  1.1491250e+14  1.0780957e+13  4.4841058e+12  1.2599599e+12
3.35000  1.1740190e+14  1.0879271e+13  4.5355026e+12  1.2726509e+12
3.36000  1.1993838e+14  1.0977566e+13  4.5873072e+12  1.2854472e+12
3.37000  1.2252267e+14  1.1075484e+13  4.6394998e+12  1.2983550e+12
3.38000  1.2516814e+14  1.1173195e+13  4.6920801e+12  1.3113752e+12
3.39000  1.2788365e+14  1.1270532e+13  4.7450687e+12  1.3244910e+12
3.40000  1.3065405e+14  1.1367418e+13  4.7985082e+12  1.3377380e+12
3.41000  1.3350147e+14  1.1463979e+13  4.8522939e+12  1.3510759e+12
3.42000  1.3636243e+14  1.1560243e+13  4.9065315e+12  1.3645469e+12
3.43000  1.3923638e+14  1.1655985e+13  4.9611794e+12  1.3781158e+12
3.44000  1.4210286e+14  1.1751229e+13  5.0162155e+12  1.3917952e+12
3.45000  1.4495131e+14  1.1846107e+13  5.0716395e+12  1.4055981e+12
3.46000  1.4781075e+14  1.1940335e+13  5.1274731e+12  1.4195129e+12
3.47000  1.5064388e+14  1.2034202e+13  5.1837621e+12  1.4335466e+12
3.48000  1.5349018e+14  1.2127423e+13  5.2403928e+12  1.4476999e+12
3.49000  1.5630924e+14  1.2220131e+13  5.2974793e+12  1.4619673e+12
3.50000  1.5912416e+14  1.2312196e+13  5.3548820e+12  1.4763428e+12
3.51000  1.6192362e+14  1.2403702e+13  5.4127640e+12  1.4908532e+12
3.52000  1.6469854e+14  1.2494515e+13  5.4710555e+12  1.5054864e+12
3.53000  1.6748128e+14  1.2584723e+13  5.5297318e+12  1.5202431e+12
3.54000  1.7022206e+14  1.2674357e+13  5.5887920e+12  1.5351176e+12
3.55000  1.7298793e+14  1.2763228e+13  5.6482349e+12  1.5500967e+12
3.56000  1.7573236e+14  1.2851424e+13  5.7080844e+12  1.5652289e+12
3.57000  1.7851014e+14  1.2939149e+13  5.7684161e+12  1.5804810e+12
3.58000  1.8130953e+14  1.3025986e+13  5.8290526e+12  1.5958537e+12
3.59000  1.8411319e+14  1.3112312e+13  5.8901455e+12  1.6113618e+12
3.60000  1.8695035e+14  1.3197876e+13  5.9516434e+12  1.6269919e+12
3.61000  1.8977705e+14  1.3282949e+13  6.0135192e+12  1.6427593e+12
3.62000  1.9262027e+14  1.3367396e+13  6.0757983e+12  1.6586504e+12
3.63000  1.9544255e+14  1.3451257e+13  6.1385335e+12  1.6746657e+12
3.64000  1.9821127e+14  1.3534515e+13  6.2015625e+12  1.6908208e+12
3.65000  2.0094596e+14  1.3617331e+13  6.2650736e+12  1.7071318e+12
3.66000  2.0358958e+14  1.3699632e+13  6.3290683e+12  1.7235472e+12
3.67000  2.0618375e+14  1.3781703e+13  6.3933516e+12  1.7400974e+12
3.68000  2.0867621e+14  1.3863292e+13  6.4580893e+12  1.7568066e+12
3.69000  2.1108938e+14  1.3944629e+13  6.5232247e+12  1.7736217e+12
3.70000  2.1341326e+14  1.4025765e+13  6.5887277e+12  1.7906056e+12
3.71000  2.1568599e+14  1.4106816e+13  6.6547130e+12  1.8076966e+12
3.72000  2.1790155e+14  1.4187774e+13  6.7210640e+12  1.8249507e+12
3.73000  2.2006448e+14  1.4268508e+13  6.7878977e+12  1.8423452e+12
3.74000  2.2215910e+14  1.4349575e+13  6.8550949e+12  1.8598810e+12
3.75000  2.2420767e+14  1.4430469e+13  6.9227749e+12  1.8775589e+12
3.76000  2.2620458e+14  1.4511437e+13  6.9908161e+12  1.8953716e+12
3.77000  2.2815515e+14  1.4592218e+13  7.0593399e+12  1.9133281e+12
3.78000  2.3006493e+14  1.4672997e+13  7.1282224e+12  1.9314632e+12
3.79000  2.3192855e+14  1.4753641e+13  7.1975874e+12  1.9497017e+12
3.80000  2.3374464e+14  1.4834337e+13  7.2673082e+12  1.9681210e+12
3.81000  2.3552116e+14  1.4914623e+13  7.3375110e+12  1.9866620e+12
3.82000  2.3724553e+14  1.4994684e+13  7.4081642e+12  2.0053689e+12
3.83000  2.3893845e+14  1.5074514e+13  7.4793006e+12  2.0242252e+12
3.84000  2.4057265e+14  1.5154169e+13  7.5508217e+12  2.0432319e+12
3.85000  2.4216377e+14  1.5233175e+13  7.6227923e+12  2.0623900e+12
3.86000  2.4370013e+14  1.5311786e+13  7.6952123e+12  2.0817002e+12
3.87000  2.4519776e+14  1.5389856e+13  7.7681498e+12  2.1011543e+12
3.88000  2.4666019e+14  1.5467237e+13  7.8415031e+12  2.1207623e+12
3.89000  2.4809646e+14  1.5543984e+13  7.9152710e+12  2.1405250e+12
3.90000  2.4950494e+14  1.5619944e+13  7.9894521e+12  2.1604719e+12
3.91000  2.5088394e+14  1.5695243e+13  8.0641513e+12  2.1805473e+12
3.92000  2.5223069e+14  1.5769518e+13  8.1392987e+12  2.2007995e+12
3.93000  2.5353455e+14  1.5843033e+13  8.2148939e+12  2.2212203e+12
3.94000  2.5480598e+14  1.5915561e+13  8.2910090e+12  2.2417616e+12
3.95000  2.5603431e+14  1.5987298e+13  8.3674252e+12  2.2624929e+12
3.96000  2.5722111e+14  1.6058019e+13  8.4444715e+12  2.2833458e+12
3.97000  2.5835100e+14  1.6128132e+13  8.5218156e+12  2.3044009e+12
3.98000  2.5943913e+14  1.6197412e+13  8.5997925e+12  2.3256094e+12
3.99000  2.6049065e+14  1.6266061e+13  8.6781018e+12  2.3469924e+12
4.00000  2.6152576e+14  1.6334069e+13  8.7568934e+12  2.3684888e+12
4.01000  2.6252694e+14  1.6401497e+13  8.8362452e+12  2.3901926e+12
4.02000  2.6350995e+14  1.6468479e+13  8.9159636e+12  2.4120635e+12
4.03000  2.6446064e+14  1.6534792e+13  8.9961246e+12  2.4340598e+12
4.04000  2.6538679e+14  1.6600933e+13  9.0768868e+12  2.4562565e+12
4.05000  2.6629513e+14  1.6666388e+13  9.1580119e+12  2.4785904e+12
4.06000  2.6718310e+14  1.6731880e+13  9.2395781e+12  2.5011274e+12
4.07000  2.6804814e+14  1.6796892e+13  9.3217480e+12  2.5237917e+12
4.08000  2.6887464e+14  1.6861935e+13  9.4042769e+12  2.5466726e+12
4.09000  2.6965040e+14  1.6926486e+13  9.4872447e+12  2.5696819e+12
4.10000  2.7035239e+14  1.6991135e+13  9.5707764e+12  2.5928535e+12
4.11000  2.7096933e+14  1.7055431e+13  9.6547044e+12  2.6162456e+12
4.12000  2.7151373e+14  1.7119820e+13  9.7391972e+12  2.6397791e+12
4.13000  2.7194215e+14  1.7183698e+13  9.8241275e+12  2.6634776e+12
4.14000  2.7230547e+14  1.7247587e+13  9.9094066e+12  2.6873534e+12
4.15000  2.7253877e+14  1.7311409e+13  9.9952944e+12  2.7114075e+12
4.16000  2.7272197e+14  1.7375315e+13  1.0081617e+13  2.7356288e+12
4.17000  2.7282619e+14  1.7438921e+13  1.0168416e+13  2.7600423e+12
4.18000  2.7292926e+14  1.7502759e+13  1.0255693e+13  2.7845880e+12
4.19000  2.7302517e+14  1.7566831e+13  1.0343538e+13  2.8093521e+12
4.20000  2.7317149e+14  1.7631138e+13  1.0431722e+13  2.8342865e+12
4.21000  2.7334071e+14  1.7695680e+13  1.0520519e+13  2.8593795e+12
4.22000  2.7357490e+14  1.7760927e+13  1.0609747e+13  2.8846820e+12
4.23000  2.7385138e+14  1.7826727e+13  1.0699449e+13  2.9101700e+12
4.24000  2.7419076e+14  1.7893006e+13  1.0789577e+13  2.9358059e+12
4.25000  2.7460290e+14  1.7960479e+13  1.0880179e+13  2.9616676e+12
4.26000  2.7506640e+14  1.8028523e+13  1.0971396e+13  2.9876653e+12
4.27000  2.7560451e+14  1.8097540e+13  1.1063038e+13  3.0139044e+12
4.28000  2.7618248e+14  1.8167618e+13  1.1155348e+13  3.0402805e+12
4.29000  2.7681514e+14  1.8238770e+13  1.1247884e+13  3.0668874e+12
4.30000  2.7749313e+14  1.8310682e+13  1.1341089e+13  3.0936320e+12
4.31000  2.7822410e+14  1.8383686e+13  1.1434714e+13  3.1206236e+12
4.32000  2.7899129e+14  1.8457710e+13  1.1528910e+13  3.1477539e+12
4.33000  2.7979255e+14  1.8532846e+13  1.1623626e+13  3.1751201e+12
4.34000  2.8061090e+14  1.8609023e+13  1.1718915e+13  3.2026398e+12
4.35000  2.8145265e+14  1.8686088e+13  1.1814673e+13  3.2303981e+12
4.36000  2.8230437e+14  1.8764461e+13  1.1910848e+13  3.2582967e+12
4.37000  2.8314996e+14  1.8844073e+13  1.2007647e+13  3.2864507e+12
4.38000  2.8398686e+14  1.8924687e+13  1.2105074e+13  3.3147898e+12
4.39000  2.8479871e+14  1.9006315e+13  1.2202969e+13  3.3432851e+12
4.40000  2.8558028e+14  1.9088965e+13  1.2301440e+13  3.3720254e+12
4.41000  2.8632751e+14  1.9172648e+13  1.2400379e+13  3.4009082e+12
4.42000  2.8704519e+14  1.9257121e+13  1.2499949e+13  3.4300384e+12
4.43000  2.8773180e+14  1.9342051e+13  1.2600153e+13  3.4593877e+12
4.44000  2.8838713e+14  1.9427611e+13  1.2700769e+13  3.4889268e+12
4.45000  2.8899952e+14  1.9513464e+13  1.2802020e+13  3.5186100e+12
4.46000  2.8959413e+14  1.9599525e+13  1.2903908e+13  3.5485614e+12
4.47000  2.9017213e+14  1.9685619e+13  1.3006207e+13  3.5787048e+12
4.48000  2.9074745e+14  1.9771918e+13  1.3109145e+13  3.6090567e+12
4.49000  2.9133670e+14  1.9858508e+13  1.3212723e+13  3.6396181e+12
4.50000  2.9194766e+14  1.9945477e+13  1.3316769e+13  3.6703899e+12
4.51000  2.9258047e+14  2.0032827e+13  1.3421398e+13  3.7013731e+12
4.52000  2.9323396e+14  2.0120559e+13  1.3526731e+13  3.7325523e+12
4.53000  2.9392376e+14  2.0209297e+13  1.3632650e+13  3.7640107e+12
4.54000  2.9464753e+14  2.0298694e+13  1.3738977e+13  3.7956175e+12
4.55000  2.9541460e+14  2.0389023e+13  1.3846011e+13  3.8274224e+12
4.56000  2.9621619e+14  2.0480654e+13  1.3953634e+13  3.8595109e+12
4.57000  2.9706692e+14  2.0573239e+13  1.4061723e+13  3.8917658e+12
4.58000  2.9794888e+14  2.0667150e+13  1.4170400e+13  3.9242730e+12
4.59000  2.9886364e+14  2.0762310e+13  1.4279792e+13  3.9569996e+12
4.60000  2.9980228e+14  2.0858825e+13  1.4389776e+13  3.9899466e+12
4.61000  3.0075971e+14  2.0956432e+13  1.4500224e+13  4.0231149e+12
4.62000  3.0173346e+14  2.1055329e+13  1.4611071e+13  4.0565055e+12
4.63000  3.0271036e+14  2.1155528e+13  1.4722572e+13  4.0901013e+12
4.64000  3.0369042e+14  2.1257511e+13  1.4834728e+13  4.1239211e+12
4.65000  3.0466027e+14  2.1360830e+13  1.4947147e+13  4.1579657e+12
4.66000  3.0561711e+14  2.1466443e+13  1.5060353e+13  4.1922914e+12
4.67000  3.0656754e+14  2.1574378e+13  1.5173816e+13  4.2267890e+12
4.68000  3.0748715e+14  2.1684474e+13  1.5287865e+13  4.2615518e+12
4.69000  3.0838650e+14  2.1796855e+13  1.5402162e+13  4.2965628e+12
4.70000  3.0927626e+14  2.1912032e+13  1.5517110e+13  4.3317854e+12
4.71000  3.1012091e+14  2.2030333e+13  1.5632709e+13  4.3672391e+12
4.72000  3.1095421e+14  2.2151121e+13  1.5748478e+13  4.4029250e+12
4.73000  3.1176921e+14  2.2275311e+13  1.5864617e+13  4.4388245e+12
4.74000  3.1254516e+14  2.2402459e+13  1.5981261e+13  4.4749774e+12
4.75000  3.1331479e+14  2.2533203e+13  1.6098197e+13  4.5113455e+12
4.76000  3.1406838e+14  2.2666602e+13  1.6215633e+13  4.5480092e+12
4.77000  3.1479751e+14  2.2803694e+13  1.6333423e+13  4.5848500e+12
4.78000  3.1552418e+14  2.2943530e+13  1.6451347e+13  4.6219892e+12
4.79000  3.1625670e+14  2.3086453e+13  1.6569685e+13  4.6593475e+12
4.80000  3.1697699e+14  2.3232614e+13  1.6688654e+13  4.6969045e+12
4.81000  3.1769055e+14  2.3381343e+13  1.6807740e+13  4.7347435e+12
4.82000  3.1840572e+14  2.3532988e+13  1.6927006e+13  4.7728245e+12
4.83000  3.1908746e+14  2.3687281e+13  1.7046819e+13  4.8111483e+12
4.84000  3.1974258e+14  2.3844261e+13  1.7166802e+13  4.8496308e+12
4.85000  3.2035823e+14  2.4003651e+13  1.7287401e+13  4.8884211e+12
4.86000  3.2092151e+14  2.4165699e+13  1.7408083e+13  4.9274783e+12
4.87000  3.2142790e+14  2.4330337e+13  1.7529068e+13  4.9667604e+12
4.88000  3.2188843e+14  2.4497818e+13  1.7650429e+13  5.0062677e+12
4.89000  3.2229158e+14  2.4667752e+13  1.7771928e+13  5.0460449e+12
4.90000  3.2264989e+14  2.4840610e+13  1.7893949e+13  5.0860488e+12
4.91000  3.2295753e+14  2.5016547e+13  1.8016096e+13  5.1263248e+12
4.92000  3.2321720e+14  2.5195390e+13  1.8138280e+13  5.1668971e+12
4.93000  3.2343445e+14  2.5377406e+13  1.8261052e+13  5.2076532e+12
4.94000  3.2361633e+14  2.5562758e+13  1.8383928e+13  5.2486386e+12
4.95000  3.2377555e+14  2.5751386e+13  1.8507062e+13  5.2899002e+12
4.96000  3.2390782e+14  2.5943571e+13  1.8630448e+13  5.3313924e+12
4.97000  3.2403587e+14  2.6138567e+13  1.8753915e+13  5.3731393e+12
4.98000  3.2417252e+14  2.6337343e+13  1.8877703e+13  5.4151418e+12
4.99000  3.2430922e+14  2.6539145e+13  1.9001474e+13  5.4573767e+12
5.00000  3.2445881e+14  2.6744608e+13  1.9125552e+13  5.4999651e+12
